#{"t_start": 1700644600.068403, "env_id": "None"}
r,l,t
1274.319069,59,46.613
172.005791,56,46.878
1233.870449,61,47.164
1194.130473,51,47.408
202.588624,66,47.708
1182.210783,44,47.93
1226.814142,53,48.184
1180.448052,42,48.392
234.755723,73,48.708001
183.557399,69,49.022
243.670266,73,49.347002
1211.589714,61,49.64
1168.020598,50,49.887002
189.02117,64,50.181
210.368499,74,50.514
192.669742,61,50.806
159.900596,54,51.061
1167.275363,42,51.274
212.779548,62,51.553
170.563693,64,51.859
195.735106,70,52.174
1234.722244,57,52.436
1200.843591,48,52.67
211.595555,70,52.989
53.380127,34,53.199
184.798929,59,53.519
1144.634403,36,53.711001
1240.788894,65,54.009
179.247027,83,54.382
1273.767223,61,54.685
1141.840155,36,54.878002
1171.125656,42,55.092
173.565674,70,55.407
196.155294,64,55.697
231.045324,69,56.03
1194.778696,46,56.262
1169.136059,42,56.475
226.094928,69,56.78
173.558343,57,57.053
1238.510815,56,57.33
180.792038,70,57.646
1252.620066,57,57.933002
1181.235696,46,58.161
230.534862,70,58.515002
1156.209507,32,58.69
204.466966,62,58.986
168.806549,57,59.263
213.860974,63,59.548002
1209.06966,49,59.783
199.581831,77,60.154
214.858038,71,60.509
1213.232498,47,60.734
1227.072939,53,60.99500159.355736,58,77.085999
1290.267101,77,78.273
1148.798834,49,78.953
1270.180434,61,79.799
1124.879972,49,80.512
123.970865,62,81.430001
1295.000782,75,82.520999
1234.955086,59,83.355001
1329.593237,69,84.407
1248.513273,51,85.140001
1164.865673,50,85.869001
1196.190909,54,86.722999
1158.67971,52,87.457
1193.356912,45,88.045002
187.095455,61,89.009002
1128.273631,63,89.891065
1313.403178,69,90.839001
187.470941,61,91.676001
1156.696249,46,92.345999
82.240767,45,95.971879
1210.105658,63,96.863878
193.756264,61,97.72188
1177.284738,43,98.380879
1264.892508,60,99.287881
1155.041097,46,99.949879
1249.789821,53,100.70788
1198.242945,54,101.542879
149.663154,63,102.431879
65.832478,49,103.136881
1181.092814,62,104.05488
1248.570886,56,104.813879
1169.174131,60,105.671879
1262.296997,71,106.809879
1157.945564,42,107.345879
1203.236158,75,108.483879
1168.14149,37,109.04388
1245.69069,66,109.98988
1169.552442,47,110.689884
1220.991655,52,111.42188
79.573762,52,112.14188
1246.003538,60,112.986879
1251.369519,67,113.900881
1234.189266,63,120.843879
199.515091,60,121.144881
164.621579,64,121.458879
1253.362832,59,121.752879
186.03775,77,122.126921
1233.114952,63,122.420879
1114.807006,32,122.597879
107.507224,58,122.865879
183.696566,61,123.15788
218.727374,70,123.47781294.58794,62,153.443879
155.469981,58,154.306879
1214.984481,45,154.941879
1291.738048,80,159.066879
1245.85283,54,159.816879
1193.009313,55,160.650879
220.421521,65,161.59088
79.00277,48,162.307879
116.220773,46,162.956879
1214.555481,49,163.62688
1171.720251,50,164.345879
162.772797,51,165.074881
1201.935925,64,165.96688
1246.151137,52,166.76688
37.7323071308.601397,67,11303.9159211232.200009,66,11140.9388191298.478014,68,11221.4979521190.926055,52,1140.727602,60.81276.0212341184.1821222.635129,60,171.1208.377153.874565,70,172.416881
1159.99158.332454,484.0860123.8671306.922899,67,174.168.4886227.04502,1269.4121312.413704,65,175.221.484-25.214162.249141,643.6987105.9971243.5667621153.4571245.4831194.5536031172.6341156.3821144.3813881242.421120.77661141.247201210.542552,70,181160.0812678.122831231.660614,54,111206.64781249.6828212261279122.9561309.563389,74,11608.931647,53,184.0412081105.958982,541306.797786,6187.860242,68,185.796879
1183.055772,50175.266204,60209.45318,72,187.544879
1249.8434,56,191.233879
234.016859,65,192.17988
1290.666687,59,193.019879
194.613993,65,193.925879
182.664391,63,194.884883
85.115564,62,195.754881
1308.567525,74,196.74688
186.287867,63,197.641881
213.849206,65,198.584879
1226.193711,64,199.428879
1156.766248,56,200.222881
206.576403,64,201.15288
1180.560176,45,201.758879
1143.065776,66,234.207879
1302.031018,77,235.283881
1238.518926,57,236.038879
1171.054753,52,236.861881
1241.780401,59,237.75988
1286.588381,60,238.654879
72.323077,50,239.35988
1276.642573,58,240.129879
105.003782,57,241.000879
1316.162621,71,241.959879
1155.399522,48,242.664879
81.243043,48,243.320881
119.35666,59,244.090879
219.765555,66,245.035879
1278.814204,75,246.13288
1136.589614,34,246.68588
1098.450452,62,247.57488
1211.59127,61,248.479879
1190.222003,47,249.186879
1302.787111,64,250.130879
204.84512,73,251.13588
139.197893,60,254.994881
1249.161677,68,255.918882
116.527091,54,256.678881
63.959133,46,257.345879
1162.483329,54,258.173879
1252.764851,65,259.086879
1304.86943,73,260.052881
22.851994,34,260.620879
186.245822,64,261.518879
1267.55328,54,262.289879
1288.545953,68,263.354879
56.484532,41,263.907879
114.103431,64,264.822881
1184.41843,47,265.571879
164.860599,64,266.453882
1234.319822,55,267.223881
195.053003,63,268.129879
164.696619,57,269.01688
1295.04619,73,270.088879
1251.045306,64,270.991879
206.826318,68,271.922879
1269.957977,64,272.840879
1313.970136,65,273.737879
161.297925,67,274.696879
182.885376,70,275.761879
3.758375,50,276.504881
1216.139272,48,277.163879
1276.712835,66,278.129879
203.822395,64,279.13088
238.022481,72,311.497879
1144.3312,39,312.10988
59.262027,40,312.64788
1256.200609,54,313.433879
1215.914163,52,314.160881
163.002255,62,315.009881
1107.824182,73,318.955879
1242.974722,59,319.84088
119.1449,44,320.46588
120.712757,60,321.33188
1220.891393,51,322.077879
77.83381,46,322.757879
164.339927,66,323.680879
1239.025447,66,324.626881
1192.851407,53,325.387879
112.739156,69,326.39188
1324.410174,75,327.515879
210.209663,62,328.389879
156.845462,72,329.370879
232.885497,64,330.313879
203.5814,61,331.111879
1225.603362,60,331.950879
1212.483003,53,332.732879
1242.150571,58,333.561881
109.309645,47,334.241879
136.77211,60,335.036879
1251.224995,62,335.925881
1168.047318,55,336.735879
1293.299817,60,337.615882
1150.783894,69,338.60188
1193.909987,50,339.363881
1181.724532,53,340.07888
1281.882637,64,341.029881
1189.89228,53,341.755879
1314.896748,64,342.669882
1277.347944,64,343.643879
201.187413,76,344.732879
189.835795,67,345.721879
1289.379826,71,346.783879
126.569416,56,347.68388
1195.829357,58,351.452879
1275.576276,68,352.419879
73.298683,54,353.236879
1295.248241,72,354.285879
1178.832183,50,355.016879
117.677185,52,355.83288
1348.824554,67,356.820881
236.882859,73,357.886881
98.97209,55,358.736879
1267.747278,57,359.620879
128.509282,54,360.426879
1270.167214,67,392.757879
88.073681,63,393.78588
1189.460975,47,394.492879
1171.581076,45,395.210879
1129.424457,53,395.986879
1301.075034,74,397.173879
1212.115868,53,398.03088
75.880203,39,398.651879
1151.924352,45,399.369879
167.719346,66,400.35588
216.086974,75,401.524879
26.535188,74,402.64788
1249.860994,57,403.461879
1153.822756,48,404.232879
1211.962152,67,405.255879
1265.876827,68,406.320879
162.001913,57,407.188879
1292.035423,67,408.146879
1192.769442,55,408.948879
1179.934521,54,409.81588
1091.219587,45,410.487879
117.02491,49,411.188881
202.207602,72,412.221883
1161.293302,42,412.832879
28.681076,50,416.595882
53.13455,57,417.448879
131.840329,52,418.20688
1272.198616,56,419.013881
1251.407702,61,419.932879
38.592288,63,420.90488
1314.968186,78,422.106881
1129.72973,36,422.62488
1210.46852,50,423.340879
110.87188,55,424.162882
109.985455,59,425.038879
1275.801724,62,425.983879
1303.944606,63,426.947879
176.342229,73,428.032879
1235.702622,72,429.066879
1141.812935,44,429.707879
1174.934185,49,430.406881
1302.904812,63,431.359869
1217.367739,59,432.22387
120.735567,54,433.054868
1209.992323,58,433.90587
115.350314,52,434.687869
1190.053833,45,435.359869
1249.899316,59,436.193869
1239.943207,66,437.121869
1258.232855,67,438.137868
1169.283327,50,438.845869
-14.379851,43,439.467869
1139.235949,40,467.939868
1171.65084,61,468.861869
71.218047,46,469.590869
1112.697494,48,470.29587
1163.10041,44,470.926869
187.101589,71,472.01687
87.349401,57,472.826869
22.774731,37,473.416869
222.743453,64,474.376869
1342.275337,68,478.318869
183.042067,77,479.440869
1193.38331,51,480.180869
1181.370812,56,480.958868
1289.395447,67,481.954869
1197.621861,51,482.671869
1167.664219,45,483.27987
91.566339,48,483.920871
115.379514,50,484.671869
1199.008025,56,485.511869
99.692881,68,486.44487
1157.496635,57,487.282869
119.46081,55,488.136868
109.971749,52,488.881868
1253.493783,55,489.69387
164.627385,69,490.73187
1193.652669,51,491.43087
1174.915922,50,492.18087
1309.072502,68,493.127871
80.475409,51,493.889869
158.373925,67,494.848869
141.721676,56,495.59087
1112.822168,57,496.515868
1250.408508,69,497.496869
130.554858,59,498.410869
23.8865,59,499.263869
98.123175,66,500.225869
1256.258489,65,501.068869
1168.250785,48,501.821869
1261.944709,67,502.806869
1319.725277,71,503.818871
1208.8275,51,504.600868
1205.548158,59,505.510869
1201.306385,51,506.235868
1269.978579,56,507.091871
1294.061884,75,511.035869
160.80393,68,512.108869
1286.03105,70,513.08687
128.664261,59,513.940868
1255.801567,67,514.875869
149.874881,58,515.74387
1270.0807,72,516.856872
188.763073,67,545.438869
194.378929,61,546.332869
1181.51994,59,547.198869
1324.561621,65,548.206871
161.256857,69,549.245869
1241.558918,56,550.087868
127.919407,65,551.01187
1293.496569,68,552.058869
237.838081,65,552.991869
143.422351,72,554.10587
1271.504474,72,555.149869
187.235203,70,556.200868
1187.122181,69,557.188869
1160.750556,45,557.834871
1281.392587,71,558.867868
65.801386,49,559.584869
1206.242435,54,560.38887
1158.329599,43,561.027868
1199.845448,64,561.926869
1192.739992,50,562.669869
1232.138186,57,563.505869
1261.934346,63,564.438869
1158.832251,45,565.055869
188.962477,72,566.087869
8.130607,56,566.86687
1212.620815,47,567.513872
1258.779762,64,571.361869
41.598723,74,572.426869
167.392894,61,573.345869
1170.860073,47,573.985871
195.889585,63,574.868869
1138.371249,47,575.557871
1176.833134,44,576.237869
1194.123545,53,576.919868
142.04764,54,577.698869
1158.218983,53,578.48187
15.742165,55,579.279869
116.594299,59,580.102869
1257.859291,61,580.92987
1185.780873,44,581.54887
1257.22771,57,582.316869
1203.71728,46,582.992868
108.526641,46,583.72087
78.836136,47,584.378869
1323.868046,79,585.495868
210.463533,70,586.518871
82.861901,42,587.186869
165.828989,60,587.983869
166.004713,60,588.833869
171.726527,64,589.770869
184.775344,67,590.77187
150.392866,67,619.256872
124.167213,55,620.019869
134.643897,66,620.933871
205.232393,64,621.874869
155.421841,64,622.750868
86.232113,53,623.57887
103.481346,54,624.432871
54.89358,53,625.22387
174.99937,79,626.370872
93.004127,48,627.093869
169.14407,58,630.88487
86.89067,54,631.63987
164.098484,64,632.634869
160.7262,55,633.45987
37.160405,42,634.11687
60.778078,44,634.814869
145.366512,57,635.645871
194.275663,58,636.404871
121.139718,52,637.17287
190.517808,74,638.25687
102.174022,49,639.079869
49.563146,40,639.639877
183.488893,64,640.596872
67.075039,42,641.240871
49.915771,36,641.784869
93.570766,68,642.707869
128.89402,56,643.609869
40.650246,44,644.228871
69.260546,51,644.960872
75.344671,50,645.651869
60.904692,45,646.281868
59.23927,35,646.864869
93.781535,49,647.626878
229.70372,65,648.579869
33.323097,33,648.997871
216.710968,69,650.058872
197.985771,61,650.915869
126.370239,60,651.763869
89.088125,48,652.462869
80.054668,44,652.99387
37.535652,60,653.93587
106.905099,50,654.738869
61.457933,55,655.516871
61.431113,45,656.196868
44.904167,49,656.917869
128.546242,52,657.69087
139.614918,57,658.505868
180.428982,64,659.435869
109.934933,46,660.177872
120.141391,51,663.834869
96.415016,44,664.479869
29.639358,39,665.043869
133.071848,60,665.95787
200.976184,66,666.93687
143.150897,57,667.728869
121.789294,48,668.494869
132.567776,63,698.253869
128.539986,48,699.048869
136.878504,69,700.04687
111.126393,48,700.752868
140.849974,61,701.660868
204.266146,69,702.694869
157.693166,62,703.56787
90.583197,46,704.289868
110.31881,48,705.019869
106.396485,46,705.702869
102.670261,53,706.434868
72.749045,46,707.093873
228.198871,74,708.241871
121.00943,67,709.229868
78.514425,48,709.957869
152.938862,55,710.757868
261.583351,78,711.823869
56.47261,44,712.521869
55.061883,34,713.028871
66.904252,38,713.603868
129.166146,52,714.33487
94.892746,41,714.997871
160.020947,62,715.88187
159.353979,69,716.94687
98.625695,53,717.756868
137.915597,53,718.554869
156.473596,56,719.367871
16.349699,42,719.98487
109.374445,58,720.838869
205.662702,69,721.93287
204.399721,76,725.981908
70.900062,54,726.77087
42.244301,49,727.555869
162.777707,61,728.464869
160.164388,70,729.44387
14.992096,45,730.165869
33.627586,44,730.84187
232.203759,65,731.823869
125.052036,50,732.592869
63.808861,53,733.346869
157.264322,60,734.299872
98.74651,46,735.043869
168.567215,65,736.02087
138.581014,57,736.86687
105.41043,49,737.616872
127.194229,52,738.37487
66.403231,39,738.984869
84.761868,53,739.72587
122.899179,62,740.63887
88.769972,49,741.378915
141.3058,59,742.311869
50.114287,38,742.86187
119.701368,52,743.67187
90.552809,47,744.379869
111.23215,66,745.374869
160.885324,56,774.119964
77.80736,46,774.796584
52.815867,36,775.360582
89.1724,63,776.306238
85.241639,43,776.921783
58.253207,45,777.640337
191.154476,59,778.502892
53.118498,38,779.109894
134.486231,60,779.999522
58.443117,39,780.612075
127.237088,56,781.480076
66.537535,48,782.196709
106.506511,71,783.268312
66.531708,42,783.913811
56.853668,38,784.456811
89.800722,47,788.201061
111.695283,55,789.002699
57.868993,31317.489973,63129.91441,551255.561921,125.809255,51,71150.58701678.80513,54,791.1230.44208.628493,64,792.801148.9108.87801,50,793.52761185129.333377,58,794.313631111.052807,61,795.283182
165.492989,71,796.328767
89.860988,57,797.185376
70.936145,39,797.826011
155.722457,50,798.56601
113.070731,51,799.325267
3.9119114.322408,58,799190.48611224.280436,70,80097.09876161.5933,58,801.2179.4541188.779732,59,802.125.55951246.496106,60,803.044264
1159.850982,41,803.724264
1160.992586,46,804.388263
1234.312337,58,805.256264
66.148378,60,806.117264
1265.554524,59,807.027264
145.167076,63,807.996264
1204.324737,62,808.909264
1152.199845,43,809.557264
1220.935661,48,810.302264
1196.50206,46,811.027264
174.928791,62,811.963267
1173.165312,47,812.706264
1155.948947,47,813.442264166.894238,45,814.099265
134.296205,60,815.05826473111.990864,51,815.7572613281.479721,50,816.436264121274.194586,57,817.2922616388.914113,60,821.137267161269.108267,72,822.1882687.1204.06083,53,822.99125.301233.036921,61,823.155.98111259.206684,65,853187.568761189.043543,52,8535.002801,1185.614996,48,233.634468,6158.674323,81,88.357428,401311.479306,63,856.705264
146.60777,68,857.700264
31.280718,52,858.430265
165.273292,67,859.456264
150.328695,59,860.355264
169.654223,70,861.341264
1158.792039,43,861.959264
92.760548,51,862.701264
1224.501035,69,863.706264
88.469999,55,864.480264
1232.35297,63,865.500263
1219.789988,56,866.314265
1236.769853,64,867.292264
1141.988877,54,868.087265
1274.366507,60,869.013264
1132.726974,45,869.639264
1227.403487,65,870.561264
1153.537278,44,871.17326519177.345987,63,872.0632641763.459807,48,872.80326431255.159945,59,873.6812135.211.719375,80,874.925264
1228.242837,65,875.839264
95.408139,46,876.505264
1090.340613,51,877.250264
1216.25521,55,878.076264
1246.899449,52,878.947264
1334.334814,68,882.854264
1230.210999,68,883.954266
1240.644043,69,884.930264
1100.357852,59,885.815265
125.72435,54,886.595264
1128.840253,4226.766673,67,1210.058434,177.649627,62,81120.492375,54,888.985267
101.517905,53,889.805264
1217.1165.144493,74,891.0991213.209279,49,891.336264
72.186.694051,66,892.7041281.07071,64,892.979264
138.497431,71,894.009264
1192.430935,54,894.786264
1168.147114,53,895.544264
1183.594937,66,896.544264831168.031089,44,897.1942121.204.086032,65,898.1562164.1159.881592,65,899.147158.61302.791329,74,928.97175.241191.102811,56,929.882.1728132.363073,53,930.49.349831152.855256,63,931.554264
1145.44462,40,932.184264
1188.15475,51,932.943264
1202.606801,5159.824524,64,1337.11351,74,934.902264
1152.343673,50,935.695265
1247.801505,65,936.674264
1238.302237,57,937.577264
189.795594,64,938.576264
1175.795829,50,939.334264
1162.124557,58,940.165263
1197.525103,63,941.111264
1132.92302,34,941.630264
1250.902315,55,945.408264
1199.161487,74,946.799264198.816937,62,947.677263
21291.445299,68,948.0892103.169.208486,85,949.339264
1243.274891,59,950.268264
1233.639473,57,951.124264
1055.602752,56,951.964264
1349.644682,71,953.029264
1239.930368,70,954.057264
1225.46883,61,954.974265
1213.006784,59,955.908264
1317.912979,63,956.810265
176.825562,63,957.768264
107.362523,51,958.546264
1178.384122,46,959.245264
179.974638,69,960.266264
1116.103912,50,961.008264
1152.103968,42,961.631264
1270.677897,59,962.537266
-87.983732,58,963.383264
1204.842473,56,964.229264
161.015022,70,965.219264
1181.684481,47,965.960264
1149.40799,56,966.821264
1177.111537,51,967.5822648126.693178,55,968.417264
1053.497652,54,969.251264
145.0955,70,970.300264
39.155664,45,970.937265
1287.373483,79,972.080264
146.404643,66,973.165264
1154.33479,44,973.805264
105.713784,66,974.782265
1312.516871,74,978.856908
1076.689937,47,979.551908
1278.786264,66,1008.037908
1165.486483,52,1008.810935
1245.695924,65,1009.822909
1207.724317,61,1010.776909
184.968916,73,1011.823908
1079.87383,73,1012.895909
1237.060755,53,1013.674908
21.125814,37,1014.207908
168.996236,59,1015.081909
1268.267033,63,1016.018908
1139.948885,53,1016.818908
161.267818,56,1017.664961
141.630223,57,1018.473961
1265.685527,64,1019.414961
1098.691505,72,1020.469961
1152.858649,53,1021.200961
91.364488,54,1021.968961
146.794201,64,1022.917961
26.897374,48,1023.59496211219.040955,55,1024.3579611147.987236,70,1025.452961
1300.454752,75,1026.476963
1205.590787,63,1027.459961
1166.05656,46,1028.184961
1224.709053,49,1028.846961331253.266653,63,1029.697961
1155.72519,66,1030.651962
30.955981,67,1031.686961
1192.786717,69,1032.690961
1193.921532,49,1033.380963
192.240791,74,1034.483961
137.906044,67,1035.487961
1251.789751,64,1039.438961
1202.762174,56,1040.323961
1274.196819,55,1041.182961
110.875621,59,1042.050961
1146.086388,40,1042.636961
1277.982857,64,1043.624964
1279.103928,70,1044.640962
1294.247014,62,1045.637964
1195.245764,55,1046.487961
115.362653,54,1047.308961
1230.36623,60,1048.245961
1154.726267,55,1049.109961
189.85437,73,1050.196961
1280.01944,64,1051.101961
175.36587,66,1052.064961
1128.599096,54,1052.866961
171.525281,69,1053.883961
1306.331556,65,1082.848961
1085.029214,45,1083.519962
54.60484,39,1084.12296211204.136311,80,1085.343964
21.013696,53,1086.145963
1202.753905,50,1086.921962
1154.80189,42,1087.526962
1255.074504,66,1088.618962
53.385257,54,1089.390961
-21.872862,58,1090.266961
1232.097357,59,1091.115961
1185.407772,52,1091.903961
1249.276613,70,1092.925961
1264.298972,73,1094.025961
1268.925899,61,1094.933961
1135.347682,53,1095.691962
1263.834337,63,1096.609962
16.827534,50,1097.409961
138.833159,55,1101.173961
1207.047177,73,1102.232961
18.291995,47,1102.947961
141.163315,63,1103.924961
1235.779208,70,1104.931961
1170.113734,46,1105.599961
68.719586,63,1106.522961
1282.038897,70,1107.641962
1257.886934,68,1108.636961
1224.419588,65,1109.613961
1191.299108,59,1110.493962
1288.305416,63,1111.429962
1119.605105,38,1112.020962
43.954242,39,1112.587961
1195.970748,55,1113.415963
-21.227691,62,1114.422961
1142.170024,42,1115.039962
1275.250897,68,1116.047961
1268.336537,56,1116.883963
1224.65621,60,1117.745962
96.745161,53,1118.537961
1287.075183,72,1119.638961
1123.803346,46,1120.322961
1289.587732,72,1121.389961
1185.997031,49,1122.116961
1155.01674,49,1122.817961
1193.812713,62,1123.718961
1258.929169,66,1124.658961
1158.389165,43,1125.302961
9.306445,41,1125.886961
1257.451677,67,1126.856961
1212.788935,55,1127.648961
1209.510783,52,1128.407961
1220.722778,64,1129.334961
1194.809017,58,1130.179963
1330.835586,66,1159.322961
1179.46245,45,1162.896961
1124.491138,47,1163.592962
1196.996626,53,1164.367961
1256.872877,60,1165.177961
1123.734063,63,1166.112962
1202.694365,54,1166.854961
194.373508,69,1167.808961
1211.031097,63,1168.761963
1212.596176,60,1169.645961
1217.43971,48,1170.307961
76.9396,40,1170.830962
1132.290409,61,1171.708961
1166.63394,40,1172.304962
1178.27979,76,1173.345961
1298.53563,68,1174.293961
1228.654037,50,1175.049962
1293.961543,71,1176.095961
1197.563389,57,1176.901962
1171.467466,41,1177.495961
1265.862234,60,1178.362961
1217.442687,60,1179.233961
142.039783,59,1180.113961
115.199084,50,1180.876961
1206.954493,46,1181.545962
1165.240743,44,1182.241961
100.16499,61,1183.108961
1274.93959,65,1184.043961
1305.476277,61,1184.955961
1123.703669,46,1185.606962
1130.457154,65,1186.553962
1127.676817,61,1187.432961
1306.893451,66,1188.381961
1249.23246,58,1189.223961
1305.901329,72,1190.226961
1184.478101,63,1191.120964
1214.249266,51,1194.874961
1333.769593,65,1195.815961
1203.78993,66,1196.736962
1214.799283,57,1197.547961
1207.075653,61,1198.448963
1223.41642,56,1199.264961
1310.977738,61,1200.166961
1283.718543,69,1201.134962
1256.735891,71,1202.131961
1224.048413,53,1202.951962
1206.851866,54,1203.750963
1217.290279,53,1204.555964
1248.512851,60,1205.403961
1234.139475,57,1206.233961
1149.519201,40,1206.840961
1208.128001,56,1207.663961
149.267562,65,1237.046961
123.548984,63,1237.914961
1156.32252,42,1238.514961
135.871504,66,1239.473961
1101.225108,39,1240.046961
85.589871,64,1240.963961
1153.963007,38,1241.500962
117.159285,62,1242.437962
1285.771319,61,1243.309962
1114.60411,39,1243.792961
1264.407241,62,1244.658962
1201.301151,70,1245.646961
121.597044,66,1246.627961
1234.289099,68,1247.539963
72.602139,51,1248.322961
1161.531449,40,1248.943961
1193.982151,48,1249.678961
1175.1256.663989,72,1251.0831136.1229.849156,58,1251.9001286.1149.110883,48,1252.5691243152.448866,77,1256.615951171311.52597,66,1257.600959
1263.613703,63,1258.570961
75.122101,51,1259.254959
1207.536551,68,1260.256961
205.834655,73,1261.371958
1141.238945,46,1262.065958
1210.205761,51,1262.803958121202.596687,54,1263.570958121219.484654,53,1264.3489588.1163.301226,42,1264.943126.01129.339962,67,1265.91229.281237.262895,60,1266.80696
1251.727876,64,1267.804958
78.085466,50,1268.508912821201.005701,50,1269.254912161112.294067,54,1270.1019116872.089688,39,1270.6859591394.819151,56,1271.480958
1303.572226,71,1272.545958121175.864553,44,1273.12796196.790507,66,1274.11996
1233.822369,62,1275.04896
1174.715102,50,1275.756958
1171246.458989,78,1276.316961251.011063,64,1277.446958
174.160805,67,1278.420958
1224.639552,73,1279.472958
1172.210978,58,1280.295958
1257.369449,67,1281.309958
1186.51413,50,1282.002959
224.477349,67,1283.018958
1288.691559,69,1311.493958
211.162686,71,1312.615959
1162.665005,43,1313.238958
218.16742,68,1317.135959
180.853304,57,1318.02396
1294.671756,68,1318.957958
1171.491779,45,1319.636959
1192.456341,67,1320.620958
125.82921,68,1321.69096
159.506213,65,1322.622958
1167.06373,54,1323.441958
1175.654338,52,1324.158958
159.152719,69,1325.224958
103.400254,49,1325.939958
1233.981009,51,1326.744958
161.473119,62,1327.626958
1121.818677,51,1328.342959
1179.245155,60,1329.204958
1160.494181,49,1329.94296
1272.573022,70,1330.989959
1212.239291,48,1331.72696
1164.011536,50,1332.514958
1225.117365,71,1333.581958
1139.064308,54,1334.349958
213.905691,74,1335.424958
155.060383,59,1336.318959
1201.661638,58,1337.1221259.1262.347816,67,1338.086961
1127.28327,38,1338.698.5471216.585041,70,1339.750958
1256.69117,53,1340.532958
1150.951329,57,1341.373959
105.700412,46,1342.08396
1269.341605,66,1343.063958
1161.457195,57,1343.895959
1304.273561,68,1344.862958
1276.045195,63,1345.817007
1154.001618,391293.144513,66211.527434,74,1350.502958
1142.151834,56,1351.400958
1281.678042,63,1352.29696
217.739577,63,1353.277958
1268.221433,71,1354.326958
126.401708,62,1355.341961
1180.883709,49,1356.102959
1211.583358,65,1357.064958
1277.324969,64,1358.062959
164.760225,55,1358.882958
1222.497667,71,1359.88396
1186.698266,54,1360.653958
1178.58181,48,1361.379958
1275.515009,68,1390.056958
1215.716049,46,1390.721959
1152.416031,53,1391.632958
1178.215457,49,1392.36295812155.689515,63,1393.279958121274.347979,68,1394.300958
1190.044221,53,1395.127959
124.440967,56,1395.960959
1144.274349,52,1396.75996
1238.9409,65,1397.776958
1162.26912,53,1398.58096
1248.290003,61,1399.531178
1317.324523,72,1400.711804
1186.7102,64,1401.673473
1235.044951,65,1402.642023
119.661493,55,1403.480577
1222.846296,64,1404.477218
1159.286746,48,1405.206219
1187.575385,42,1405.82885
165.069098,78,1407.082469
1183.475936,55,1407.890024
1301.215394,62,1408.866579
1265.622941,63,1412.746805
1234.081405,65,1413.642359
1215.815477,59,1414.640905
1281.692717,74,1415.702525
1225.875291,71,1416.830146
172.286954,58,1417.76369
1229.481262,52,1418.574247
1235.871004,66,1419.458795
194.44668,70,1420.626426
1261.791059,62,1421.557059
1239.608977,67,1422.586596
1238.421207,50,1423.331598
169.775182,67,1424.393244
1270.970234,79,1425.655323
1301.415941,74,1426.799226
1172.384582,47,1427.508779
151.716985,70,1428.583357
199.485027,68,1429.659965
1142.54743,63,1430.575541
1215.729126,58,1431.43854
71.098844,42,1432.091166
1153.491555,37,1432.639788
1275.039329,61,1433.526337
959.956181,57,1434.384338
151.615865,56,1435.248888
1157.781786,53,1436.009538
128.828413,61,1436.889182
1270.298195,73,1465.985064
87.484206,61,1466.992061
1161.307053,61,1467.94106
1305.89013,77,1469.122061
106.504729,43,1469.78606
1242.542394,55,1470.592061
1254.113229,59,1474.418061
121.814739,62,1475.37206
1161.149269,36,1475.924061
1216.770222,52,1476.73906
1177.92099,53,1477.59406
1175.623579,54,1478.43506
1154.864056,47,1479.11306
109.508458,54,1479.92206
1210.03591,59,1480.799061
1170.537273,48,1481.56306
1201.920063,56,1482.447061
1261.664607,64,1483.369062
1177.073829,76,1484.57206
1309.653849,71,1485.71806
162.655572,64,1486.642062
104.626015,47,1487.36306
1155.813818,43,1488.00506
1189.930399,69,1489.06106
1214.869457,47,1489.81906
128.366935,52,1490.581061
1227.185063,55,1491.371062
1212.189921,50,1492.09906
1282.805956,64,1493.05106
1209.351113,50,1493.823061
196.473546,66,1494.80306
41.266233,38,1495.359061
1313.859484,62,1496.3540223.1302.051049,69,1497.40612741259.799652,62,1498.319062
1138.837894,48,1499.06006
148.014543,71,1500.11206
1199.048401,62,1501.017061
1275.691621,62,1501.93106
1047.562566,68,1502.971102
228.76103,66,1503.94206
1149.458743,55,1504.78706
142.088659,63,1508.735662
1165.81856,63,1509.71566
1181.709381,60,1510.565661
1146.527615,48,1511.290661
1189.103857,47,1512.04666
1243.354108,58,1512.913662
81.779565,47,1513.632662
1215.706066,47,1514.338696
102.201897,48,1515.036696
1242.507112,61,1515.91066
33.482231,42,1516.51966
24.561322,46,1517.126126.61312.658922,74,1544.932662
1199.827423,58,1545.784662
101.064079,49,1546.55666
1164.523532,47,1547.21280.741145.395594,44,1547.91224.141196.93901,60,1548.86124.861194.060442,57,1549.71196.641223.02307,59,1550.571311.71258.062388,68,1551.581206.6149.924957,52,1552.35372.051158.646406,51,1553.11162.261271.412905,70,1554.1191.3711199.217123,61,1555.068913
116.036159,48,1555.898912
206.915862,69,1556.86149.811237.813736,66,1557.81294.8659.355649,40,1558.491214.51168.634795,46,1559.161187.189792,58,1559.387918
1111.099925,57,1560.292917
87.670796,64,1561.318917
131.282937,62,1562.258914
1193.461223.108489,51,1563.31161.971182.044326,56,1564.237.28001183.900594,56,15651309.5149144.253861,76,1569.149.00401247.819014,66,15701299.97871177.988376,54,15701208.31461169.662134,63,15711155.5613165.252199,66,1572.1144.7851275.156281,69,1573.753912
1175.822996,44,1574.425913
1262.39315,67,1575.31253.721268.31905,68,1576.473912
73.401163,44,1577.08191240141.079174,51,1577.8059112083.209498,56,1578.651915182.812489,47,1579.3829131127.839579,56,1580.207913
131.56791,61,1581.071914
901239.950566,67,1581.4719190.180.900146,72,1582.4609177.706227,70,1583.991915
0.6871167.285306,43,1584.163.73481260.543772,62,158594.5727241266.961128,68,1571.867573,41273.703091,57,174.376281,59236.479031,72,78.899613,55,1202.529908,592.045072,50,15183.348169,79,1589.904915
1311.774622,64,1590.871914
1154.923451,43,1619.88792
1242.660179,62,1620.82692
1199.270614,46,1621.53492
68.650211,52,1622.343922
-25.920231,47,1623.03392
1143.311996,50,1623.80392
1226.937164,63,1624.71392
113.555527,55,1625.490921
1276.944938,66,1626.449922
1202.863839,55,1630.27992
1271.500566,72,1631.246921
1235.505793,60,1632.14592
176.264082,74,1633.177927
1220.40431,69,1634.163928
1228.860472,63,1635.137928
1205.083613,50,1635.845928
1174.997482,50,1636.607928181250.85045,61,1637.554928141231.893744,58,1638.407977.91252.475966,56,1639.31221.771222.308297,63,1640.283.42841224.207926,57,164173.2939931243.178188,76,1642.177152
1252.174221,54,1212.475785,71155.016125,42,110.370327,561233.607409,69114.480479,55,1049.029677,5183.436717,66,11260.818489,67,1646.430299
193.266765,74,1647.494859
1129.729806,61,1648.398459
104.098384,74,1649.509079
1125.230698,53,1650.287695
1134.441652,54,1651.066269
1265.74563,62,1652.004815
1216.598444,61,1652.849815
1174.595951,51,1653.597421
1263.250963,61,1654.45797
1134.880803,39,1655.037541
1274.654613,62,1655.933539
1175.298516,49,1656.685135
1198.137444,45,1657.3977555.1228.117487,72,1658.456319
1214.091072,49,1659.198866
113.71598,66,1663.065067
1156.626037,48,1663.786066
1235.915549,49,1664.479641
1218.841057,57,1665.355196
1150.645955,55,1666.194747
1236.941535,62,1667.148342
1230.845026,60,1668.105892
1172.927526,50,1668.819892
1175.6249192.730461,73,16701236.9687105.585748,49,1698.191.3360115.196207,64,1699.1264.14641,71,1700.176002
125.343316,63,1701.136565
166.389729,82,1702.378144
1334.88185,65,1703.302692
1142.269513,61,1704.216246
1195.765572,48,1704.951246
1141.703644,43,1705.615819
1198.822446,49,1706.396375
134.643969,78,1707.47693
1289.647788,74,1708.541476
1296.450308,71,1709.603026
1187.972607,51,1710.344594
197.25686,83,1711.621203
1109.939442,47,1712.392067
1118.49491,39,1712.994066
1159.898576,43,1713.632612
1291.860836,61,1714.595235
1234.357449,66,1715.590845
1287.369282,65,1716.550392
1238.354871,54,1717.330941
1308.392698,77,1718.493527
1155.260636,46,1719.237071
120.416548,56,1720.078644
1273.692741,76,1721.174267
1168.124837,63,1725.184468
137.260169,50,1726.006041
1239.00362,62,1726.97404
1190.4497,56,1727.923577
167.194044,65,1728.924468
1264.177262,67,1729.908105
1236.892676,52,1730.639658
1139.094126,65,1731.658265
1324.050341,69,1732.726903
93.892346,67,1733.668454
1288.389274,65,1734.6121
187.388187,63,1735.626654
1141.056243,67,1736.632738
44.997334,35,1737.1503
1169.416242,47,1737.839299
1174.834009,55,1738.661888
1137.343437,54,1739.485432
1155.129241,44,1740.13399
1192.978548,51,1740.944988
1111.999016,55,1741.804626
1264.106613,71,1742.832216
234.356271,68,1743.899784
1330.376346,69,1744.967342
46.990085,53,1745.836987
62.724822,42,1774.18643
1301.638079,72,1775.300982
1221.2944,60,1776.197597
1242.477934,63,1777.198146
1057.449244,54,1778.002705
1225.416574,55,1778.832705
1260.490636,58,1779.738312
1261.92303,65,1780.701962
1313.811017,73,1781.768517
54.873559,36,1782.262133
219.748901,61,1783.150134
1163.628222,49,1786.877133
1255.016512,67,1787.869133
1263.558699,72,1788.974133
1266.455116,66,1790.025133
1237.012292,52,1790.805133
1242.204591,59,1791.677136
1278.415862,72,1792.751133
1182.310151,44,1793.384134
1168.522238,42,1794.004134
109.842555,52,1794.800133
1143.85249,45,1795.527133
168.792538,60,1796.469133
189.364232,68,1797.406136
83.137967,61,1798.389133
197.181908,64,1799.351133
1251.755222,59,1800.265133
97.137661,44,1800.952133
88.610352,47,1801.669135
1256.089071,61,1802.62714
1215.98391,53,1803.428139
1160.947609,47,1804.10814
1212.784656,47,1804.837142
1334.622286,72,1805.90314
1204.711187,71,1806.916141
1232.238001,60,1807.840139
57.941386,42,1808.50214
1146.120263,45,1809.20514
55.435639,57,1810.02814
1262.948736,62,1810.99814
1217.969015,58,1811.92014
69.81887,54,1812.734139
1215.011237,47,1813.456141
194.693659,65,1814.45614
1157.016181.770996,65,1815.41277.310147,63,1816.24614
1211.773078,51,1816.96714
1274.34589,77,1821.203144
171.233443,58,1822.07214
1176.034485,49,1822.852139
1119.83377,70,1823.93514
1276.206364,82,1825.074142
1251.401924,65,1853.95714
52.175334,40,1854.566139
1137.512017,63,1855.54314
1228.365724,62,1856.439142
1131.528711,49,1857.155142
1202.838498,53,1857.95614
1153.631971,41299.904031,67,1223.329631,51202.134767,471198.371623,541261.395072,74166.071411,62,1218.03701,571206.888541,52131.003543,57,1158.508511,61238.212815,58,116.58298,65,1165.408589,5228.271598,66,11223.092801,131.314686,59,181275.79582159.591363,67,1866164.181361219.88409,49,1867.624141
1230.161033,65,18681329.09691246.392605,62,1869.522142
1205.971523,48,18701295.08741297.250864,65,18711191.94421257.06726,59,1872.1225.521235.199372,57,1872.1236.01071.198103,44,1873.68115.61197.205103,53,1874.541236.104.424719,59,1875.439112621288.425522,59,1876.348169.01190.934944,52,1877.111167.1293.515535,73,1878.22514
132.259215,56,1879.11314121213.549382,58,1883.0111411200.282632,43,1883.71514161123.091248,36,1884.25614121034.905394,60,1885.1576521323.936917,71,1886.194284
1329.076312,70,1887.226036
1209.955092,60,1888.168595
143.885168,62,1889.169147
151.037774,59,1890.083686
1294.96854,72,1891.167271
1332.337777,72,1892.359864
1318.1553,71,1893.421451
192.961621,70,1894.424395
1277.644614,62,1895.452957
1177.659911,47,1896.16752
140.803161,56,1897.015519
1221.629477,51,1897.814095
1259.138385,76,1898.93866
177.859469,67,1900.005129
1233.742529,57,1900.864702
1290.554837,67,1901.80026
1197.064365,53,1930.597864
1176.087484,44,1931.286746
1148.795036,44,1932.008746
1257.986358,57,1932.920387
188.449351,73,1933.971022
78.770091,57,1934.813671
1132.240351,44,1935.462275
1141.063929,53,1936.23583
97.228469,46,1936.973831
1136.231341,47,1937.691388
1188.009346,52,1938.500958
110.17022,63,1939.372531
1167.651381,49,1940.103153
1162.258748,44,1940.85889
1303.89205,66,1941.767437
1111.674563,36,1945.305005
1179.441415,42,1945.953003
1268.321604,64,1946.965561
55.264488,37,1947.504134
111.358435,50,1948.273685
85.3421287.556204,74,1949.138.772669,62,1949.866233
80.230049,48,1950.573844
179.238754,65,1951.608393
74.435014,47,1952.384942
160.681887,50,180.053739,7972.704317,36,1156.195443,6114.842318,58,11144.190551,76.120623,51,19558.910131212.868345,65,1951032.00281151.182469,52,19571240.1471124.553549,67,1958.1195.09797.602593,56,1958.911295.6127.679749,45,1959.60352.71204.895121,66,1960.642007
191.37325,66,1961.586549
159.010525,57,1962.452119
163.05508,59,1963.370669
141.3767,58,1964.195878
131.808313,66,1965.198424
153.832378,58,1966.08799
154.713636,56,1966.91999
83.579527,40,1967.546632
185.921026,59,1968.443246
202.460603,62,1969.410783
121.85192,51,1970.231561
125.888877,44,1970.933564
175.447601,61,1971.87311
67.739057,37,1972.41268
50.945851,45,1973.129375
157.326664,61,1974.010329
167.948545,63,1974.968892
158.099992,58,1975.876463
93.174888,42,1979.478405
69.979603,39,1980.129959
127.431881,46,1980.889961
134.187477,57,1981.809523
67.191827,41,2011.563107
115.858853,49,2012.316669
93.419909,50,2013.047671
78.215859,55,2013.886172
77.601498,43,2014.474719
96.76779,46,2015.205315
189.559142,63,2016.185874
80.715856,38,2016.765873
-1.637676,50,2017.586452
150.678898,59,2018.509074
96.105665,46,2019.195696
170.367079,58,2020.031696
69.978384,43,2020.743268
52.86372,35,20211284.3571140.607692,58,2022.1112.160216.75994,66,2023.111271.164.476989,37,2023.60191300112.591516,61,2024.4664811945.231766,37,2025.0721151308.052679,77,2026.05667
1137.676382,38,2026.67467231192.755762,46,2027.34122113143.489039,58,2028.211771521294.723648,70,2029.2283136.1262.871899,60,2030.19167.781176.065699,44,2030.8129.923191.401088,71,2031.8131.431193.359158,64,2032.8-38.668110.024277,51,2033.6151.9761162.448006,40,2034.286354
1273.290089,69,2035.315967
1295.927577,68,2036.348513
1120.273238,62,2037.261154
1219.684364,72,2038.337793
1291.111028,75,2042.370084
1247.541219,63,2043.28264
1253.773057,70,2044.29727
1282.406944,61,2045.174841
1159.585569,52,2045.945839
1126.521186,63,2046.815444
1219.547243,55,2047.687047
196.675894,67,2048.681601
1145.794518,47,2049.433241
1253.917334,61,2050.323793
1225.644341,64,2051.240346
1279.967239,61,2052.162968
1166.80921231.389614,76,20531211.992487,63,2053.744588
1171.77271208.198719,57,20541256.782203,66,2055.430731
1110.750431,42,2056.140272
1192.2001265.458553,74,2057.1294.970604,69,2057.949914
1215.982354,62,2058.896469
1235.729914,58,2090.902888
1119.848879,44,2091.565577
1244.629411,63,2092.549204
1121.21307.625815,67,2093.81203.381237.375442,53,2094.61236.01232.155175,53,2095.331170.226.969716,66,2096.35991279.34935,71,2096.657711
11021226.293538,59,2098.01221311231.460824,64,2098.958811311259.147064,70,2099.941361211224.849246,63,2100.872112611279.441134,59,2101.753711981178.38738,39,2102.36571199.218925,60,2102.687271
1162.199958,73,2106.684478
1267.913585,70,2107.795063
1289.090843,61,2108.737679
1274.918449,66,2109.702233
1187.491913,64,2110.648874
1179.219123,52,2111.392497
1151.424858,52,2112.174049
1199.96988,55,2113.03161
1157.861883,55,2113.83061
1268.702324,64,2114.730157
1186.444973,56,2115.572701
1254.547918,56,2116.44728
1292.736184,72,2117.534913
172.178297,67,2118.52456
1207.534547,53,2119.341199
1241.053237,57,2120.142754
1155.038412,38,2120.756754
175.968269,63,2121.691307
143.155136,55,2122.529853
1207.812848,61,2123.43845
170.058713,65,2124.343125
1290.264373,68,2125.351699
1165.006047,50,2126.133823
1269.762731,61,2127.068369
1155.565033,43,2127.671368
1193.557064,52,2128.43192
1334.896801,68,2129.488455
1309.044326,67,2130.469018
1172.508543,62,2131.336628
1225.311707,51,2132.090244
1230.51462,59,2132.895244
200.176108,67,2133.811795
1201.844974,53,2134.548409
187.520251,66,2135.597037
1280.169275,68,2136.571657
1308.279665,79,2170.767899
1309.440407,70,2171.817481
148.17178,57,2172.626123
1153.871177,64,2173.565701
1309.997096,75,2174.732332
1171.782435,57,2175.58688
1232.190961,64,2176.478422
1172.754363,56,2177.20404
1197.444815,48,2177.918039
1141.066998,39,2178.478674
1200.291482,50,2179.158292
1238.032663,64,2180.055862
80.749946,44,2180.764861
1264.178672,63,2181.675424
1297.396285,62,2182.484972
76.562486,60,2183.299461
1191.492314,54,2184.120093
1177.540742,61,2184.940093
1213.578183,48,2185.676676
1148.010273,42,2186.327759
1305.449981,68,2187.263399
1144.058994,43,2187.917399
1204.098314,51,2188.608002
1288.50046,70,2189.655613
1260.318373,58,2190.429242
1184.47232,48,2191.096852
151.754881,53,2191.884853
1315.018681,69,2192.870476
1212.646549,55,2193.67909
1279.882668,76,2194.735642
1247.550579,74,2195.813194
1343.058591,65,2196.832261
1155.429142,62,2197.657441
1210.010233,62,2198.568994
203.675184,70,2202.550203
63.944414,67,2203.478807
1133.234473,51,2204.24437
1153.19716,47,2204.96437
121.757724,66,2205.877992
20.470577,54,2206.66605
1272.467427,69,2207.678681
1244.68302,71,2208.714285
1170.804912,48,2209.407903
1296.415562,70,2210.37045
1230.215511,56,2211.215003
1060.001608,46,2211.875004
1254.852539,61,2212.729565
146.65011,59,2213.560213
172.493978,63,2214.501212
1250.120546,62,2215.438842
1201.932993,56,2216.228393
1243.398768,57,2244.783022
1230.528449,54,2245.625572
1196.823934,51,2246.386116
75.046007,49,2247.134917
-75.97977,59,2247.99956
1228.268358,54,2248.76156
134.444938,58,2249.601214
1292.282903,59,2250.473767
1186.552598,44,2251.167318
1169.235896,43,2251.854318
1138.178552,61,2252.788869
1223.574141,48,2253.495436
184.93283,63,2254.385993
1127.188075,54,2255.16954
1184.475016,42,2255.748541
1235.708891,60,2256.598102
1193.921893,56,2257.405729
1270.6344,67,2258.397296
198.914934,83,2259.665872
92.876092,46,2263.415004
1173.411669,54,2264.166577
1239.677533,62,2265.120134
1198.606267,49,2265.874134
1241.611979,57,2266.698768
1117.347496,38,2267.233346
1147.930242,42,2267.886345
1208.175918,47,2268.616985
1288.686761,65,2269.565557
1217.268913,61,2270.441114
1216.695072,60,2271.346668
1135.432139,50,2271.99422
1161.572855,44,2272.720217
140.759669,57,2273.606771
195.71998,63,2274.537321
114.717742,58,2275.413942
1189.720481,59,2276.263527
1249.191691,74,2277.390204
1228.594916,54,2278.197864
1254.17846,59,2279.090421
1267.543305,60,2279.945421
1157.192391,46,2280.672982
127.957691,48,2281.347565
1198.904426,50,2282.119187
65.649673,37,2282.683188
1130.051203,40,2283.289682
1155.863759,52,2284.049245
1247.347358,74,2285.156839
1265.524821,60,2286.012387
1330.686924,79,2287.17098
1152.587966,71,2288.154537
104.841649,52,2288.9624
1117.636806,58,2289.890963
1258.645164,63,2290.80451
21.294871,38,2291.410135
68.689604,53,2319.570841
1195.122754,61,2320.462908
1264.290002,72,2324.466
1208.660071,53,2325.237631
1168.049444,44,2325.824631
1216.777044,52,2326.573241
1249.406789,59,2327.458404
1151.59515,56,2328.232075
11.847632,53,2329.043657
1135.903278,50,2329.673657
1167.184294,45,2330.346213
1139.152496,48,2330.985215
1190.46407,51,2331.72479
1267.108571,64,2332.641393
145.549759,61,2333.506008
1294.514765,70,2334.47792
1237.335642,64,2335.432515
1272.346125,69,2336.382045
1294.254039,72,2337.398607
1145.952482,56,2338.236229
1236.486999,57,2339.054982
1271.03803,68,2339.978982
1131.605721,35,2340.471637
1210.151685,50,2341.123253
1261.020291,59,2341.975319
1249.474803,67,2343.00953111189.691901,50,2343.743574121013.44023,56,2344.5521011291.937614,64,2345.819665
1229.689034,58,2346.608303
130.452932,57,2347.406305
161.902024,59,2348.227922
1241.444752,61,2349.12753
1253.961813,63,2350.096117
209.493343,63,2351.050676
1182.182131,41,2351.691217
93.384189,50,2352.419215
1169.601402,40,2353.014882
1189.269605,60,2353.919481
47.664447,62,2357.777696
1133.789264,45,2358.378695
55.225489,44,2359.033358
1273.964455,68,2360.009917
1186.583635,46,2360.751506
1266.56379,62,2361.633042
1171.70497,52,2362.359042
1143.05227,56,2363.182592
1042.993538,57,2364.036552
1250.872963,64,2364.953105
1155.876998,60,2365.817741
1174.470936,39,2366.459743
1183.2247671314.464113,77,231271.9559961127.909947,57,281.6087311781217.417484,501183.96198117289.833486,68,2397.92557121248.768545,51,231215.357611192.596863,50,2391188.12201287.161194,61,24001193.7151212.768527,63,24011132.27091239.667112,68,2402218.87381150.42757,40,24021212.1241254.778726,63,2403.1295.593052,81,2404.856569
1162.41210.133488,56,2405.151158.1253.303503,56,2406.02311411180.09332,54,2406.826571112731301.522586,70,2407.7491167.188.639978,64,2408.771106.71163.946453,50,2409.1278.5811302.619523,74,2410.161.42941320.386337,67,2411165.4522552.052944,39,24121164.64171222.392097,56,2411269.792961282.146611,78,241180.1019211162.459504,41,2177.194146,1124.620464,57,1234.071757,51269.487126,701160.350623,601207.345292,5123.26296,53,241308.19925,1306.527686,64,21257.399405,1212.471488,55,260.284274,471236.489334,671207.848743,611194.451323,51030.084392,50,1170.733934,41192.172629,62,2425.585578
1205.743715,56,2426.373577
1179.509353,46,1155.56898,521129.672508,441160.912079,561186.34694,56,1292.625478,61267.780506,67,222.030721,6778.596002,40,21205.508604,176.362352,78,241183.95861157.97409,42,2431.1091.21187.622912,51,2432.6811941151.798332,50,2433.464612321163.116507,46,2434.0916111192.530852,46,2434.806601190.621242,58,2435.655601
11189.231797,76,2436.46470611303.707309,71,2437.45333511229.32444,57,2438.231971
1310.198432,68,2439.180515
1333.219152,72,2440.245063
1104.880913,57,2441.129087
1280.813986,74,2442.197652
1160.572067,65,2443.13729
1208.505793,51,2443.891288
1176.75888,61,2476.882821
1266.449875,61,2477.736821
1189.829334,61,2478.654363
1300.48719,68,2479.666001
4.670246,66,2483.690225
1168.955346,41,2484.280792
1160.665167,42,2484.88279
1215.77712,61,2485.751418
1196.917208,50,2486.516123
1212.832096,60,2487.436682
1189.379381,51,2488.252307
1206.514683,61,2489.076858
107.990557,69,2490.023419
1276.689673,65,2491.018971
1250.053,67,2491.992532
1156.193357,66,2492.988533
130.312406,53,2493.795152
1123.54799,38,2494.398704
1248.582836,56,2495.182273
1156.270246,55,2496.003922
1266.374326,58,2496.83592
1223.982674,62,2497.680588
1232.753629,57,2498.488449
1245.77936,68,2499.465052
1257.923087,71,2500.396658
1251.576767,56,2501.240204
113.91745,57,2502.057751
1163.698409,44,2502.739751
1212.392921,55,2503.51941
-63.985323,80,2504.713963
1262.230314,59,2505.506605
1199.804191,53,2506.325227
90.296245,46,2506.968228
1200.747071,72,2507.952786
25.43205,59,2508.748341
1238.376424,77,2509.836929
1205.326925,50,2510.613493
1131.255394,48,2511.346137
220.834255,75,2512.40769
1256.625062,52,2516.082973
1220.094809,52,2516.776975
1272.84894,67,2517.743549
1191.741162,49,2518.465102
1168.134643,54,2519.269715
1220.145172,50,2519.925716
1258.680347,57,2520.7843
1233.409427,53,2521.544925
1104.958896,47,2522.190476
1256.294552,53,2522.924474
1288.980044,72,2523.965102
1149.917395,60,2524.767656
1184.615128,41,2554.754864
1207.931125,45,2555.475823
1215.520611,55,2556.184824
1167.205528,73,2557.247823
1207.384431,53,2558.043823
1198.220837,49,2558.805823
1014.584037,57,2559.589824
122.265,70,2560.553823
1278.534531,67,2561.528823
69.332831,41,2562.090824
1158.119366,45,2562.743825
1208.006366,51,2563.475823
1107.795934,55,2564.300823
1268.570338,56,2565.083823
1132.597835,41,2565.684825
1255.52451,71,2566.703823
1186.501312,46,2567.322825
1144.3155,46,2567.994823
1235.964764,55,2568.790823
1155.570963,43,2569.441825
1160.40791304.804213,67,25701160.6833197.820277,56,2571.1316.3091136.145389,57,2571.1217.491954,61,2572.867823
1154.793866,84,2574.412821
98.654006,49,2578.189823
1258.98376,61,2579.053821
1227.444517,64,2579.944821
11301.364755,68,2580.21682511297.811908,64,2581.15982211303.534863,70,2582.17982311266.404585,63,2583.09982311190.06853,54,2583.963823
1279.777632,57,2584.796824
1219.121516,57,2585.632824
1260.950021,67,2586.581484
1196.224374,54,2587.385038121305.373318,67,2588.307601130.544998,73,2589.832169
82.1270.762891,63,2590.1971168.179.710045,59,2591.0861236.1219.314688,59,2592.0211263.1309.02059,77,2593.14241236228.565115,71,2594.171342
1220.886724,54,2594.978343
1262.751038,62,2595.941975
1265.591757,61,2596.865618
1216.028027,75,2598.01787
1293.297213,63,2598.89287
1200.196083,61,2599.804493
99.639166,48,2600.495096
1058.282245,64,2601.450641
1298.046639,65,2630.303318
1168.013714,53,2631.079888
1260.74063,63,2632.008477
103.280895,62,2632.970478
1091.695656,68,2633.986126
48.8989,47,2634.681772
108.346903,58,2638.573224
1162.908163,37,2639.178823
111.981882,87,2640.448097
1152.897225,45,2641.131739
101.937683,58,2641.967672
1243.180413,55,2642.782288
1170.931848,43,2643.430896
1265.188579,54,2644.271439
120.60026,79,2645.468125
1128.399568,42,2646.100771
1173.661077,52,2646.916771
1219.163742,56,2647.788309
134.451964,52,2648.584926
1227.929076,54,2649.375538
1195.976326,54,2650.162093
1263.916276,55,2650.989724
1147.850247,42,2651.654722
1246.901835,55,2652.49336
1167.960486,63,2653.454989
60.184749,47,2654.152548
68.981879,44,2654.809548
1186.557822,44,2655.523103
111287.193651219.438215,6411691269.784151255.747196,771203.391529,74,2658.277457
64.588165,49,2659.057019
1329.834143,75,2660.18565
1181.431253.766787,75,2661.1218.3171173.54738,47,2662.3188.039822,58,2662.586868
1162.031265.446312,58,2663.71191.61133.14433,67,2664.77678.791295.381475,68,2665.81085.51215.09767,56,2666.69213081169.165324,42,2667.36831140.838914,46,2667.491897
1314.110338,71,2668.545494
1270.007485,60,2672.442689
-32.341683,57,2673.284243
1165.445719,40,2673.899243
1185.371669,65,2674.928689
1212.769895193.595669,80,2671220.775023,56,2676.552838
1303.432888,65,2677.490468
1180.79489,50,2678.255093
1144167.1247.306914,53,2679.1261174.463542,61,2680.390651211271.669739,63,2709.654521171182.109739,52,2710.406512031179.0515,47,2711.0831511234.725191,64,2712.06979511132.11237.221614,70,2712.111159.91204.801024,51,2712.111146.960777,62,2714.340993121273.847022,58,2715.22654121117548.832193,53,2715.4811941299.313352,72,2717.004687.81230.486815,55,2717.761146.71272.824902,69,2718.828831
1285.623772,73,2719.897389
1272.117186,69,2720.985952
1167.457197,49,2721.680578
47.709438,55,2722.471132
1303.170208,76,2723.627693
1210.238385,49,2724.3305
1206.302819,73,2725.410142
1248.462468,56,2726.223758
1226.569032,57,2727.098411
1193.381714,49,2727.821952
1214.926541,63,2728.763983
1264.758797,74,2729.856596
1264.060828,61,2730.783202
1158.560059,35,2731.325152
1214.804489,57,2735.043341
1227.917406,60,2735.902899
35.451645,58,2736.755527
1223.123683,60,2737.658077
1130.980935,47,2738.353078
1307.320506,64,2739.280664
1137.68412,55,2740.126207
1255.439031,54,2740.939835
1151.235002,40,2741.505481831294.261795,67,2742.55921275141.848229,50,2743.25722117110.150087,60,2744.136851671279.239018,65,2745.071312191137.972337,68,2746.050012791164.874182,49,2746.814712311204.131119,54,2747.546357.91299.054163,67,2748.551206.51266.224283,57,2749.451245.79.998405,55,2750.242611
1282.868459,67,2751.203164
1216.189976,62,2752.108763
1200.158299,50,2752.833306
1240.925451,62,2753.750843
1228.348542,54,2754.538934
1310.748052,67,2755.54657
1184.370691,49,2756.22757
1190.282401,72,2784.668196
1208.281571,48,2785.429233
148.089751,58,2786.322757
1194.546339,48,2787.053296
1171.377178,51,2787.817966
1225.564997,63,2788.778581
117.70048,72,2789.796133
1153.129672,40,2790.368133
1335.999157,69,2791.330682
1235.061173,70,2795.363932
1266.724484,57,2796.163465
1144.564173,61,2797.089957
1230.936643,62,2797.99359
1254.870283,65,2798.934155
1171.124688,47,2799.657771
1200.446229,52,2800.427769
1208.324155,51,2801.174318
1225.833306,63,2802.166875
1178.16982,57,2803.050509
1272.72877,76,2804.125491
1256.455676,75,2805.225117
1274.24985,63,2806.205721
1268.408043,58,2807.098294
1258.741498,69,2808.112862
136.478954,59,2809.004419
1289.00429,62,2809.879025
1310.545126,65,2810.803473
1256.832222,56,2811.572037
1283.507775,72,2812.679652
1236.938035,67,2813.599275
1280.436743,65,2814.460183
1106.951048,53,2815.243809
1114.176601,43,2815.899343
1148.947151,42,2816.515989
1163.078084,50,2817.272989
1228.701626,54,2818.010631
1230.144265,66,2818.998252
1258.54226,60,2819.955893
1267.241898,65,2820.900451
1144.606582,40,2821.483001
181.727497,71,2822.549545
154.762097,56,2823.312544
1187.882805,49,2824.020452
1310.308362,71,2825.007993
1244.982479,70,2828.9282
1227.659406,56,2829.748821
1219.961214,56,2830.492375
1205.274103,48,2831.142375
1201.257338,55,2831.956003
1248.68724,55,2832.727599
1269.823365,65,2833.644251
1317.517988,70,2861.4492
185.479354,61,2862.319737
1318.841355,67,2863.243279
111.12488,71,2864.318911
1226.825408,51,2864.976522
1144.379666,46,2865.645136
1070.469015,52,2866.451138
1313.671975,63,2867.343789
1173.731173,41,2867.921429
38.601327,45,2868.567012
1218.722064,58,2869.457013
1208.369409,55,2870.186667
1275.362887,65,2871.140281
191.035622,64,2872.053841
150.300108,74,2873.125376
1199.6856,52,2873.874924
1216.876057,57,2874.709487
1201.353536,52,2875.425487
1211.914676,58,2876.294106
1210.161372,45,2876.939676
102.509049,53,2877.72523
1226.585437,51,2878.472802
1288.511535,72,2879.482347
1151.359753,39,2880.070345
135.703846,56,2880.890888
1207.695008,71,2881.846416
1273.439181,63,2882.788959
1210.991653,56,2883.603511
1265.171307,64,2887.469164
1289.641029,61,2888.379725
1282.468846,58,2889.21536
1212.76991,49,2889.953005
1187.239766,59,2890.773634
93.29692,42,2891.314633
891.155836,58,2892.178261
192.068873,68,2893.157926
1265.263362,60,2893.988492
1349.668675,72,2895.008066
1186.451826,47,2895.675704
221.578121,68,2896.643318
1310.31119,66,2897.595913
1265.730818,63,2898.494465
1231.171581,52,2899.240465
1250.441698,60,2900.10409
1270.264902,62,2901.048663
1142.921054,53,2901.81129
1230.143106,64,2902.681324
1217.274366,64,2903.613962
1177.448625,43,2904.25596
1153.211418,47,2904.964701
1270.176513,67,2905.938347
1166.984585,42,2906.51296
1146.033935,39,2936.572729
187.256649,77,2937.640338
1250.559691,69,2938.662203
1268.772248,68,2939.67475
1207.967166,54,2940.480938
1206.659543,50,2941.191938
1193.701276,62,2942.075567
1153.764621,40,2942.726136
1233.157343,55,2943.580755
1323.382584,72,2944.50131
1227.748254,69,2945.464309
1239.324542,58,2949.307567
1141.905069,36,2949.85819
101.069615,54,2950.636813
1213.170852,79,2951.709363
1293.38296,62,2952.627978
1180.582831,56,2953.441977
1225.055697,71,2954.422602
132.059174,79,2955.59072
93.870414,46,2956.260721
1216.066444,55,2957.039067
1218.960343,63,2957.95072
144.843153,59,2958.853235
1200.947531,46,2959.446235
1226.878025,58,2960.239835
1214.057101,70,2961.251407
1163.669845,44,2961.843037
1276.85684,65,2962.789593
1181.671998,46,2963.439601
1213.136939,56,2964.242157
1238.391733,57,2965.111786
1146.750694,44,2965.718338
88.114735,40,2966.358338
1219.96428,68,2967.303899
1285.424422,66,2968.206455
153.183622,59,2969.092079
1196.012074,44,2969.709643
1114.509974,49,2970.383643
1258.191239,61,2971.334665
1166.905818,72,2972.328281
1209.755668,52,2973.109914
127.860594,61,2974.024555
1266.120295,60,2974.915134
119.491414,50,2975.576686
131.423161,56,2976.391686
1320.807498,74,2977.482831
1279.475673,60,2978.353831
1172.321738,54,2982.088324
1282.459541,65,2982.965939
1281.572028,73,2984.009193
1232.688392,59,2984.904757
1192.604508,65,3013.825477
1283.789588,65,3014.707017
1220.270343,61,3015.603649
1142.900115,60,3016.447648
1191.042959,49,3017.170282
59.60849,38,3017.718841
60.019771,38,3018.21784
1240.12876,59,3019.053381
173.20094,75,3020.09004
1101.339594,53,3020.895602
1154.546566,40,3021.529173
1159.373417,48,3022.237173
1291.110392,59,3023.114114
1192.267126,59,3024.017659
152.054121,61,3024.845215
1247.729192,60,3025.731267
1273.331541,63,3026.62193
1219.836476,50,3027.302928
171.786491,63,3028.143485
149.242782,58,3028.99232
1260.640768,65,3029.902877
1228.820492,61,3030.791438
1247.578247,84,3031.995999
175.844809,63,3032.971623
1277.852535,66,3033.889167
1155.094837,41,3034.530797
1297.089848,74,3035.54735
1276.754309,62,3036.460384
137.409764,63,3037.328053
1156.127833,49,3038.036617
23.084,48,3038.766162
1256.433967,66,3042.665396
1210.445832,46,3043.346396
1142.097563,52,3044.124018
1264.869103,63,3045.073646
1172.029164,46,3045.715212
1332.490328,76,3046.834751
1274.887432,64,3047.753347
1155.986748,44,3048.439348
1291.036423,58,3049.300931
1314.034472,70,3050.323571
157.11463,56,3051.154194
1293.905822,69,3052.155814
1180.825902,48,3052.749956
1310.352315,63,3053.685521
1284.045228,62,3054.612171
56.00288,59,3055.420172
95.138667,48,3056.148968
154.188181,58,3057.03954
1216.345588,58,3057.903097
1241.900263,67,3058.838718
1216.634699,66,3087.848276
1224.617942,62,3088.714843
1110.283884,43,3089.355845
1304.451384,69,3090.389409
1239.154023,66,3091.382456
1242.920741,60,3092.230012
1128.158621,51,3092.958566
1248.373971,73,3094.043668
207.662591,71,3095.079215
1138.835419,34,3095.522785
224.6579,73,3096.664409
1183.05195,56,3097.448412
1226.366624,51,3098.173553
1261.677785,62,3099.047113
1213.508507,54,3099.862732
1146.026264,47,3103.543213
1289.700285,62,3104.434636
1229.587641,58,3105.259265
1166.550812,52,3105.976896
1244.579801,59,3106.815469
61.839333,40,3107.38947
202.482642,62,3108.27702
1299.028703,71,3109.277567
1242.203342,56,3110.090107
1161.735669,40,3110.674756
1229.155832,71,3111.759323
1252.985952,60,3112.59487
1234.179365,71,3113.622424
1298.630253,67,3114.588684
1232.957198,53,3115.364684
1138.322982,39,3115.888319
1296.360659,58,3116.686965
1200.9058,47,3117.431965
1152.898022,48,3118.136621
1129.413324,54,3118.90817
1340.219985,71,3119.997718
1214.928675,54,3120.784348
1227.682454,68,3121.824907
1089.178617,55,3122.682517
1148.537152,51,3123.354093
1248.249306,59,3124.243652
1322.085753,70,3125.284046
1203.211184,49,3126.132635
1179.21624,47,3126.85622
1234.268839,51,3127.603872
18.329381,47,3128.271831
1273.947695,61,3129.215384
1174.15185,63,3130.129
1163.748131,45,3130.847601
1240.44583,71,3131.892262
118.567054,87,3136.10682
1221.16696,55,3136.903441
1265.239397,59,3165.870381
1231.551767,72,3166.886925
1144.399778,40,3167.49156
1276.606392,67,3168.486197
1162.65615,46,3169.169194
1143.804888,40,3169.810742
1287.017792,70,3170.895277
81.33708,48,3171.559833
1133.134983,42,3172.221837
1206.823939,53,3173.025932
1293.20054,68,3173.971516
1237.890633,58,3174.855059
1246.22646,74,3175.918644
82.773135,57,3176.724201
1186.637171,68,3177.788644
1250.238433,69,3178.836199
1108.510704,41,3179.405201
1233.990205,72,3180.459818
1160.588533,42,3181.079425
1217.232056,54,3181.849606
1260.904227,70,3182.871156
1197.635184,47,3183.617772
1237.910881,64,3184.494618
1168.689334,43,3185.20462
1155.05128,44,3185.872229
1200.553757,57,3186.70583
1288.206182,67,3187.696382
1244.919896,57,3188.552029
44.751206,49,3189.289026
29.830441,45,3190.012648
49.390707,42,3190.579207
1172.661588,44,3191.164207
1270.820512,60,3192.078832
1122.52926,60,3192.952296
1233.722719,71,3193.966866
1222.55954,58,3197.789091
1173.973545,46,3198.516711
198.384599,65,3199.460006
1185.88449,49,3200.201548
1267.705442,60,3201.071093
1233.730309,49,3201.711729
1221.007823,75,3202.93328
1290.876369,67,3203.966896
1221.182287,55,3204.771449
1228.617794,53,3205.543969
1275.24993,61,3206.522573
1207.373246,57,3207.398572
1189.344535,46,3208.151176
1192.061902,55,3208.990729
1147.32819,55,3209.844274
1229.480466,62,3210.758899
1188.436531,63,3211.72846
-37.261502,59,3212.558342
1228.077318,58,3213.441342
1269.752842,59,3244.014538
1199.678716,47,3244.66713
1163.160872,39,3245.304129
1169.70597,45,3245.930123
1244.302224,55,3246.700742
1123.755821,50,3247.426743
1191.247005,44,3248.130381
1208.466488,56,3248.951959
1169.020822,53,3249.752514
1145.222765,39,3250.309516
1226.981042,52,3251.067142
1251.739474,72,3252.137769
1260.113752,69,3253.160407
1300.250417,63,3254.107956
107.43299,50,3254.940572
147.322382,56,3255.734122
1248.331433,54,3256.568516
1214.360444,56,3257.411519
1221.527466,58,3261.207778
1212.105537,53,3261.952404
1200.75739,48,3262.644965
1156.691067,45,3263.335991
1239.356284,50,3264.110543
1312.883901,72,3265.168176
1201.913616,56,3265.983728
1234.355645,59,3266.898306
1339.928401,65,3267.812901
1195.400675,58,3268.597408
1208.256154,53,3269.318409
995.679515,73,3270.434051
1197.438686,61,3271.292593
1288.02007,79,3272.454149
161.459744,63,3273.368749
1150.734451,47,3274.015306
125.443363,65,3274.946848
1218.137582,52,3275.698424
1310.075113,69,3276.617051
1222.508541,59,3277.501639
184.519048,73,3278.548182
1145.865831,40,3279.15718
1193.451121,59,3280.020738
1168.922101,49,3280.722329
1194.488622,56,3281.540971
258.2036,76,3282.621529
1274.689834,64,3283.45953
1217.929928,56,3284.326168
1290.425483,61,3285.296722
1169.124683,49,3286.034273
1230.160942,68,3287.000826
1221.328152,52,3287.771456
1200.270701,58,3288.652025
1261.740913,61,3289.64168
107.808874,47,3317.41258
1191.461873,45,3320.989757
111.332122,61,3321.882375
1108.117312,40,3322.542968
1123.2773173.092629,79,3322.1218.831287.628884,63,3323.81242.111247.411787,60,3324.61118.441243.219429,62,3325.51219.671249.583125,75,3326.643392
1189.137034,51,3327.363945
1232.454826,62,3328.247512
1176.773445,47,3328.895512
145.272534,69,3329.893069
1327.171512,76,3330.983171
1258.873176,75,3332.062809
1156.415058,39,3332.607809
1193.807591,61,3333.428369
1229.873029,63,3334.306926
1259.268457,58,3335.121017
196.960678,70,3336.115582
1213.568361,62,3336.963582
1238.20139,69,3337.933138
1249.014902,68,3338.887765
1180.36175,50,3339.664408
1247.135083,65,3340.588038
1170.155141,50,3341.28959
1080.222859,61,3342.132213
1217.498673,48,3342.806213
1164.482104,38,3343.365808
1192.616801,49,3344.055425
1141.791807,39,3344.621428
1153.331926,56,3345.456774
1297.684295,75,3346.504424
1161.397351,51,3347.300993
1236.20964,73,3348.405542
1232.810825,69,3349.355154
1132.102266,37,3352.791788
1167.678939,44,3353.378355
1269.223581,62,3354.329904
194.968503,60,3355.16953
182.631921,66,3356.150084
1151.104162,42,3356.738083
1232.44406,51,3357.483634
1247.85746,63,3358.458287
1272.650713,61,3359.329951
1140.627342,62,3360.227577
1216.50203,57,3361.096186
1203.444438,53,3361.889183
1224.833828,52,3362.614849
1224.288091,53,3363.426421
1150.943778,38,3363.938421
1201.324048,51,3364.716024
1337.717185,69,3365.796681
1201.887445,60,3394.242325
1278.886969,61,3395.148879
1247.420644,60,3396.042896
1169.880188,50,3396.760896
1166.286236,53,3397.552436
1245.610407,66,3398.492054
1328.928925,70,3399.522706
142.271177,76,3400.617254
1279.433,62,3401.523875
1230.114308,53,3402.25552
1199.982306,50,3402.986102
1241.513393,65,3403.98265
1294.632609,69,3404.943197
1219.616566,56,3405.779816
1139.340169,38,3406.409383
1169.840748,48,3407.120949
1179.177278,43,3407.783949
151.202858,69,3408.8165
1257.624621,61,3409.78414
1276.367433,60,3413.667412
1173.629367,48,3414.395063
1148.208562,52,3415.194708
1203.833482,46,3415.934705
1112.171628,51,3416.739246
1263.250802,56,3417.559869
185.629401,66,3418.529432
1227.203698,49,3419.273989
1179.025476,50,3420.013191.31219.213524,62,3420.9191.7211172.626383,44,3421.66.14501286.768736,61,3422235.426511298.212424,75,3423.636347
1152.383676,41,3424.232888
177.919657,59,3425.08342
189.044094,72,3426.102038
1266.365486,63,3427.043758
1210.586886,50,3427.799757
1232.221796,57,3428.649307
1106.64455149.930072,54,3421162.2121776.805822,57,3430.1244.679153.821284,61,3431.5208.44766.645379,53,3432.361315.369416,69,3432.859569
1156.077833,44,3433.499108
173.236846,61,3434.447734
1216.84009,58,3435.29629
1234.244084,65,3436.216849
1174.374432,44,3436.90884991189.9746,49,3437.71742211267.751038,67,3438.633976141314.119565,72,3439.759553
179.72586,65,3440.747192
-11.442654,71,3470.196
1194.451154,48,3470.908
1211.812214,55,3471.734558
1185.603447,49,3475.392758
233.543082,69,3476.406316
1229.47841,63,3477.33893
1176.342631,45,3478.029605
1284.941967,65,3478.954605
1255.009266,58,3479.865164
1301.346282,62,3480.808719
1173.555502,55,3481.584338
1138.057614,57,3482.522902
1134.690809,58,3483.383466
1225.29788,68,3484.404015
1224.27823,73,3485.442564
1247.141901,54,3486.219131
1164.135625,44,3486.93713
1260.319805,62,3487.828687
1215.783063,55,3488.578254
1104.541742,58,3489.458807
1228.403379,61,3490.331403
1195.431398,47,3490.947403
148.448377,60,3491.866951
1210.479981,47,3492.59551
1191.993689,75,3493.73312811187.408024,51,3494.470752251166.208953,54,3495.2913105.45.779655,44,3495.971311771232.053102,55,3496.7779201.1168.158774,53,3497.593184.71281.439152,64,3498.50157.054087,64,3499.873627
172.377474,71,3500.966254
76.0999183.497259,67,3501.245.523537,67,3502.630522
194.805841,66,3503.604981
136.864038,50,3504.352984
252.426655,71,3505.454554
94.993274,62,3509.357817
224.938391,63,3510.287446
83.307548,52,3511.073002
160.358175,67,3512.095932
135.501137,55,3512.907479
146.01055,59,351313.22997155.262226,54,35141275.1559221.001872,71,3515.654166
165.982434,64,3516.574429
177.010216,70,3517.658986
93.407974,48,3518.379986
93.791537,45,3519.07855
107.969667,56,3519.911186
182.500249,64,3520.858813
112.201624,44,3549.189515
110.794616,47,3549.892143
127.564752,50,3550.607697
202.733178,62,3551.547243
126.672052,52,3552.394242
73.200223,39,3552.976851
109.397307,48,3553.653405
35.975256,58,3554.562964
187.816353,60,3555.551513
139.49962,63,3556.550139
126.908431,43,3557.212139
127.346231,72,3558.261742
-12.933703,37,3558.846277
167.292102,57,3559.722838
95.753361,41,3560.295838
143.921183,48,3561.112471
164.055612176.740042,63,356124.4970741278.405414,66,35188.389866100.434982,55,356219.393171250.414351,68,35690.936769,1268.205928,75,356.320052,651170.567741,58,3566.322299
145.183003,5206.014843,63,31158.883237,140.402559,74,351227.4602054.335248,36,3572.1194.3792.943528,39,3572.8871237.045103,52,3573.219221
126250.632611,75,3574.7287811332.648835,72,3575.187326
1303.828347,64,3576.11932611229.746991,61,3576.979326141183.862217,39,3577.51232196.389272,75,3578.899323
89.81236.293975,71,3579.39192.631218.210529,55,3580.227.67551151.103257,47,3580108.387901240.459543,61,35859.781289,1247.543502,62,3191.94873,621322.777523,77,3584.001522
1167.980292,50,3584.741522
1178.020938,62,3585.651141
56.918146,37,3586.202693
1303.921232,72,3587.308331
1257.231553,63,3588.277965
1189.527438,53,3589.102584
1265.990743,61,3590.063139
1244.005511,61,3590.954139
1197.295728,49,3591.66776
1244.278657,73,3592.829395
1181.023496,65,3593.808038
1204.010197,46,3594.536987
1208.843567,50,3595.291634
1307.407009,75,3596.378301
1289.454854,57,3625.89878
1265.351243,63,3626.81942
1271.721855,62,3627.720988
1204.453828,66,3628.654601
1288.349359,59,3629.56224
1275.152043,69,3633.452442
1255.201951,65,3634.455668
1172.292799,69,3635.519221
167.702799,57,3636.38546
1237.027554,57,3637.153019
101.090857,55,3637.966019
1264.693026,62,3638.901956
1223.606712,61,3639.771503
1276.043174,63,3640.726049
1210.151846,71,3641.813609
1270.050858,70,3642.870172
1207.154838,61,3643.788802
1148.411862,48,3644.456357
191.098728,66,3645.424927
1253.77208,53,3646.104477
1343.592563,69,3647.116112
1298.837576,65,3648.117725
1300.149032,79,3649.225279
1226.381911,50,3650.029916
1139.410801,53,3650.825916
1234.749641,50,3651.527552
1210.261419,53,3652.311092
1232.786945,70,3653.33871
1172.971761,45,3654.05227
134.178399,54,3654.910271
1325.671832,67,3655.939862
1235.634435,57,3656.774483
1140.946103,46,3657.504047
1352.865044,75,3658.632615
117.297928,45,3659.282173
1171.72506,55,3660.131731
153.204974,56,3660.922731
1222.992909,54,3661.721289
1216.409168,54,3662.533837
1155.332786,53,3666.258023
1131.243445,40,3666.904023
1323.497207,70,3667.905667
1174.877811,50,3668.646257
1246.53334,62,3669.540809
72.418099,40,3670.107373
1197.423675,64,3671.121011
1133.919868,40,3671.755012
1206.223412,50,3672.43057
1298.04087,66,3673.44018
1199.24791,60,3674.372787
1238.094451,57,3675.229338
1274.210364,67,3705.260846
1259.186757,52,3706.020463
130.746341,47,3706.691463
1326.290683,75,3707.826102
1183.590578,58,3708.672687
1239.210354,65,3709.632289
1282.854433,64,3710.563833
1119.854765,58,3711.414385
1221.429818,67,3712.380014
153.264792,59,3713.295571
1312.598719,65,3714.247216
1229.816769,55,3715.103705
1265.601452,60,3715.957705
1179.418314,40,3716.469317
195.214622,62,3717.359906
1226.796616,51,3718.163472
1199.6759,58,3719.033016
1266.80742,60,3719.926016
191.606937,75,3721.001126
1186.621784,47,3721.689126
1219.546325,52,3722.451684
132.90168,70,3723.517242
1074.214237,57,3724.386896
1288.905411,71,3725.413476
1231.372823,60,3729.275781
1280.219635,61,3730.174652
1290.674472,72,3731.326288
1254.282242,60,3732.176913
1243.84522,56,3733.045534
1269.112344,75,3734.193784
1285.20884,59,3735.109344
1266.971576,64,3736.03389
1204.39546,51,3736.762891
1155.293973,39,3737.349453
122.029273,51,3738.055021
74.685783,40,3738.71602
1240.831475,61,3739.672632
1259.683819,58,3740.585186
1209.782885,51,3741.363759
1174.958218,62,3742.284299
1271.187301,62,3743.235852
1205.914588,51,3744.074411
1092.608071,57,3744.92741
1169.130341,60,3745.860966
1229.518447,57,3746.679533
1200.706601,52,3747.518199
121.687661,66,3748.48274
1178.162637,41,3749.0933
1275.459405,63,3750.016906
1204.107395,64,3751.034394
1282.545799,65,3752.010123
1257.386585,63,3782.910439
91.787971,40,3783.554069
1275.603702,55,3784.382892
101.506886,58,3785.262425
1211.991382,56,3786.129978
1277.782367,59,3786.998707
1235.301013,57,3787.851709
1251.741163,57,3788.777837
1278.366796,59,3792.616115
1226.21388,73,3793.730733
1270.803813,72,3794.808306
1252.308307,58,3795.699863
1236.509733,55,3796.513407
1185.542273,45,3797.24597
1222.476003,51,3797.997614
137.385051,46,3798.687614
1229.394569,53,3799.507033
1135.934872,40,3800.141659
154.119808,58,3801.062221
1251.856733,54,3801.863221
1252.214806,66,3802.817785
1238.007508,61,3803.737354
1260.02819,67,3804.763981
1275.180013,60,3805.60854
1296.873666,66,3806.615171
1180.571588,43,3807.258945
1172.631863,42,3807.918945
1150.489421,44,3808.611509
1178.231595,51,3809.423074
77.953059,43,3810.079675
1214.268967,74,3811.124992
1161.080438,61,3812.028537
80.422347,42,3812.675537
142.552018,56,3813.475126
1216.476307,49,3814.233774
1161.168902,50,3814.946774
1170.707328,55,3815.772367
1187.913521,48,3816.548984
1288.905672,64,3817.504233
1176.202755,55,3818.399785
1294.481611,62,3819.34835
1288.808821,64,3820.39093
1169.728203,44,3821.00354
1213.773262,54,3821.850654
1279.202606,62,3822.776367
1163.176548,39,3823.38901
1254.391112,59,3827.228235
1316.092485,74,3828.375837
1201.610391,49,3829.102487
1241.865182,56,3829.968487
1216.011287,53,3830.799085
1210.451238,49,3831.546711
1150.987054,43,3832.242375
1195.222418,54,3833.084933
1241.674127,59,3834.042482
160.915085,65,3863.431834
1249.058754,58,3864.334384
1150.392969,40,3864.908384
1275.996311,70,3865.966989
1143.475905,59,3866.860608
1207.786188,54,3867.632254
143.832302,54,3868.457794
1183.959385,48,3869.252415
1262.745175,59,3870.193633
1332.384337,69,3871.325193
1237.48486,61,3872.23282
1226.183039,51,3873.044435
1271.185754,62,3874.007977
1129.765344,57,3874.88798
1264.87355,63,3875.773529
1279.90046,79,3877.029762
1191.210281,60,3877.930763
1261.339099,60,3878.888313
1250.585963,56,3879.798963
1204.218186,59,3880.736253
1116.922507,56,3881.586803
1280.316589,73,3882.691369
1292.813451,68,3883.694918
1265.530449,60,3884.555485
1222.766351,52,3885.286027
1169.577181,44,3885.968026
1285.299296,67,3889.918202
1136.930968,37,3890.486784
1168.215111,44,3891.206411
1126.502147,48,3891.86941
1284.1453,69,3892.928018
1190.031537,50,3893.659636
1206.491253,58,3894.536188
1289.121735,70,3895.572751
1222.385875,55,3896.388316
1287.077297,68,3897.398566
160.643311,72,3898.441117
1223.69027,50,3899.197683
1271.8205,78,3900.273353
1175.806471,48,3901.052899
1241.31747,58,3901.953899
1204.235686,51,3902.695562
1255.435113,56,3903.483191
1170.867631,39,3904.019752
1224.452842,53,3904.779752
1167.077568,39,3905.338328
1148.094002,57,3906.15999
1259.481143,63,3907.083543
1314.649417,72,3908.153116
1190.651041,45,3908.817114
1138.558789,60,3909.647744
1175.941614,41,3910.284157
1162.046443,48,3938.802681
1279.203039,68,3939.798255
1281.303722,60,3940.76281
1193.918673,46,3941.466365
209.013551,72,3942.569905
1276.95183,62,3943.501486
157.790703,56,3944.32567
1286.059027,61,3945.285221
1233.918744,50,3946.011787
181.389042,56,3946.904787
63.916546,40,3947.399348
1177.092232,44,3951.099579
1271.746748,63,3952.030183
1313.334586,62,3952.977183
1333.849466,72,3954.027283
1260.73813,56,3954.897285
1243.908978,55,3955.731835
1249.395415,57,3956.530381
1308.027732,64,3957.369004
1168.79481,49,3958.037562
188.300304,61,3958.971283
1252.752872,55,3959.814884
108.135967,50,3960.590426
1215.145686,62,3961.522055
192.924132,58,3962.432682
1210.926166,46,3963.162333
1242.326738,53,3963.928331
1208.975735,57,3964.786734
1135.929475,39,3965.356295
1264.050158,69,3966.427847
1149.023977,42,3967.085408
1271.612682,65,3968.034484
1198.4023,47,3968.751484
1232.272589,54,3969.560033
1172.726086,46,3970.249667
1212.236631,59,3971.13322
137.464873,50,3971.89322
1207.596724,63,3972.797858
61.695024,47,3973.554414
1181.670251,64,3974.529045
1200.8244,63,3975.523585
1224.914877,57,3976.331759
1294.058889,66,3977.339394
1301.941709,63,3978.281962
1284.950617,63,3979.171514
1251.543892,54,3979.971514
1264.372449,58,3980.796111
1258.227864,59,3984.572352
1159.663904,59,3985.458701
1171.805194,45,3986.07927
1234.585866,49,3986.82227
1246.003382,61,3987.768896
1220.895718,59,3988.661454
1207.704199,65,4017.969518
1287.826926,65,4018.916517
1205.296042,44,4019.530164
1197.792098,55,4020.374712
1214.207517,51,4021.109599
1149.514669,59,4022.040153
-67.182232,66,4023.04177111314.931125,72,4024.09433611229.452169,49,4024.842336173.77561,53,4025.58291
1230.415919,53,4026.394559
1231.78562,74,4027.407114
1227.900742,55,4028.220681
1110.730357,37,4028.781681
1225.345465,54,4029.599333
183.383411,79,4030.748966
1274.16643,60,4031.675524
1227.061968,69,4032.641146
1245.917929,70,4033.738719
1180.719905,45,4034.398272
1210.119577,51,4035.097883
1085.758989,55,4035.98843
1223.304747,62,4036.89343
1203.681165,53,4037.747051
1146.442461,57,4038.614694
1175.519,45,4039.266246
1177.528598,41,4039.936246
1282.120606,63,4040.857793
1176.654538,50,4041.549369
1254.607615,55,4042.346917
1268.798648,59,4046.130181
1267.417726,62,4047.197179
1229.718981,65,4047.713745
1295.35633,65,4048.65728411222.386259,60,4049.57585311220.423489,52,4050.31885111111.011553,38,4050.8988511299.620867,71,4052.319583
1156.692474,44,4053.054238
102.667523,60,4053.959857
1300.871782,70,4055.087482
1288.990684,69,4056.123091
136.101399,74,4057.178654
1202.774838,65,4058.159281
1271.968004,60,4059.080827
72.721478,48,4059.858431
97.734658,53,4060.656065
1194.623442,51,4061.420068
1166.330083,55,4062.228646
1138.656918,36,4062.789237
145.776023,52,4063.5488
1125.765727,72,4064.600348
1204.731005,57,4065.482967
1258.693727,58,4094.406834
1301.631353,67,4095.395388
1162.543049,69,4096.326006
88.298877,86,4097.585118
1222.143333,69,4098.628668
1213.642204,51,4099.411669
1198.808226,51,4100.1283
1284.297508,68,4101.208907
1129.353132,39,4101.761474
1170.427339,51,4102.499013
1231.02451,56,4103.326012
1176.896304,50,4104.101616
174.053533,63,4108.003949
1077.999784,57,4108.909503
1291.78717,70,4109.94613
1303.611251,60,4110.819892
208.575076,61,4111.699369
1172.780767,44,4112.367369
1281.912607,65,4113.325555
1160.079329,54,4114.120103
1200.441424,56,4114.935657
1172.55345,64,4115.91221
1215.027791,59,4116.794756
1233.237988,53,4117.58736
1198.341604,47,4118.33036
1157.094956,47,4119.023914
1259.993219,56,4119.896469
1173.66456,45,4120.602103
151.755155,67,4121.581656
1194.51225.913806,62,4121.971219.596635,53,4123.114565
1300.889218,71,4124.18912
1186.31277.262793,62,4124.561189.1174.456279,41,4125.261170.61224.579678,75,4126.331211.21142.867925,45,4127.1184.2651316.78448,77,4128.11219.2159.347477,81,4129.443162.61231.229994,56,4130.26197.801287.138681,64,4131.21277.421166.678523,60,4132.11177.680343,68,4133.547403
1242.431293.277201,65,4133.91196.8372.038517,55,4134.816125.21304.219407,65,4135.761179.224.578061,74,4136.8191161.96.217104,54,4137.626331221275.884025,80,4141.913894
1101.842578,64,4142.830456
1138.890286,38,4143.41308
1280.39649,75,4172.865934
1236.496003,50,4173.656563
1189.702702,51,4174.380106
167.728249,84,4175.602679
1226.490607,52,4176.426231
1185.34802,48,4177.183769
1072.009317,56,4177.996396
1186.213797,55,4178.853397
131.575356,64,4179.855773
1274.548084,73,4180.975323
1183.917985,67,4181.960936
1257.735855,55,4182.769489
1165.012419,44,4183.487114
1197.050918,64,4184.496653
1321.089731,66,4185.509222
136.243487,62,4186.441254
1179.657137,56,4187.266895
1288.537772,58,4188.116472
1196.843105,67,4189.13309
245.556883,68,4190.097667
1254.906982,60,4191.03722
1250.289774,60,4192.006825
1260.070456,58,4192.813825
1233.017437,57,4193.679471
147.810956,66,4194.709027
1155.66053,37,4195.308564
1210.143606,50,4196.103122
1234.399886,57,4196.952121
86.94754,71,4197.98075
1277.175409,56,4198.839315
196.012488,80,4200.036438
1247.556986,64,4203.923094
1242.743902,59,4204.744642
1230.493934,57,4205.625273
1222.773372,65,4206.585916
1249.120513,61,4207.538558
1251.013584,61,4208.502473
1317.695111,66,4209.548077
1204.478736,57,4210.426706
1186.957472,53,4211.240247
82.676955,59,4212.135843
1228.606057,54,4212.994461
1205.267752,49,4213.786462
1246.512913,61,4214.702016
1222.712404,53,4215.560571
1190.994497,47,4216.317119
1296.923652,63,4217.258679
1266.00232,59,4218.171239
1281.992321,61,4219.051799
1306.864835,64,4220.03143
1203.258892,47,4220.74243
1199.351094,55,4251.348605
1218.935233,67,4252.318245
1261.311888,59,4253.283876
67.191692,38,4253.876876
52.630585,32,4254.40844
179.169558,54,4255.241997
55.528724,39,4255.83299114131.547341,47,4256.56154816139.541712,58,4257.41671213151.394468,67,4258.48433947.416695,86,4259.848949
1298.453415,71,4260.959466
1155.457776,66,4261.3520131275.902587,64,4262.734676
152.98323,68,4263.863223
1201.049128,49,4264.59184911276.185473,69,4268.545045121189.752587,52,4269.29504192.636145,59,4269.481616
81.01203.712412,56,4270.76106.821181.200024,41,4271.482.1186111.231061,57,4272.110.63241211.514146,45,4272121.481111215.170069,68,42764.4968041251.916398,73,4275.091526
1187.831587,53,4275.846169
1217.064281,46146.513563,471153.640581,50,4277.358781
105.460685,45,4277.994331
1265.976379,58,4278.913948
1148.456082135.82204,57,42791221.747225,66,4280.712121
1267.262176.340138,63,4281.01267.63194.22028,70,4282.1291184.107.151946,48,4282.93521271.56404,60,4284.268835
1112.860667,49,4285.091391
1193.198361,46,4285.84903311218.135021,55,4286.710579581184.745734,52,4287.545201.11314.521287,68,4288.5264.9871201.734179,58,4289.157.33071279.031069,72,4290118.771721201.666925,61,4291.551578
1181.701494,50,4292.390578
1207.364015,48,4293.129142
1275.072257,67,4294.175694
1268.235456,76,4295.283243
1302.267764,67,4296.317808
1317.526402,64,4297.249344
1184.405438,48,4298.033281
1235.093658,64,4299.036843
1207.173933,52,4299.825402
1303.226515,64,4303.779662
1179.666388,48,4333.30148111226.916716,56,4334.218024141193.866834,45,4334.9356156.1233.810114,57,4335.82225.451245.917643,60,4336.7155.107241,64,4337.04333
73.713701,65,4337.961329
177.283243,56,4338.821883
181.152634,62,4339.790428
183.312697,58,4340.642068
53.579688,56,4341.573707
176.006728,65,4342.524265
108.405125,62,4343.480816
33.209751,35,4344.023368
66.078768,54,4344.827368
65.309313,59,4345.75891
223.8548,63,4346.679469
145.312355,54,4347.516111
222.492763,71,4348.611738
103.258946,52,4349.331285
201.433453,62,4350.292846
34.440847,34,4350.877848
145.296705,55,4351.684401
185.993034,53,4352.470961
156.095589,56,4353.3746
67.904782,42,4353.989152
119.618301,50,4354.730153
57.870558,32,4355.266726
122.981223,53,4356.09029
170.247025,54,4356.884459
167.667763,75,4358.014629
101.199481308.545418,63,435150.8037921284.161346,74,4326.715623,61212.832925,51,141.986176,661199.962235,64134.392126,55,1202.356228,599.912506,45,431166.021874101.493072,48,4361211.6534999.160826,50,4367.1200.068127.310222,51,4368.21235.05944,72,4369.579928
-104.194.839733,44,4369.5152.11377.016953,50,4370.465.8035205.902859,62,4371.229.6108111.145888,49,4372.192.7516158.380254,62,4373.98.55380164.502275,59,4374113.41940170.916007,57,437100.506596155.554306,52,437133.31489835.651752,38,4376109.19788224.353892,65,43774.502921,158.951673,70,4378.280282
137.825114,59,4379.18213
174.196418,54,4380.017733
68.282876,41,4380.677733
160.608815,76,4409.904658
110.845522,42,4410.537249
111.420391,49,441128.76105481.096866,41,44180.026063,181.572875,57,44134.63291,562.621976,37,4455.979429,320.906093,56,4145.227852,5116.310043,58,4138.580434,5108.758037,43,4168.31905,65139.269206,51,174.923022,58118.429825,49,139.276629,71,4418.807844
75.830911,41,4419.424843
70.866876,60,4420.320433
53.743595,38,4420.886507
182.736889,61,4421.852068
73.817475,43,4422.529703
159.457069,58,4423.348704
94.91312,39,4423.989278
192.529193,73,4425.115899
126.65442,58,4428.962673
198.567197,62,4429.95826
166.837587,57,4430.787894
115.215695,41,4431.439896
33.348359,33,4431.889506
201.876361,65,4432.914142
132.354487,52,4433.672695
98.011872,49,4434.412695
164.15736,53,4435.23125
66.541511,50,4435.950867
153.611822,59,4436.850431
110.441982,44,443214.91704115.502696,46,4438109.84094211.349579,67,4439210.4509,116.213319,48,44149.833134,74.730919,46,444142.326912134.12399,50,4441102.23492195.438197,67,4442171.90514176.624866,59,4443174.45903215.918636,66,4444196.0323493.882144,45,4444.56.19154232.764725,65,4445130.58660156.905783,67,4446.942292
100.610866,41,444107.84187797.615581,62,4448191.55676169.302674,60,4449.429826
72.655812,41,4450219.89202192.885885,57,445191.6151579.302279,39,4451143.52981104.346379,44,4452247.262881,74,4452.583147
202.736796,58,4453.469745
145.450621,50,4454.272613
158.064635,56,4455.108245
124.34323,58,4455.987791
106.6843959.424949,58,4457.218.705426.487078,65,4487.294.050145.417712,57,4488.1207.955197.019543,69,4492.189.8692167.96622,55,4493.099.663180.363809,73,4494.170364
137.148745,64,4495.161942
108.121369,53,4495.977492
158.598514,53,4496.774042
41.13708,43,4497.446042
152.076263,55,4498.337673
97.316348,49,4499.0197.391.111565,40,4499.6251116.80.122617,38,4500.28715125139.502651,64,4501.23751191136.23803,53,4502.004052189.842892,66,4502.416696
91.11139,42,4503.03228
107.170.558106,66,4504.4184.624139.053855,53,4505.3171.847144.784522,61,4506.164.471489.839616,44,4506.758.7589146.679801,62,4507128.07780137.207941,46,450865.67311164.733214,61,4509220.58577123.783869,47,4510190.00448199.914998,70,451165.478408194.237223,67,4512.241461
65.477805,40,451209.96932542.681343,55,4513108.3920094.754621,42,4514.146.9175132.917157,59,4515121.22193113.828251,76,451191.4641611192.755175,46,45208.2694741203.12124,57,451146.908337107.853646,68,451179.179857109.685795,44,451161.0609241211.945192,58,45187.967652,194.744776,65,45151.425787,1143.652055,57,4180.950004,1309.895148,69,4141.098065,61191.775777,51,191.60178,63,204.344102,66,4527.83985
1246.063613,5222.737942,63,4124.747192,5137.002603,55,41245.551253,177.794591,61,451145.635407227.320269,72,4531191.81746106.711581,44,45311217.9216148.570544,50,4532.1229.01161.232463,36,4532.751297.886642,63,4534.116116
123153.995992,57,4534.407667188.686473,67,4535.868211
11249.876306,68,4536.1777531264.284618,63,4537.410752
1213.534111,56,4569.40663811246.787592,67,4570.307212181255.712092,57,4571.05602971311.219639,71,4572.0685219.1218.203561,53,4572.801213.874.82144,38,4573.2931566.931325,60,4573.636394
94.171276.495871,71,4575.095.86201298.259442,72,4576177.159471246.669578,57,457236.0732591239.404587,57,45154.870136,57,4577.739389
100.741285,74,4578.784941
104.038865,46,4579.392504
100.068136,60,4580.237067
1287.855327,63,4581.131662
1329.261965,68,4582.088303
232.22253,68,4583.162855
1141.696214,47,4583.784856
207.730858,71,4584.881481
154.637825,58,4588.666686
1281.870248,62,4589.562256
222.267892,66,4590.547813
1244.640817,61,4591.444461
1252.877363,67,4592.322027
1192.608974,55,4593.135581
1297.161822,71,4594.14615
1197.108679,45,4594.78815
1284.470755,71,4595.806709
1186.503102,46,4596.495281
1190.559795,47,4597.078473
1188.999188,48,4597.775473
1239.958247,54,4598.605028
1201.940719,47,4599.249565
1242.919297,52,4600.013209
141.947748,53,4600.820206
1235.284124,53,4601.61484
140.886245,51,4602.32642
110.616149,44,4602.873419
112.718843,52,461316.467044110.09609,45,46041177.9883126.967854,49,4604.141.84241202.110302,56,4605130.943821342.756343,73,460118.8162051271.751259,65,461322.004798220.265623,61,4601258.390651139.543173,36,4601234.1165767.752184,42,4609.1265.2991210.751307,52,4610.1217.4961255.141973,67,46111114.384201.937489,65,4612.41268.411228.416454,66,4613.31199.32176.473312,62,4614.271266.51155.496119,54,4642.441217.41184.059376,52,4643.141222.1285.120673,60,4643.9931157.1271.015533,72,4647.9801258.108.581376,46,4648.6141179.1241.258474,55,4649.43495.191155.05101,48,4650.161255.6136.626437,69,4651.1411264.1170.563427,44,4651.7601219.1179.974372,50,4652.4901183.1198.362725,43,4653.092190.71252.041188,80,4654.191250.01252.310547,71,4655.141252.41221.15905,68,4656.09212101186.944094,49,4656.78981291212.538038,60,4657.57908172100.30453,47,4658.249262111228.752345,57,4659.078868111323.888345,67,4660.06091161103.006563,52,4660.827902
1185.474871,50,4661.55951
1168.075989,45,4662.184144131209.959569,53,4662.949143161221.673921,59,4663.800711245.426159,72,4664.85366211209.671647,47,4665.5032541116.695763,56,4666.278832
1284.876495,62,4667.144429
1136.892167,39,4667.680429
1185.108314,42,4668.2697431153.012048,55,4669.082429
1229.292206,58,4669.896383
1155.033816,47,4670.54697211211.448082,70,4671.48259411215.458845,50,4672.23524111156.589732,60,4673.104878190.202732,48,4673.732877
1359.670053,77,4674.780435111230.889536,51,4675.5160535.1181.277626,40,4676.091163.21251.549914,56,4679.761163.71199.606085,52,4680.541242.61187.063822,46,4681.161277.21180.002762,41,4681.781308.68997,71,4683.195129
1278.159096,55,4684.024754
93.663878,47,4684.698305
1253.136321,62,4685.510869
1233.655242,55,4686.320868
1283.134076,70,4687.275429
1233.394063,49,4687.979988
1152.083907,50,4688.729593
1322.128842,65,4689.658143
1159.131744,43,4690.30262
1219.281805,52,4719.877293
1192.045975,64,4720.786961
1273.761631,77,4721.852515
1247.723359,58,4722.689067
1218.653441,64,4723.619618
1212.390797,59,4724.440618
1286.975702,67,4725.339172
1257.409366,72,4726.279171
1181.842985,56,4727.052804
44.030114,37,4727.59945
1160.844477,59,4728.406957
1275.075743,64,4729.351514
1284.969198,68,4730.27112
1210.82075,61,4731.109669
1254.848135,60,4731.968669
1162.309208,44,4732.661204
1288.85255,60,4733.454204
1269.662276,79,4734.530124
1220.464103,66,4735.526651
1259.462745,58,4736.351652
1281.851475,68,4737.275283
1287.659345,61,4741.068426
1194.145647,67,4742.028816
1239.339092,77,4743.05637
1242.661895,54,4743.832926
1217.262971,63,4744.672481
1329.08118,73,4745.801084
1257.810394,67,4746.740618
1242.23718,59,4747.549263
1206.883171,64,4748.455264
1185.102646,54,4749.169808
1250.82459,56,4749.991355
93.832537,46,4750.682962
91.860085,56,4751.453224
143.592311,64,4752.381498
1183.772055,46,4753.056124
221.013548,67,4753.99073
1189.604225,48,4754.673239
1284.793398,67,4755.656808
1174.400699,47,4756.299808
191.407414,79,4757.365417
1232.759639,55,4758.131023
1298.344606,62,4759.008535
1215.267226,59,4759.875118
1194.176572,51,4760.594986
1312.63062,64,4761.490634
1298.409833,74,4762.553245
1242.025318,53,4763.320245
1170.546377,41,4763.939894
1293.369911,75,4792.458805
1247.228231,53,4793.235804
1233.992238,53,4793.957149
1225.797628,72,4795.014692
178.240781,67,4795.95925
1214.560119,59,4796.742852
1218.493138,51,4800.435488
1114.285281,38,4801.014038
1252.175657,74,4802.071661
1201.766575,60,4802.958231
1198.784033,64,4803.894862
1234.722397,62,4804.809819
1260.95702,69,4805.849671
131.957282,67,4806.755251
1271.789268,61,4807.589807
1236.400434,59,4808.409805
1163.789912,43,4809.080447
1276.426103,58,4809.937062
129.343293,68,4810.946984
1319.524992,69,4811.903534
59.640323,36,4812.52721
1209.201276,58,4813.389159
137.465665,57,4814.24789
1164.487473,54,4815.052448
1265.256564,57,4815.920052
1297.784116,67,4816.856671
1260.891817,56,4817.612303
1247.240799,55,4818.414303
1276.905873,64,4819.368859
1173.202523,40,4819.890463
1285.227323,67,4820.912149
1250.818505,59,4821.746726
1203.992803,49,4822.446725
1300.010433,64,4823.421363
1306.167608,66,4824.404969
1144.144716,41,4824.968595
62.50834,57,4825.790201
1338.591097,65,4826.754752
1180.954737,41,4827.296749
1192.195837,56,4828.083295
1232.051992,50,4828.77085
1222.858004,55,4829.612478
1158.703461,67,4833.542568
1181.865765,41,4834.215569
1250.062282,71,4835.258207
1291.894334,64,4836.17683
1167.477284,49,4836.9627
1268.3491,64,4837.855288
1268.434338,68,4838.869921
1277.084161,64,4839.798477
1242.063547,54,4840.586027
1180.187606,51,4841.341024
1286.728303,62,4869.928809
1226.365401,55,4870.699368
1208.652123,63,4871.651008
1237.369575,57,4872.524642
1319.27241,76,4873.540186
1179.762142,46,4874.256186
1287.295753,71,4875.302802
1322.568113,73,4876.334354
1236.177488,59,4877.191905
1271.582479,66,4878.236516
1145.673679,42,4878.87308
1107.411576,86,4880.086711
1237.520738,54,4880.864348
31.360929,40,4881.473903
1183.435585,45,4882.156903
1299.263926,66,4883.126539
1244.902451,64,4884.09687
1219.016308,46,4884.744486
1153.723765,46,4885.429485
1215.925798,57,4886.212102
1210.279979,53,4886.953598
1258.155765,58,4887.831159
1161.706339,57,4888.61985
1227.358411,53,4889.405842
1170.313419,63,4890.341398
1254.392143,70,4894.305661
66.50341,40,4894.873296
1195.614236,43,4895.529846
1189.374634,49,4896.232847
1176.748333,46,4896.985425
1133.836958,49,4897.705975
1260.969303,56,4898.552525
1277.245265,60,4899.439565
1226.546446,63,4900.395064
1192.372644,49,4901.126624
1218.260744,52,4901.839176
1161.644563,49,4902.544729
1188.31316,48,4903.269728
1148.778259,42,4903.851291
1119.909555,56,4904.691635
1230.551042,50,4905.374634
1213.631345,49,4906.060218
1228.155315,75,4907.183835
1176.195225,45,4907.77118.951140.107123,61,49081157.71191202.865574,64,49091320.07531198.554324,68,49130.76976,71185.904391,48,1195.251563,4130.757221,60,41214.456586,1304.04781,71,4913.158507
1199.776839,50,4913.901037
1245.366711,58,4914.740595
1198.636785,48,4915.491181
1145.688737,43,4916.124136
1207.680146,64,4945.32587
1265.145776,65,491281.8619911190.661045,49,4946.945121
1276.43387,64,4947.874674
1249.005264,69,4948.850327
1258.088197,76,4949.991011
1215.917576,54,4950.688568
1260.211361,63,4951.602182
1293.833422,61,4955.3687
1303.160367,62,4956.310246
1237.066197,57,4957.144935
1270.629106,57,4957.952517
1205.99099,55,4958.818165
1236.660755,50,4959.607365
-41.950636,64,4960.467989
1326.315011,67,4961.41199
1213.714769,49,4962.11357
1231.044867,55,4962.883113
1205.692574,73,4963.911726
1345.844483,74,4964.962936
1255.973035,55,4965.762558
1244.625652,59,4966.561139
1231.364145,68,4967.648352
1247.306521,73,4968.713985
1159.812793,49,4969.422988
1172.877454,46,4970.100538
100.728615,68,4971.109092
1324.987413,73,4972.2877
1205.925786,48,4972.83329
1235.754362,61,4973.740828
1189.173013,46,4974.469395
214.393953,73,4975.477935
1286.026075,63,4976.382935
1233.720186,50,4977.055489
1242.828364,72,4978.13504
1304.786642,68,4979.069633
1144.751877,45,4979.75817
1202.406262,51,4980.475275
1207.98566,57,4981.343275
1249.068954,56,4982.136275
1239.761899,54,4982.934886
1281.89244,67,4983.875439
1173.11476,42,4987.41007
1319.884405,67,4988.377627
1212.636871,66,4989.365185
1221.306841,64,4990.272748
1175.17628,65,4991.253288
1267.759855,54,4991.959879
1282.800918,62,4992.974401
1316.178079,72,5022.968446
77.12063,50,5023.738994
1140.556977,56,5024.545664
1192.388623,48,5025.309618
1228.29249,52,5026.078238
1275.596356,67,5027.101844
1224.223254,70,5028.121529
44.786808,65,5029.028066
200.851572,75,5030.172661
1184.78362,46,5030.82728
1312.085857,77,5032.004922
1196.062682,51,5032.724466
1198.131381,43,5033.310477
1225.866368,52,5034.065974
1278.765016,62,5034.951525
1179.548084,51,5035.653068
1220.030357,62,5036.490731
1271.695629,59,5037.448734
1107.509677,52,5038.209357
1133.603467,37,5038.798952
1140.564439,39,5039.296999
1243.419558,59,5040.121561
118.565697,58,5040.985139
1197.329551,47,5041.666693
1207.777929,48,5042.370693
1253.609382,62,5043.251312
1213.989268,66,5044.129962
1272.46177,70,5045.198601
1295.421012,61,5046.022187
1212.068025,56,5049.856375
1135.040814,48,5050.556926
1210.622512,60,5051.410427
1328.129602,70,5052.374088
1161.865441,50,5053.12471
1317.977824,70,5054.088265
1043.306088,66,5055.062874
1183.964162,46,5055.755416
133.817672,69,5056.774065
1263.361848,63,5057.677255
1166.007004,45,5058.335255
1253.785935,53,5059.079797
1118.255771,37,5059.644431
1205.000752,47,5060.355432
1233.165683,63,5061.253006
1213.181335,60,5062.173639
1163.11329,44,5062.878833
1151.352887,42,5063.500381
1198.899585,52,5064.278381
1207.445727,51,5065.059014
1241.188731,54,5065.857569
1234.463178,58,5066.714129
1298.956917,74,5067.72414
1206.05838,56,5068.553295
1088.170631,37,5069.082294
1165.690473,47,5098.026082
1242.389347,52,5098.791694
1193.509521,54,5099.525304
1143.165752,41,5100.212306
1269.362217,58,5101.057757
1166.962549,57,5101.893493
1197.183906,51,5102.660168
1183.850268,56,5103.48174
1272.703948,58,5104.363697
1196.090606,42,5104.95429
124.686898,55,5105.802849
1163.387792,42,5106.379844
1288.720654,60,5107.305468
1143.478365,55,5111.052769
1298.668489,70,5112.109343
1172.446821,50,5112.84096
1244.834728,54,5113.626575
1201.803554,55,5114.455575
1176.024939,48,5115.150192
1212.169009,50,5115.920388
1340.081596,70,5116.918043
1154.70307,57,5117.747243
1328.56781,69,5118.716215
1198.113796,51,5119.516762
1175.740933,51,5120.248762
1274.712779,65,5121.216431
1222.186066,54,5121.987931
1213.805045,50,5122.725477
1271.364417,72,5123.703104
1239.432038,53,5124.500667
1203.364278,48,5125.248707
1218.731023,59,5126.162218
1189.132921,57,5127.035827
1236.227062,57,5127.910369
1243.421283,73,5128.907908
1238.5181338.431929,70,5129.1253.4671286.504545,58,51301230.742252,58,5131.523666
1256.904727,58,5132.351664
1280.964537,65,5133.338255
1202.436209,49,5134.133867
1299.776449,73,5135.204436
1240.021182,60,5136.069055
1296.438408,67,5137.034695
1123.341983,59,5137.954233
1191.12691,48,5138.675832
1190.953917,63,5139.671441
1179.257922,49,5140.407442
1140.128244,44,5143.937621
1157.158654,58,5144.747834
1178.754427,48,5145.473383
1226.160889,69,5146.524645
1157.00064,50,5147.244643
1256.461642,58,5176.770689
1230.575464,51,5177.590233
1260.356993,63,5178.543795
1172.779449,45,5179.190791
1212.728364,64,5180.16746
12181253.155524,63,5180.5780175.56102,67,5182.067558
1276.565306,55,5182.970124
1169.9144,61,5183.903708
72.869275,42,5184.590269
61.14653,47,5185.265267
1256.783677,63,5186.227948
1227.047682,58,5187.089501
1264.587138,58,5187.883502
1284.907205,74,5188.978048
66.540837,47,5189.701642
1257.138339,63,5190.559192
1282.000331,65,5191.522391
1175.109323,46,5192.238394
1268.688195,61,5193.12846
43.473009,36,511310.6213271280.843766,63,5194.642611
1225.62433,58,5191321.088631290.436611,58,5196.393253
1222.189442,63,5197.301795
178.707145,68,5198.367352
1215.185407,53,5199.116934
1229.670776,54,5199.924593
1261.355614,69,5200.920244
1276.437345,76,5202.050879
1155.186305,42,5202.654485
1180.66804,57,5206.456327
1311.126277,66,5207.507473
1187.388939,47,5208.192474
1328.589,67,5209.26609
1275.236727,69,5210.376652
39.918916,43,5211.033262
169.752806,67,5212.023926
1102.696448,34,5212.590573
1186.2754,55,5213.393574
1257.742925,66,5214.439156
1206.296774,52,5215.228782
1285.034737,66,5216.264409
101.105705,61,5217.131974
1218.467218,50,5217.846683
1241.011717,67,5218.829303
1277.541907,64,5219.788869
1303.678983,66,5220.740417
1163.072274,45,5221.470989
1190.163102,47,5222.179989
1.679447,44,5222.831546
1179.00289,50,5223.585148
1231.213923,61,5224.492788
1146.574705,54,5252.989324
107.580355,76,5254.14588
1191.43756,50,5254.828436
1260.707185,55,5255.633992
1254.76588,70,5256.593564
1212.477686,64,5257.599359
1277.747184,62,5258.556914
1219.951862,55,5259.349916
1301.496265,61,5260.248473
1211.669831,49,5261.003017
187.475505,69,5262.098768
1209.108366,64,5262.99132
1257.759154,73,5264.072847
1277.510957,61,5267.938114
1250.47301,62,5268.831686
1099.55539,37,5269.462237
1166.517286,50,5270.206237
1148.640413,44,5270.863862
1265.490201,64,5271.847483
1166.235588,49,5272.546097
1300.878389,66,5273.546749
1331.634904,69,5274.52633
1209.942975,57,5275.34833
54.660988,42,5276.042959
1260.150654,67,5277.079556
1223.406892,61,5278.041172
1167.247141,55,5278.847795
1169.497422,62,5279.79934
1145.149803,44,5280.466918
1236.589608,57,5281.354918
1181.391452,56,5282.170697
1326.670213,67,5283.191349
119.315926,60,5284.149975
1286.987167,61,5285.074603
1226.29854,60,5285.952188
1275.514405,58,5286.81713
1255.085921,56,5287.683761
1137.954039,54,5288.494307
1313.937016,67,5289.517863
1225.280572,52,5290.31946
1250.608928,72,5291.387067
1245.35336,59,5292.299616
1202.579582,61,5293.18641
1223.931633,50,5293.930959
1130.70914,54,5294.820574
1238.676011,65,5295.789217
1299.780641,69,5296.853791
37.435638,60,5297.746314
1207.980113,53,5301.51756
1257.451315,62,5302.460563
1224.891716,55,5303.271619
1146.038006,52,5332.531604
136.706174,59,5333.417604
1193.114453,40,5334.069587
1240.107979,51,5334.812134
1213.822318,62,5335.777684
1193.524499,47,5336.506241
1166.034636,50,5337.283242
1203.602181,56,5338.143812
1203.63694,58,5339.048362
141.23386,65,5339.935914
1296.618329,63,5340.905516
1265.246424,75,5341.959151
1248.286065,67,5342.985833
1125.893595,38,5343.59859
1283.318775,71,5344.649139
1304.743775,66,5345.643701
1199.504271,58,5346.486253
1085.805256,36,5347.010254
115.277319,53,5347.817855
1264.13466,57,5348.71548
1193.940451,63,5349.619032
1205.702281,54,5350.456951
1290.502019,73,5351.530042
1198.886123,64,5352.440041
1300.807389,76,5353.598203
1190.188362,50,5354.312203
1206.659947,57,5355.224751
1268.402829,58,5356.09241
1256.381049,60,5356.995027
1182.788277,46,5357.736648
1213.88631,51,5358.529228
1217.096962,61,5359.430526
1248.108689,56,5360.230107
1177.341938,42,5363.858371
1217.873298,53,5364.63792
1214.365315,44,5365.35192
217.764313,67,5366.416555
1189.281071,47,5367.198096
1296.023934,64,5368.227648
1257.194036,78,5369.473762
1233.244827,50,5370.192762
1297.474056,65,5371.202333
1309.83116,71,5372.317888
1195.679342,58,5373.245438
1202.728784,45,5373.973014
1247.458857,63,5374.935532
1225.430292,53,5375.756128
1277.284092,56,5376.678681
1289.814605,63,5377.600307
1201.987061,46,5378.372764
1189.60624,48,5379.169384
1256.442713,56,5380.034011
1215.65156,52,5409.492651
1185.796506,50,5410.257004
1285.367906,64,5411.300228
1291.58799,68,5412.302767
1207.484025,59,5413.280316
1246.363641,64,5414.326953
1186.829089,45,5415.001516
1258.93699,74,5416.11916
1276.082465,68,5417.108731
1172.477432,53,5417.908351
1267.110927,59,5418.743982
1283.221715,65,5419.712531
1272.012567,61,5420.615091
1188.714478,44,5421.33309
1206.000764,58,5422.20172
1263.171056,63,5423.177185
1217.266324,51,5426.913399
1269.642218,62,5427.836037
1343.907062,68,5428.889639
1103.784051,37,5429.390639
1294.592806,67,5430.491786
1180.146463,47,5431.232784
70.167546,47,5431.954389
1183.963822,53,5432.762014
1174.414469,46,5433.468014
1270.398411,65,5434.422561
1200.648399,44,5435.092665
1222.764899,55,5435.955218
1281.702682,72,5436.981771
1185.448447,44,5437.646356
1193.922288,49,5438.318354
1274.341238,62,5439.331943
1199.626322,62,5440.23251
1211.477907,57,5441.073146
1260.733483,63,5442.034755
1185.380332,42,5442.702325
1210.039531,53,5443.516758
1149.402958,37,5444.066758
1198.520495,49,5444.806305
235.137002,66,5445.77494
1184.283134,52,5446.609504
1284.894885,66,5447.638177
1246.630994,60,5448.609814
1192.33255,46,5449.286813
1296.053502,62,5450.22122
1303.961531,72,5451.281786
1228.354823,69,5452.27534
1328.304595,75,5453.377972
1233.875236,55,5454.198522
1239.928214,57,5455.039395
1162.031793,58,5455.902927
1319.177738,68,5456.96953
1229.424915,60,5460.837746
1265.858289,65,5490.444435
1248.56811,58,5491.339057
1172.492782,41,5491.988695
1257.410476,69,5493.040934
1209.374484,48,5493.718484
1305.992682,65,5494.710036
1282.662245,69,5495.762645
1145.566468,42,5496.512197
1273.174678,65,5497.494764
1247.454187,71,5498.588307
1271.65233,67,5499.624899
1163.77357,42,5500.304898
1144.71664,35,5500.830546
1289.725315,61,5501.748117
1327.501554,67,5502.81307
1220.044945,60,5503.731618
91.804225,55,5504.612163
1297.545366,62,5505.54181
1153.191629,41,5506.191808
1244.247816,55,5506.964422
1192.36461,55,5507.858985
1281.089242,61,5508.772568
1214.824069,50,5509.560122
1227.718502,59,5510.462121
1101.23258,59,5511.349748
1253.359602,60,5512.291867
1245.796711,69,5513.379423
1220.274732,66,5514.33398
1274.534587,58,5515.20554
1148.016849,40,5515.808158
1176.379176,73,5516.943711
1240.473522,57,5517.769316
1291.910781,61,5518.712869
1169.056906,47,5519.513422
1198.562762,50,5520.217422
1288.838858,64,5524.170456
1280.730159,63,5525.087006
1151.016541,51,5525.904657
1294.152714,75,5527.036269
1230.149676,59,5527.889838
1154.116692,41,5528.472396
1191.359577,45,5529.225396
1185.281874,49,5529.947939
1185.992801,54,5530.77163
1126.446914,57,5531.625273
1193.28448,45,5532.308274
1278.09166,73,5533.40387
1257.361104,55,5534.244079
1179.826596,46,5534.931686
1250.559712,60,5535.75129
1295.773382,75,5536.800919
1264.488416,64,5537.768497
1185.961757,43,5566.909097
1283.08532,66,5567.91165
1292.132236,67,5568.85429
1283.936915,62,5569.790884
1279.734501,66,5570.792535
1170.607968,45,5571.484098
1287.734812,80,5572.679659
1298.48935,69,5573.712288
1173.775216,55,5574.546896
1277.57487,67,5575.595505
1177.066154,48,5576.308505
1300.044369,72,5577.421109
1230.952937,54,5578.23865
1275.063783,62,5579.171283
1279.673291,61,5580.067842
1261.71492,75,5581.132396
96.788405,61,5582.019948
1239.387861,72,5586.074106
1172.941212,49,5586.823706
1193.483003,47,5587.523258
1322.272153,69,5588.511817
1306.370577,65,5589.440818
1302.365698,63,5590.468934
1133.381603,44,5591.038934
1172.335246,51,5591.814495
1205.577438,44,5592.46805
1226.879546,56,5593.317902
1189.275726,53,5594.079524
89.040647,46,5594.782133
1223.951004,59,5595.66171
201.496741,71,5596.758276
1167.141118,46,5597.427277
1093.087958,44,5598.119823
1214.428125,55,5598.914375
1308.520372,63,5599.830056
1326.850187,72,5600.934581
1318.656736,71,5602.050206
1298.873575,69,5603.097775
1311.275355,72,5604.17653
1207.002841,53,5605.00007
118.352193,54,5605.824675
200.925269,59,5606.678239
170.678149,69,5607.596794
1324.549322,70,5608.623346
1288.787501,74,5609.718965
1241.020867,57,5610.645623
1262.040006,63,5611.484205
1135.724972,44,5612.099205
1295.805954,72,5613.148748
1178.793091,49,5613.9241
1092.018542,41,5642.17867
1159.37539,43,5642.894189
1252.417305,70,5643.824736
1193.978871,49,5647.520931
1285.847469,64,5648.512527
1262.700865,65,5649.431485
1250.303648,56,5650.251021
1268.958202,60,5651.169576
1129.83331,40,5651.693996
1318.055626,76,5652.856583
1314.723176,64,5653.803487
1237.094218,72,5654.8671
93.020941,52,5655.607657
156.820105,58,5656.510214
1233.040145,64,5657.342214
1337.079207,65,5658.334898
1283.258365,62,5659.2795
1273.782991,73,5660.363085
1205.047694,50,5661.092724
1174.954101,56,5661.941283
222.737711,66,5662.815913
1291.143619,69,5663.763443
1192.249387,55,5664.609998
1232.635828,57,5665.479641
1266.787748,74,5666.615214
1277.208158,62,5667.539767
1264.219619,59,5668.435767
1211.264853,52,5669.16237
1209.663633,47,5669.866989
1202.355523,43,5670.467949
128.381068,70,5671.462164
1296.84682,69,5672.488722
1207.772818,48,5673.168721
1164.137297,43,5673.771169
1215.022912,51,5674.503726
1231.441759,50,5675.174725
156.027315,58,5676.033355
1185.01673,48,5676.761992
1218.844705,50,5680.47626
1299.004963,67,5681.445262
1269.873767,72,5682.503507
1291.592829,75,5683.506053
1251.508087,70,5684.540675
1253.016195,57,5685.363674
1194.196882,50,5686.091234
1163.599799,48,5686.872785
1242.913698,64,5687.846352
1246.261367,61,5688.745955
1171.398591,49,5689.484519
166.453916,82,5690.692156
1272.825005,76,5691.789124
1251.514568,55,5720.676951
1238.589966,53,5721.504497
1269.614313,61,5722.417497
65.973703,42,5723.05013
1151.857732,43,5723.766716
1176.564713,40,5724.312716
1240.640855,63,5725.214274
1198.635288,63,5726.169903
104.886508,52,5726.947534
1179.311688,46,5727.525084
218.481843,63,5728.490711
1182.679251,43,5729.11571
1193.412229,51,5729.872333
1187.111132,49,5730.551877
1182.434835,47,5731.244875
1236.683198,70,5732.297503
1201.846302,43,5732.903126
1253.882982,76,5733.995154
1272.418942,68,5735.055793
96.172601,48,5735.753398
1214.791361,49,5736.460509
1222.326049,61,5737.315022
1210.887566,54,5741.044283
1254.346182,67,5741.937827
1249.0963,70,5742.931385
1248.405072,57,5743.801005
1231.600135,54,5744.574646
171.641847,62,5745.49518
1198.363625,57,5746.34418
1224.727852,56,5747.176661
1292.724219,61,5748.100205
1238.563202,52,5748.87277
1231.781328,56,5749.729321
144.131875,52,5750.484885
153.033184,57,5751.289885
1271.990673,63,5752.268448
1213.414983,48,5752.984998
1126.983145,40,5753.625556
1260.428871,64,5754.471232
1279.303822,60,5755.402233
199.308426,77,5756.540352
1227.543397,66,5757.52492
104.545969,44,5758.177922
108.39349,52,5758.936477
1236.49164,53,5759.719031
1161.749188,41,5760.303031
1175.607576,51,5761.046577
1253.64824,60,5761.920238
1158.750135,46,5762.684469
1271.528497,60,5763.557103
1206.233318,51,5764.329102
1223.097361,56,5765.120684
146.992607,56,5765.921237
1174.678777,53,5766.684084
1188.406625,63,5796.217077
1257.495943,65,5797.152678
1260.760506,71,5798.135284
1261.386884,63,5799.009716
1255.636264,61,5802.834907
88.325935,52,5803.535476
1284.639288,62,5804.41584
1228.381171,56,5805.281442
1305.844061,71,5806.368073
1223.445898,58,5807.227634
1281.270803,63,5808.132195
1255.225422,53,5808.868765
1200.183107,54,5809.73131
1266.38698,81,5810.96323
1271.461331,60,5811.929863
1204.112113,52,5812.697482
1338.004877,71,5813.723041
135.197959,52,5814.514599
1177.051554,49,5815.221595
1324.658074,72,5816.294148
1289.665036,67,5817.22671
201.102017,63,5818.173254
1221.933466,57,5819.041887
1325.076369,66,5819.96744
1253.262457,59,5820.744996
1200.063508,50,5821.534537
1203.192814,52,5822.370536
1318.240191,72,5823.382155
1297.380397,63,5824.320951
1242.558883,57,5825.166092
1227.645965,59,5826.004717
1251.794423,57,5826.874334
1306.52318,69,5827.850888
1257.865468,63,5828.747532
90.849161,51,5829.517169
1282.428113,67,5830.61409
1205.93866,53,5831.458148
203.136831,65,5832.414792
1138.488078,46,5836.053228
1226.849311,56,5836.897059
199.283461,65,5837.863677
1254.955434,59,5838.774217
1276.415384,62,5839.72577
1216.289821,65,5840.738328
1275.673853,74,5841.856934
1257.709523,60,5842.707479
1289.291506,64,5843.658031
1271.341754,59,5844.528653
1258.887456,55,5845.340654
1179.706838,40,5873.730289
38.330251,42,5874.371263
1206.271919,60,5875.243875
1219.355664,56,5876.104427
1156.014447,47,5876.79499
1295.19102,64,5877.741596
1275.546033,69,5878.749204
1207.51182,60,5879.700806
1311.916568,66,5880.711399
1153.844276,47,5881.463017
1310.830682,65,5882.440023
1222.41154,55,5883.280385
1226.151616,49,5884.018008
1212.833435,59,5884.888591
1174.949015,38,5885.457593
1290.165322,71,5886.432224
1334.277422,66,5887.428606
1237.786633,54,5888.220156
1253.265186,59,5889.023706
1276.158517,65,5889.951281
1127.209045,45,5890.633835
1243.338953,72,5891.686401
1207.384054,50,5892.4224
1317.143813,66,5893.360064
1254.696825,71,5897.371742
146.404201,58,5898.175338
1265.496705,67,5899.179973
140.789519,54,5900.046269
1231.7649,70,5901.053892
1226.423834,58,5901.870518
164.829268,72,5902.852078
1293.930883,63,5903.776711
1213.015538,54,5904.581338
1277.267114,63,5905.532902
1114.289321,40,5906.104902
1206.581574,74,5907.197464
1312.368973,70,5908.206026
1171.920449,47,5908.933603
1220.253011,56,5909.737229
126.996225,57,5910.578778
1131.679753,39,5911.141776
1268.935768,68,5912.199319
1233.326323,49,5912.953965
1234.942677,61,5913.875516
1252.785866,58,5914.730994
1157.400984,72,5915.821629
1290.089153,71,5916.824181
174.189245,68,5917.820733
1274.764847,60,5918.6903
1233.540048,58,5919.522834
1237.666617,51,5920.299834
1265.785874,62,5948.565976
1230.313311,55,5949.397976
1281.07647,67,5950.318523
1241.876825,60,5951.208623
1257.103571,57,5952.041172
142.939418,55,5952.782734
1191.714934,54,5953.575734
1236.835018,59,5957.358384
1251.704821,64,5958.337939
1152.489203,46,5959.023552
1265.599243,70,5960.037173
1182.517086,41,5960.594764
1254.738737,54,5961.400766
1203.253258,69,5962.401317
1215.080376,72,5963.415956
1185.955148,61,5964.307074
1203.566455,48,5965.001116
1263.620463,67,5965.951673
1192.303305,50,5966.700276
1255.922628,57,5967.51883
1223.251017,56,5968.357831
1212.00039,64,5969.294393
1184.050064,43,5969.949013
1269.873954,60,5970.91357
1249.64552,61,5971.7772
1272.605164,63,5972.728804
1271.336157,59,5973.53137
1241.773401,60,5974.400371
1230.079808,65,5975.343011
135.112929,59,5976.205664
1255.967686,61,5977.137225
1301.423191,66,5978.08679
146.405655,65,5979.024579
1303.184327,63,5979.952204
1186.096241,50,5980.743849
1193.530464,54,5981.504402
1178.343044,64,5982.391402
1141.80261,56,5983.222145
102.474051,57,5984.001771
1177.274856,49,5984.707404
1287.313984,69,5985.670083
1205.278493,55,5986.491632
1203.134984,60,5990.368254
1230.271565,67,5991.30886
1247.082742,57,5992.152415
134.139427,56,5992.976039
1230.780322,66,5993.990694
163.810698,64,5994.930245
1198.166942,48,5995.620862
1161.38612,86,5996.815502
1115.988998,36,5997.371501
1214.452645,55,6026.619823
1201.816589,52,6027.368824
1238.083457,55,6028.214466
1230.769923,54,6028.989018
1143.558189,45,6029.646647
1267.808775,56,6030.4702
1286.018715,78,6031.658834
1245.950296,57,6032.470458
1160.780607,41,6033.069459
1298.703625,67,6034.135089
1157.985325,42,6034.774709
1279.938946,66,6035.724257
100.251131,46,6036.411258
1281.775657,68,6037.346439
82.656852,42,6037.914988
1205.417383,63,6038.843585
1202.346321,49,6039.576143
1245.365423,59,6040.460735
1297.28064,63,6041.356365
1192.346974,52,6042.188989
1260.839914,60,6043.080542
1249.539843,57,6043.873099
1275.712908,68,6044.898652
1164.928644,56,6045.725281
141.785979,63,6046.644841
183.778933,70,6047.737408
1147.959466,37,6048.210394
1253.28587,65,6052.188656
1271.510104,63,6053.037279
1232.906318,71,6054.102554
1169.087265,56,6054.907113
1134.050493,35,6055.452112
1253.572895,61,6056.310712
1198.358565,54,6057.167269
1285.933293,68,6058.125894
1287.571242,71,6059.174468
1348.392989,69,6060.178018
1289.21038,68,6061.242573
1199.355882,57,6062.076189
1244.417868,64,6063.068745
1210.500562,43,6063.743301
1263.38555,62,6064.706913
128.664708,69,6065.744493
1300.291186,65,6066.764077
1186.621997,49,6067.527836
1255.095483,72,6068.622418
1268.907513,63,6069.577056
1159.496624,42,6070.182053
1182.668268,48,6070.906651
1093.892759,45,6071.609214
1174.319412,58,6072.456318
1169.83205,42,6073.124956
1279.089812,71,6101.64584
1197.8217,47,6102.377841
1284.38197,65,6103.301473
1295.049007,65,6104.217563
1211.860752,53,6105.030113
1269.52602,61,6105.940663
1157.702858,41,6106.543288
1210.104819,64,6107.546905
1192.038191,41,6108.178905
1194.601603,52,6108.956555
1318.946303,65,6112.910764
1273.200719,64,6113.868321
1252.993878,66,6114.763876
1127.456793,41,6115.465427
1333.823882,71,6116.453426
1175.984352,53,6117.248032
1129.557146,37,6117.87659
125.189816,57,6118.761155
1208.499369,58,6119.645791
1210.635317,52,6120.447788
1341.661931,70,6121.437418
1275.083144,63,6122.379985
1205.6371,53,6123.183604
164.932741,56,6124.006151
1257.043728,77,6125.162724
1223.315734,50,6125.888361
1221.368254,64,6126.877969
1291.183928,69,6127.941867
1287.426302,64,6128.931419
1239.210327,64,6129.932024
1234.734868,67,6130.976575
1251.916875,53,6131.726133
1184.631454,51,6132.453135
1226.826402,57,6133.273693
1236.188912,60,6134.175377
1083.280009,58,6135.004961
1196.13825,45,6135.712605
1213.495981,54,6136.496677
1190.535583,44,6137.179677
1307.000606,67,6138.104698
1299.075749,61,6139.002246
1179.761919,46,6139.697825
1217.24527,69,6140.66139
1260.650726,57,6141.484004
193.362711,68,6142.521679
1240.055873,56,6143.333677
1214.448688,68,6147.321875
1068.664651,60,6148.199425
1167.453819,44,6148.838996
1179.117785,44,6149.416998
1300.454664,71,6150.523275
1152.454571,41,6151.154273
1336.306494,69,6179.390161
1253.450062,65,6180.338718
1258.761504,65,6181.363271
1185.520329,53,6182.123895
1220.936693,48,6182.823541
1165.780762,45,6183.472098
1280.740299,57,6184.317099
1333.234129,69,6185.295123
1246.558303,57,6186.146765
1226.891912,54,6187.003317
1241.56659,62,6187.880942
1194.045765,48,6188.616573
194.034296,60,6189.559122
1182.532909,61,6190.415121
1252.374206,61,6191.305681
1222.14779,60,6192.205309
1220.063631,59,6193.040926
1176.135372,43,6193.602312
1266.078241,65,6194.5079
1110.289768,37,6195.025901
1230.80968,58,6195.855547
1147.404112,41,6196.532125
1289.07411,61,6197.434066
1258.527037,61,6198.331641
1259.875686,69,6199.393188
195.978258,61,6200.335748
1278.954532,72,6201.359378
1227.747055,64,6202.259926
208.505888,71,6203.37747
1199.949216,47,6207.040261
1192.429748,47,6207.734819
1243.24507,61,6208.628364
1238.622406,54,6209.451363
144.200122,61,6210.312995
1218.304277,64,6211.213547
1190.506443,49,6211.988109
1263.280251,62,6212.936749
1182.410071,49,6213.603316
1303.308668,68,6214.592967
1157.065995,50,6215.295967
1180.316812,48,6216.054202
1262.124081,70,6217.098832
1251.705959,58,6217.952388
1288.809617,71,6218.942939
205.700337,67,6219.886476
1189.212785,51,6220.635059
1189.192866,51,6221.389059
1287.103029,73,6222.426732
1254.678176,76,6223.540578
1294.733133,64,6224.516188
1201.515633,49,6225.198189
1235.927958,52,6225.96674
1134.309563,85,6254.825047
1119.746816,41,6255.484526
1207.927558,46,6256.138294
1218.323733,52,6256.969956
1175.616794,51,6257.714589
1291.704742,65,6258.654137
76.931404,57,6259.509679
1231.705968,54,6260.275679
1065.968896,38,6260.855212
1218.463891,71,6261.902846
1286.820933,63,6262.7434
1245.172032,59,6263.613507
1284.814762,64,6267.476771
1208.957728,60,6268.320769
1184.377034,46,6268.956413
1149.976105,70,6270.024963
1267.415227,59,6270.874569
1174.782181,50,6271.648123
1263.883504,70,6272.689686
1269.050708,69,6273.673261
200.759928,63,6274.59486
1300.588824,71,6275.614205
1237.610515,54,6276.452205
1190.421161,47,6277.099844
1188.582932,50,6277.77844
1166.010211,42,6278.367444
1231.129301,53,6279.208988
1137.325823,36,6279.737549
1236.231361,59,6280.673171
1118.338732,35,6281.184171
1185.806122,75,6282.271733
1252.370593,68,6283.205244
1228.924705,55,6283.961801
1265.12402,62,6284.918414
1179.278471,48,6285.613027
1131.746553,38,6286.143027
1242.510833,59,6286.966597
1307.004575,69,6287.994155
1197.152223,60,6288.865772
1252.124948,64,6289.768418
1082.643635,47,6290.51205
1249.144398,54,6291.309702
1270.113815,65,6292.30529
1136.14066,54,6293.083842
1250.809766,56,6293.917402
1178.721644,50,6294.60596
1297.204286,64,6295.502266
1222.238879,55,6296.288266
58.763033,81,6300.364515
1256.156318,64,6301.363072
1322.661301,66,6302.321624
1203.226146,57,6303.169188
1282.809043,66,6331.971244
1199.805706,73,6333.003801
1207.683342,53,6333.802372
1265.470673,69,6334.838923
1178.858476,44,6335.516539
1135.656528,40,6336.102541
1232.925686,58,6336.93047
1225.741719,64,6337.867011111224.204255,52,6338.669623121131.222198,44,6339.3356212082.054503,43,6339.97518911286.045882,61,6340.84775111201.539783,48,6341.570376121249.250404,67,6342.586011201269.716228,77,6343.740572
1278.212557,68,6344.746144
1210.970577,54,6345.517761
1223.441396,61,6346.401917
1164.688615,42,6347.0041290.1246.741592,71,6347.9611248.224.922858,66,6348.906612301178.32374,46,6349.555211291163.077053,46,6350.308211741240.001965,55,6351.069711581276.967278,69,6352.016385
1229.504254,51,6352.761929
1259.784533,59,6353.62275
1288.071966,61,6354.524386
1268.2027,58,6355.368385
1260.492899,60,6356.23194
1181.214763,55,6356.998487
1291.693818,69,6360.938707
1281.832114,68,6361.919302
1253.354575,57,6362.706895
1177.119157,50,6363.415895
1251.186287,78,6364.526089
1282.118652,67,6365.507651
1339.202312,75,6366.590204
1172.714469,45,6367.260203
1343.943505,68,6368.271825
1233.425401,52,6369.031379
1302.30153,63,6369.962022
1256.744125,60,6370.82457
1218.95668,61,6371.665852
1143.524059,65,6372.61742
1252.487778,58,6373.494462
1251.189589,67,6374.491465
1268.986725,63,6375.351462
1202.15883,61,6376.243016
66.679996,38,6376.801602
76.376308,47,6377.492235
118.947067,54,6406.266205
166.893662,65,6407.266642
139.41329.541613,65,6407.6781.0691257.868354,61,6408.141.72981256.818876,57,6409108.887591206.50719,51,641181.7810121270.411964,62,64185.648348,1171.235846,46,6133.976414,51222.804086,65,97.190176,43,1279.980734,7193.427169,68,61283.308307,170.746652,67,641215.92428122.698981,49,6411266.94114201.473652,60,64171299.5414207.375834,70,6418.1165.534114.496451,47,6421.71061.3544.140825,36,6422.321176.9100.288335,53,6423.0481273.147.561919,71,6424.10181200175.993735,70,6425.10945118132.611368,54,6425.8929841216.497338,35,6426.415985
1267.604075,66,6426.85851511252.399348,62,6427.765886107.190359,59,6428.904502
152.493168,51,6429.707071
85.01200.869948,59,6430.11196.475653,75,6431.427638
107.789283,46,6432.129195
206.14931281.203935,77,6432124.690261233.019322,66,64130.160968,1198.395627,62,6214.344014,61178.87144,55,679.706443,571283.931358,6135.309433,59,61166.256544,112.628431,46,61091.963669,92.568387,49,6431295.67612198.068501,64,64391146.8390155.036346,62,6440.814282
95.56125,51,6441.511263.470.225413,47,6442.27581234205.55757,61,6443.17948812104.925849,41,6443.773086176.629128,42,6444.412085
134.758432,52,6445.215703
11272.729666,75,6445.641261181229.767744,72,6446.767881991196.201475,77,6447.8494110.1225.596646,49,6448.595170.11250.902919,61,6449.51188.41284.353319,74,6450.5124.2961183.077515,49,6451.199.9491148.555871,42,6454224.519041,70,6456.198287
123.805137,49,6484.673734
143.336537,61,6485.576275
70.768916,1268.337087,61,6225.030384,61260.448498,69,108.253523,168.642611,68,64138.7799,651262.846675,74137.759472,50,222.020308,67,6489.919205
1181.973476,50,6490.7098
176.132847,59,6491.542353
1218.598098,57,6492.436338
177.358422,64,6493.418888
1289.323278,71,6494.457453
1272.476152,60,6495.281042
1212.249462,53,6496.054601
1172.774359,43,6496.639604
1294.808645,63,6497.601232
1165.794197,47,6498.25779
1152.182161,57,6499.175345
1175.388261,46,6499.83034521253.751476,63,6500.801892151243.759727,63,6501.716501161209.272988,51,6502.494093.1-0.43122,38,6503.0516955.1205.843509,48,6503.7177.81227.528103,60,6504.64115.631196.623207,47,6505.3102.9241251.308321,57,6506.154.24551178.237106,44,6506.813424
1295.533587,65,6507.794049
127.803829,62,6508.755609
1324.502348,72,6509.76421
1297.469184,62,6510.68584
1273.409135,57,6511.544398
1222.567263,79,6512.754974
1247.527337,62,6516.593264
1269.784785,68,6517.568019
1263.568232,72,6518.696601
1251.534117,58,6519.532157
1296.043861,63,6520.444805
1267.530896,60,6521.289467
1243.162871,63,6522.243031
1248.078211,55,6523.045029
1248.887948,54,6523.857281
1322.676395,69,6524.851936
1249.439012,57,6525.723492
1171.36433,44,6526.378081
1241.845245,54,6527.190628
1279.62665,65,6528.126169
1266.421921,59,6528.98617
1267.670938,60,6529.843722
1215.677334,63,6530.792352
1251.30984,71,6559.479893
1212.902258,50,6560.22044
1272.468001,61,6561.076071
1277.296141,62,6561.953431
1262.043744,65,6562.954135
1188.81806,48,6563.65472
1215.138509,60,6564.595336
1275.639444,62,6565.60297
1229.301601,48,6566.311569
1201.102264,49,6567.089125
1229.101031,50,6567.853124
1107.329245,38,6568.456748
1241.326293,55,6569.308279
1117.607695,34,6569.828279
1202.754057,57,6570.70182
1233.202128,70,6571.717433
1253.329129,62,6572.53299
1183.205708,47,6573.209583
106.430386,50,6576.962275
1210.579679,70,6578.004786
1171.141217,48,6578.794429
1272.671773,59,6579.666048
1251.848642,64,6580.646604
1295.922063,69,6581.691244
1185.107182,50,6582.397804
1200.658376,51,6583.154435
1229.738327,51,6583.987436
1284.537474,67,6584.976995
1206.437423,52,6585.763641
1272.625897,66,6586.766213
1285.734363,70,6587.80775
1210.93703,46,6588.527331
1298.603375,66,6589.483937
1239.714433,60,6590.333565
1224.378525,52,6591.171144
1203.374785,56,6591.979144
1145.820598,55,6592.923788
1165.957613,40,6593.52834
75.346943,42,6594.141908
1252.855558,55,6594.937908
1249.378685,69,6595.956459
1182.410695,47,6596.735029
1235.001971,63,6597.622659
1249.343539,61,6598.596289
162.037982,70,6599.650908
1247.129265,70,6600.724511
1203.937734,47,6601.454147
1253.503259,73,6602.619788
1282.339988,59,6603.54035
1284.578309,59,6604.442019
1210.160734,46,6605.159633
1239.491047,63,6606.125193
1270.000083,58,6607.048193
1228.33654,48,6635.109404
1215.638575,48,6638.800165
1248.209586,61,6639.729714
1201.386345,50,6640.538299
1312.118114,70,6641.560852
1180.060551,56,6642.413476
1284.055701,69,6643.4771
1250.66566,60,6644.405682
1298.821321,63,6645.343225
1216.487061,50,6646.137339
1224.226725,62,6647.07498
1234.711834,58,6647.95798
1216.57539,68,6648.89655
1288.085155,62,6649.8371
1235.046954,56,6650.727331
1237.255554,62,6651.741889
1183.018748,42,6652.333961
1077.263299,73,6653.523544
1290.183597,70,6654.59317
1200.062309,49,6655.386725
1283.538597,62,6656.257343
1176.968505,48,6657.060895
1226.570315,61,6657.993895
1196.002638,70,6659.163154
1286.617646,63,6660.107725
1280.45416,70,6661.185351
1213.281629,50,6661.952351
1254.405798,60,6662.855907
1262.188998,61,6663.821506
1160.150476,54,6664.672135
1162.849695,46,6665.415761
1311.48611,62,6666.357308
1276.494377,71,6667.411926
1227.45083,72,6668.398076
102.485746,68,6669.497688
1194.416969,40,6673.097963
1332.578232,66,6674.051038
1184.463401,45,6674.731038
1239.999097,62,6675.673668
1234.77712,52,6676.4563
97.094887,72,6677.473848
1115.959841,37,6678.035848
1187.288746,48,6678.834412
1296.789972,77,6679.997613
1284.619675,68,6681.018149
1184.123091,57,6681.8507
1244.917492,61,6682.777252
1294.868618,74,6683.849311
1118.085598,37,6684.44256
1228.113676,59,6685.339207
1144.630921,37,6685.882208
1204.884853,57,6716.996826
1292.231262,63,6717.915445
1187.388885,43,6718.562998
1210.003066,52,6719.317549
1219.674962,53,6720.1961
1167.502274,48,6720.903101
1201.891101,49,6721.640658
1196.430861,49,6722.411342
1296.16258,68,6723.412838
1193.737838,51,6724.225685
1186.836584,55,6725.025685
1209.683246,54,6725.79823
1164.39333,41,6726.413798
1249.34581,56,6727.262423
1186.740422,51,6728.019246
1209.809649,62,6728.967808
1233.209682,63,6729.917446
1295.003539,67,6730.952477
1247.370618,59,6731.839031
1287.51655,66,6732.817603
1164.448121,42,6733.448169
1205.38531,50,6737.127854
1264.373781,57,6738.025738
1242.203733,74,6739.158855
1145.149695,43,6739.783854
1224.754669,61,6740.696401
1158.355129,49,6741.468949
188.156218,65,6742.430547
1301.189571,65,6743.351122
1175.517748,51,6744.096687
1297.820434,72,6745.183238
1290.962665,67,6746.137807
1252.27012,52,6746.888805
1246.130542,68,6747.87
1157.307978,45,6748.509611
1271.427067,70,6749.48216
1220.021443,55,6750.309722
1284.07162,58,6751.147309
236.571176,67,6752.210937
1234.949414,62,6753.157485
1276.939561,70,6754.172081
1252.444063,60,6755.104694
1204.086738,62,6756.036707
1138.87237,34,6756.589261
131.851715,68,6757.614872
1273.518297,67,6758.680424
1228.048987,62,6759.646983
1199.929746,49,6760.327527
1116.4463,43,6761.070123
1171.312947,50,6761.846121
1119.576075,37,6762.422734
1270.220308,62,6763.33128
167.182255,64,6764.285715
144.259725,68,6796.084663
1322.781344,68,6797.191283
1257.567544,72,6798.180861
1219.079623,63,6802.08707
1298.494323,65,6803.006073
242.65892,71,6804.062192
151.187437,57,6804.916677
1268.715433,57,6805.772228
1268.850512,64,6806.764781
1209.022853,58,6807.601334
1194.798357,63,6808.596884
1280.5776,76,6809.748427
1160.578052,40,6810.326981
1272.142532,73,6811.381533
1210.986068,50,6812.208083
1217.135159,66,6813.172677
39.389373,38,6813.702677
1187.000073,49,6814.462287
1251.677136,63,6815.428843
1190.47258,80,6816.682392
1059.164089,84,6817.961998
1173.935532,47,6818.687629
1291.553609,64,6819.653188
1151.151456,48,6820.373733
1181.453016,46,6821.014735
1167.804209,42,6821.680284
1231.638296,56,6822.556831
1188.309902,41,6823.1854
1221.494892,54,6824.038164
1115.074685,59,6824.943765
61.099014,40,6825.473326
1282.940291,68,6826.55188
1280.804943,59,6827.552433
1328.714387,71,6828.644979
1215.981936,57,6829.503531
1241.64663,59,6830.457395
1212.816675,46,6831.116026
1225.54932,63,6832.052027
1187.360797,45,6835.695287
1257.885976,55,6836.508838
1210.101217,49,6837.278121
1232.29023,55,6838.140748
1275.919503,66,6839.10232
1231.654561,68,6840.12488
1156.955074,42,6840.743879
177.500767,58,6841.626449
1162.626444,45,6842.240024
1112.949507,73,6843.318581
1221.672745,71,6844.350141
1197.405751,84,6845.610693
1333.443399,72,6878.175413
218.455874,67,6879.193038
1134.928871,59,6880.081597
127.229698,63,6880.973596
1233.773714,64,6881.891147
1169.028751,45,6882.575705
1248.97959,54,6883.330274
1326.069856,67,6884.378825
1194.814603,46,6885.054373
1225.125161,65,6885.985373
1227.650633,54,6886.813932
1260.949752,62,6887.69754
1249.004546,55,6888.522151
1211.054833,51,6889.255715
1190.074817,61,6890.151274
1185.714495,44,6890.747272
1282.157403,68,6891.84691
1241.008814,80,6893.077082
1234.231939,75,6894.212701
1200.344817,44,6894.852698
1269.533127,58,6895.717327
1190.622012,41,6896.344949
1180.319254,48,6897.04395
1206.737957,49,6900.733201
1189.868429,53,6901.557823
1270.480904,60,6902.521445
1251.677515,53,6903.295073
1309.737516,64,6904.247156
1220.122128,54,6905.110729
1225.775461,62,6905.978731
1218.853691,53,6906.837499
1229.391079,62,6907.760123
1240.538255,65,6908.700594
1207.85135,56,6909.501212
1242.541523,58,6910.367837
1186.998103,49,6910.992836
72.03434,61,6911.921463
1193.429551,59,6912.773104
1193.529942,45,6913.439669
1262.231091,70,6914.448284
1219.81816,57,6915.334909
1280.416992,69,6916.415452
1183.809866,46,6917.102412
1260.223653,71,6918.178023
1195.84868,48,6918.835022
1224.865679,60,6919.729586
1245.617134,71,6920.843117
128.18639,50,6921.532671
1186.296548,46,6922.215319
1328.691906,69,6923.24087
1241.554304,65,6924.213438
1102.831093,48,6924.908438
1187.632315,48,6953.389791
1162.207697,41,6953.982791
1297.997178,64,6954.962431
1247.422229,50,6955.724979
1259.314496,54,6956.525527
1298.141222,60,6957.476298
1313.890445,62,6958.418835
1122.57391,37,6961.897461
1117.874499,33,6962.428006
185.435633,68,6963.3866
1194.917859,53,6964.250224
1270.839035,57,6964.994225
1292.028114,58,6965.868462
1304.228248,70,6966.937019
1200.090126,52,6967.72162
1175.04981,41,6968.281238
1295.612215,60,6969.225785
1327.253051,64,6970.200897
1261.771529,59,6971.049527
1153.48755,51,6971.819533
1275.747585,74,6972.842083
1144.456457,37,6973.439717
1272.087184,61,6974.358249
1288.325558,78,6975.575818
1283.364461,77,6976.660464
1213.426479,48,6977.432931
164.792554,59,6978.365485
1272.016985,59,6979.280046
1164.354574,43,6979.922046
1220.338975,54,6980.675598
1295.073318,66,6981.632159
1251.305025,63,6982.577786
1272.339886,62,6983.540334
100.088349,58,6984.404881
1263.831186,67,6985.332499
1310.053252,71,6986.335122
1243.889093,74,6987.494743
1256.150221,52,6988.249386
178.446933,67,6989.198285
1318.813493,65,6990.135904
1338.104401,72,6991.161477
1277.71458,67,6995.061684
203.586285,73,6996.164241
1205.323203,49,6996.834241
1309.185762,63,6997.777848
1191.829392,45,6998.487401
1210.848225,64,6999.471992
1043.216497,83,7000.606552
1290.738145,62,7001.552181
1161.343587,47,7002.205818
1252.101252,73,7003.268184
1192.233256,45,7031.71682
1151.277751,41,7032.309375
114.036849,63,7033.237023
1250.227517,61,7034.132599
1206.470623,51,7034.892601
1214.474071,73,7036.001203
1213.688649,55,7036.79284
23.882921,42,7037.369392
1181.37714,47,7038.11701
109.074382,50,7038.85601
1213.732147,62,7039.779589
112.29966,49,7040.519214
1281.419716,58,7041.414759
1315.963034,76,7042.491429
1157.516102,44,7043.149055
1266.384626,58,7044.028055
1209.027196,57,7044.888611
1253.052157,60,7045.728238
1125.301101,39,7046.35479
1189.084812,52,7047.170347
1242.693704,54,7048.005347
1323.542233,71,7049.054595
1223.720369,54,7049.828594
1328.146727,67,7050.803218
1252.403478,65,7051.864842
1239.272389,59,7052.750391
1324.287883,70,7056.702407
1149.225252,38,7057.277958
1201.808139,50,7057.969958
1281.002443,60,7058.78459
1182.691774,46,7059.482757
1257.222753,57,7060.331364
1272.816312,60,7061.252905
1282.76202,59,7062.109519
1184.538404,41,7062.686518
1174.831842,53,7063.460072
1181.099071,48,7064.132629
1288.664715,67,7065.158248
1166.22915,41,7065.761398
1238.260732,55,7066.592958
1198.398025,50,7067.352517
1271.110669,59,7068.187146
1299.927441,65,7069.125754
1312.238074,69,7070.135381
1264.470227,66,7071.175003
1235.91142,50,7071.840003
1247.664181,53,7072.62764
1154.904606,44,7073.28819
1253.072087,57,7074.13483
1246.533062,68,7075.145368
1270.723771,60,7076.014368
1266.708189,57,7076.857011
1244.327289,57,7077.676562
1248.12514,61,7078.544185
1306.484365,75,7107.0576
1176.424326,44,7107.7256
1283.050481,61,7108.588237
1264.529613,68,7109.597873
1265.327921,78,7110.750075
147.249277,56,7111.65364
1251.789354,59,7112.568275
1233.308211,77,7116.580539
1189.373818,62,7117.640091
38.267507,85,7118.952682
1290.927602,71,7120.04779
1275.072325,61,7120.931792
1297.091484,68,7122.013404
1218.204017,51,7122.788963
1288.691267,61,7123.735503
1273.585157,63,7124.66706
1151.965565,38,7125.223609
1236.358576,61,7126.110234
1285.02929,64,7127.083772
1254.05133,57,7127.946771
1285.930252,67,7128.946384
1248.944081,64,7129.933972
1241.326216,61,7130.876527
1264.364855,70,7131.928156
1186.16495,41,7132.511825
1189.980341,47,7133.224469
1187.51875,48,7133.91847
1129.504087,38,7134.441021
1227.904394,57,7135.286658
1190.978164,49,7135.997072
1251.980465,54,7136.841632
1245.759018,67,7137.871176
1276.825586,62,7138.772752
1252.623989,68,7139.844368
1198.876595,47,7140.576913
1140.68421,37,7141.111477
1174.128961,51,7141.933476
1152.480673,47,7142.611084
1202.308579,54,7143.48473
1217.519141,77,7144.674269
1260.294132,57,7145.514815
1299.783085,68,7146.495456
1299.819423,71,7150.56567
1203.109881,45,7151.233309
1146.507471,37,7151.799308
1305.607098,73,7152.908479
1273.060449,56,7153.80703
1215.729805,55,7154.592622
1289.924752,59,7155.550174
1212.072038,55,7156.402772
1208.659485,63,7157.392389
1171.402028,47,7185.319697
1281.222494,61,7186.29834
1261.343889,60,7187.216957
1231.814955,54,7188.066564
1210.961313,50,7188.849564
1200.357558,58,7189.692116
1176.186844,54,7190.500518
1226.533511,58,7191.44315
1225.848071,56,7192.268713
1189.635411,43,7192.870713
1189.554228,58,7193.791251
1185.977056,44,7194.496109
1168.990509,47,7195.173669
1174.302045,47,7195.899669
146.630722,50,7196.613273
1246.725188,65,7197.574913
1223.104598,52,7198.323509
1232.17326,55,7199.22315
1137.95797,70,7200.214785
1179.841468,45,7200.882783
1227.746212,55,7201.661415
1268.9576,54,7202.544054
1263.221164,73,7203.671607
1117.656495,64,7204.612157
1242.549431,71,7205.65879
1210.03428,66,7206.619413
1102.238944,55,7207.444957
1246.976325,65,7208.397555
1253.662551,61,7212.266485
1216.192445,53,7213.043484
1270.620042,65,7213.967066
1142.402499,42,7214.665654
1210.892162,71,7215.744205
1215.540234,77,7216.864758
1105.446044,71,7217.97737
1321.024266,75,7219.143553
1235.268925,53,7219.928553
1137.717499,38,7220.5371
1248.804137,61,7221.432739
1257.604748,57,7222.284382
1191.075251,57,7223.175006
1148.688295,42,7223.832008
1157.932918,39,7224.427555
1214.601035,58,7225.301837
1265.559563,57,7226.225391
1193.392847,51,7227.017388
1240.035729,57,7227.858932
1282.434929,66,7228.848566
1206.124941,63,7229.818126
1177.276043,56,7230.602293
1271.113059,64,7231.520846
1263.393688,56,7232.362441
1256.430514,65,7260.427605
1211.141908,59,7261.387173
1223.877889,52,7262.190734
1218.206073,56,7263.033734
1179.568324,60,7263.995271
1266.283524,65,7264.971818
1133.15098,38,7265.531369
1186.001307,58,7266.386995
1250.607125,60,7267.247626
1219.857699,52,7268.078205
1125.737941,51,7268.884687
1176.567915,44,7269.628243
1222.287532,61,7273.45242
126.489725,66,7274.486041
1216.430533,55,7275.347686
1184.208318,55,7276.105196
1187.332518,45,7276.835197
1275.72597,55,7277.727758
1166.123804,50,7278.514311
1262.892107,56,7279.414869
1100.732477,51,7280.239511
1149.089417,43,7280.861511
1140.964369,53,7281.596086
1209.678767,55,7282.477342
1151.296048,37,7283.089926
1286.503566,63,7284.031927
1212.561832,49,7284.740551
1222.216357,53,7285.579089
1140.294638,34,7286.130711
1145.404285,45,7286.837711
1245.149464,67,7287.870266
1273.107764,74,7289.023845
179.150207,67,7290.043463
1227.713319,59,7290.898112
1205.064885,52,7291.6907
1262.709517,70,7292.761322
1244.836708,60,7293.61495
1190.499961,47,7294.373496
1265.285456,70,7295.472052
1232.482822,59,7296.333615
1231.159705,67,7297.332233
1150.840294,50,7298.098861
1275.695142,65,7299.186416
1268.652847,59,7300.038414
1207.789753,48,7300.849049
1272.665564,62,7301.797601
1240.981904,54,7302.622216
1136.302685,40,7303.259852
17.765945,40,7303.835852
1239.001866,52,7307.549098
1192.319049,46,7308.282135
1292.072689,70,7309.35075
1249.865743,55,7310.231368
1149.679398,37,7310.761368
1175.501953,45,7311.365965
1253.545862,64,7339.717476
1221.59007,51,7340.442446
1270.928931,61,7341.423994
1229.517176,61,7342.296838
1173.27007,53,7343.102393
1258.762944,71,7344.13397
1189.11155,67,7345.201518
1217.293767,58,7346.017317
1238.571889,62,7346.972867
1221.717528,58,7347.836481
1145.104948,36,7348.384099
1235.013573,68,7349.349697
1200.554374,52,7350.197246
1291.478311,69,7351.248802
1121.15729,81,7352.432425
136.666072,78,7353.617004
80.245632,46,7354.310557
1027.433234,56,7355.158174
1234.203714,48,7355.893174
1279.62622,56,7356.70146
1289.888912,72,7357.700016
1208.953019,54,7358.513639
1244.42021,57,7359.383248
1221.287785,54,7360.250797
1174.727761,51,7360.927798
1193.207311,68,7362.017434
1225.210856,55,7362.800972
1251.27733,64,7363.775535
1133.904698,52,7364.545158
151.440144,82,7368.723377
1271.503175,64,7369.72616
73.134055,50,7370.430708
1256.530292,72,7371.508344
1190.792462,51,7372.331976
1141.445038,40,7372.888976
1180.492052,45,7373.600595
177.723039,65,7374.577139
1145.343396,37,7375.207696
1222.583151,71,7376.192237
1187.064488,59,7377.103848
1272.717873,67,7378.157995
1264.964463,72,7379.256569
1334.122174,66,7380.228127
1249.601392,61,7381.090681
1280.686661,66,7382.04168
1171.841044,61,7382.946248
1137.597059,34,7383.470846
1162.897311,45,7384.110475
1168.2647,38,7384.681476
1128.073895,54,7385.50112
1245.332382,65,7386.424743
1195.691261,68,7415.053762
1285.274649,63,7415.983761
1201.139304,47,7416.698318
27.981193,49,7417.400879
147.440509,74,7418.485438
1196.863907,51,7419.275991
1230.116704,58,7420.203011
1200.114626,54,7420.955011
1238.974967,51,7421.722568
1188.508489,51,7422.503135
1241.807764,66,7423.493695
1210.000679,61,7424.374253
1140.71572,48,7425.050852
1282.773643,69,7426.0994
215.516659,69,7430.076982
1163.421253,39,7430.69077
1182.471337,58,7431.564349
1184.316329,38,7432.169968
1268.280184,63,7433.088518
1195.203833,52,7433.923518
1281.504825,67,7434.926065
1220.799921,50,7435.726228
1194.170242,56,7436.519795
1204.243576,54,7437.323342
1232.52065,57,7438.155904
1147.806107,39,7438.719904
1199.989115,51,7439.480508
1196.286998,70,7440.572051
1158.909543,62,7441.504596
1218.927732,52,7442.281153
1264.280695,61,7443.195706
1158.441544,42,7443.870708
1157.81904,43,7444.428277
1279.193535,60,7445.357836
1182.297823,47,7446.035836
1163.916758,56,7446.854458
1288.530326,63,7447.794042
1228.447095,58,7448.637665
1171.596161,43,7449.348799
60.294566,40,7449.942801
1123.298155,45,7450.675348
1194.074837,47,7451.369932
1237.290429,58,7452.262573
1259.537204,58,7453.131132
1269.753395,57,7453.969133
1216.49412,63,7454.941753
1249.478077,69,7456.018407
1191.860814,59,7456.961955
1167.499635,47,7457.663549
1235.746731,76,7458.759154
1222.361871,66,7459.783708
1222.733548,54,7463.49989
1143.426316,34,7463.987891
1175.358241,40,7464.538502
1216.183892,59,7465.405043
1193.096575,65,7493.826999
1140.887038,41,7494.397649
1164.873338,56,7495.254225
1218.709131,57,7496.105762
1237.802285,61,7497.051309
1139.269777,37,7497.54931
1174.88699,72,7498.638874
1254.941462,64,7499.657504
1181.228424,50,7500.370115
1214.970361,60,7501.260671
1299.073084,76,7502.383265
1170.232001,49,7503.178886
1262.483483,68,7504.215525
1204.674959,64,7505.130136
1169.706167,53,7505.935136
36.734099,36,7506.445688
70.859607,43,7507.059255
1245.845478,53,7507.809254
1308.179071,68,7508.886805
1260.448689,62,7509.852376
1127.896422,54,7510.573949
1185.562816,43,7511.22452
1139.882846,50,7511.924521
1313.143455,68,7512.933074
1220.326995,56,7513.738701
1184.126773,48,7514.458266
1194.786979,51,7515.288922
1212.384935,52,7516.029919
1197.473517,57,7516.879485
1116.421306,43,7517.520034
1158.491842,44,7518.173191
1197.859599,48,7518.890194
1210.304022,71,7519.915962
1318.860283,65,7520.900501
1187.404762,74,7524.943162
1222.013216,55,7525.74874
1166.799586,45,7526.430326
1269.648493,70,7527.493895
1227.155328,57,7528.344471
1293.808324,57,7529.20698
1254.243332,53,7529.977979
1138.325564,36,7530.510535
1250.060899,60,7531.354101
1251.887441,54,7532.218645
1299.576922,71,7533.235293
1151.350993,37,7533.724296
1198.865053,55,7534.517834
1213.671763,70,7535.590389
1247.423119,58,7536.473951
1219.318798,51,7537.180333
1239.403062,59,7538.04988
35.319328,59,7538.95988
1183.57928,46,7539.681504
1235.590549,53,7540.448055
1265.254479,55,7569.14635
1225.301975,53,7569.942351
1248.783558,68,7570.934914
1255.425129,56,7571.773723
1218.069212,54,7572.595278
1217.058397,48,7573.266853
1199.529502,67,7574.357521
1259.128205,59,7575.164323
1247.135065,59,7576.095953
105.519332,54,7576.928954
1245.575372,55,7577.743611
1211.102441,51,7578.495165
1292.919636,66,7579.536849
1250.380464,57,7580.385468
1236.575304,81,7581.587097
1227.02633,62,7585.459299
1071.48473,74,7586.56586
1256.780689,71,7587.663414
1196.070643,51,7588.488091
1252.109261,62,7589.394645
1217.101233,58,7590.247223
1222.867423,63,7591.144778
1164.700858,41,7591.751775
1147.792894,38,7592.333397
1295.003257,61,7593.262042
1298.472067,59,7594.119623
1147.824966,43,7594.767623
1157.485355,72,7595.796243
1198.94136,45,7596.473335
1241.633673,64,7597.37992
1186.59117,49,7598.145574
1217.205655,56,7598.965576
1223.365005,73,7600.06969
189.609454,68,7601.111255
1310.562095,64,7602.082994
1202.696457,53,7602.845995
1115.410788,42,7603.457631
1204.140183,69,7604.497171
1269.645369,60,7605.392782
1259.493121,62,7606.326366
1284.866234,66,7607.254795
1139.003751,37,7607.806796
1277.69892,61,7608.699408
1241.360942,72,7609.756012
1269.434767,62,7610.696649
1257.371557,57,7611.514239
1250.484608,55,7612.348874
1199.029107,54,7613.195508
1180.470138,55,7613.978527
1254.020057,66,7614.993179
1228.077872,65,7618.911335
102.016609,47,7646.865625
1239.840624,70,7647.926189
67.771913,53,7648.768831
1256.318734,58,7649.584393
1292.807648,60,7650.510946
1188.021998,48,7651.284508
1236.784887,56,7652.104054
1253.530113,59,7652.926054
1267.886732,59,7653.725606
1238.23635,56,7654.556161
1186.172337,58,7655.431784
1291.824191,67,7656.435499
1209.880365,54,7657.22271
1223.151409,52,7658.059254
1193.248316,53,7658.802255
1115.26917,35,7659.298981
1135.830074,37,7659.86098
1261.985516,56,7660.718596
1234.789513,51,7661.548136
1246.656242,59,7662.462787
1183.14994,74,7663.57339
1235.983908,75,7664.652938
1197.905568,49,7665.418501
1263.895032,64,7666.357053
1195.970703,78,7667.496613
1258.001612,57,7668.291248
1268.443557,68,7669.307793
1299.407315,62,7670.225328
1254.267577,58,7671.073008
1104.439109,61,7671.993009
1282.708498,68,7673.037568
1198.321335,51,7673.788902
1248.369095,55,7674.608448
1251.476913,58,7675.430002
1270.376487,61,7676.315637
1250.477452,59,7680.136513
1157.777341,46,7680.802515
1248.193773,60,7681.727072
64.992467,61,7682.654718
1249.228178,56,7683.498289
1264.204251,65,7684.4979
1314.955445,68,7685.512526
1246.884995,64,7686.430161
1293.073558,61,7687.364715
1263.456114,70,7688.384277
1173.533526,50,7689.159826
1271.572738,70,7690.130454
1207.118954,55,7690.959037
1202.458638,74,7692.038657
1193.367354,61,7692.924248
1175.576196,58,7693.847873
1158.60423,60,7724.451221
1219.305136,51,7725.19576
1269.703125,65,7726.188324
1157.827278,36,7726.689325
1197.861983,47,7727.334905
1314.337631,69,7728.35971
1231.547884,61,7729.339365
1195.304847,49,7730.040366
1214.309398,71,7731.07155
1335.398392,75,7732.1641
1256.948638,72,7733.180662
1206.219692,56,7733.971661
1208.308308,59,7734.843207
1238.583956,56,7735.710835
1168.590313,63,7736.689387
1295.800557,74,7737.784944
1206.075612,52,7738.560571
1134.172357,78,7742.638825
1268.178826,59,7743.542393
1217.428173,75,7744.750936
1180.886146,48,7745.465498
1205.920326,51,7746.261055
1259.411442,53,7747.029057
1196.437065,46,7747.728598
1253.80317,59,7748.669153
1238.47798,68,7749.704772
1220.337099,64,7750.631582
1196.398781,49,7751.385657
1213.858162,60,7752.323223
1338.533653,72,7753.413787
1165.992042,44,7754.084367
1119.453853,65,7755.038368
1230.483549,55,7755.892901
1172.041107,43,7756.525438
1124.046488,36,7757.07498
44.176966,37,7757.600981
1176.36137,40,7758.224541
1186.888068,55,7759.036541
1246.944661,56,7759.873159
1123.317649,35,7760.380713
1208.222487,50,7761.141264
1200.86362,52,7761.905264
1125.131502,35,7762.43682
1142.621381,75,7763.548444
1168.999539,40,7764.156072
1216.620406,50,7764.905072
1219.884947,56,7765.76663
1236.274761,55,7766.567742
1178.982725,78,7767.723283
1130.197364,62,7768.636918
1177.199938,44,7769.397061
1175.316527,50,7770.188612
1265.925035,61,7771.171157
87.325677,57,7799.727948
1184.235439,60,7800.659561
96.286233,42,7804.231735
173.041158,62,7805.192422
1260.84372,56,7806.078084
1181.199557,61,7807.008083
1213.345948,70,7808.077228
1221.486954,67,7809.087782
1243.097634,59,7809.948783
1190.335395,49,7810.645329
1121.103827,35,7811.212968
1162.757515,41,7811.808968
1246.788301,52,7812.580619
75.350422,63,7813.533183
1215.318984,67,7814.524409
1202.736438,53,7815.297023
1227.192587,46,7816.039023
1245.498128,66,7817.040644
1164.63569,41,7817.638216
1209.741698,50,7818.432195
1195.351441,65,7819.375753
1170.814178,44,7820.049205
1159.813865,50,7820.815749
1251.874019,57,7821.657306
1173.389519,47,7822.346862
1205.830177,64,7823.318519
1324.406551,72,7824.326071
1175.368964,49,7825.037069
1230.786868,57,7825.921703
1162.182299,56,7826.796252
1312.091089,70,7827.845837
1123.564597,38,7828.448396
1197.216977,45,7829.115016
1131.247371,63,7830.068643
1167.165241,41,7830.690645
1166.143603,47,7831.375202
1213.338121,48,7832.074958
1159.623637,43,7832.731958
1201.415123,49,7833.459578
1202.925894,47,7834.245126
1202.579686,51,7835.05175
26.522656,40,7838.614257
1311.844012,64,7839.555812
1147.041707,85,7840.800433
1219.98152,62,7841.732996
1252.076701,54,7842.528539
1186.665969,70,7843.553111
1322.875771,67,7844.550728
1247.843289,56,7845.44438
1289.295813,66,7846.456948
1246.349621,57,7847.282608
1244.867041,56,7848.142856
1204.774594,47,7848.914856
1194.348844,48,7849.600075
1255.967007,68,7850.61871
1183.122397,73,7880.033081
1318.602953,62,7880.998716
1214.670869,50,7881.708266
1225.392357,68,7882.684902
1269.412543,57,7883.56047
1326.532963,78,7884.73002
115.717887,48,7885.528665
128.830072,51,7886.237212
124.626222,58,7887.054495
105.169216,50,7887.793106
175.799068,68,7888.80166
104.642801,72,7889.905286
100.295848,45,7890.527862
96.829673,50,7891.279427
111.193302,46,7892.015424
193.810615,75,7893.180538
95.984733,43,7893.788538
171.278061,53,7894.589095
99.323459,73,7895.737633
97.732101,44,7896.384186
129.562229,62,7900.260024
173.39238,61,7901.141665
192.047249,59,7902.039663
133.232815,53,7902.962282
105.956535,47,7903.63884
81.443821,42,7904.287426
170.854595,72,7905.367063
91.395753,53,7906.200657
210.205759,64,7907.176319
199.14852,66,7908.125005
97.648603,72,7909.25356
124.833502,65,7910.213179
110.041729,42,7910.87118
108.660028,46,7911.521808
170.067855,67,7912.517453
121.960066,49,7913.308042
105.266659,48,7913.943041
156.482337,67,7915.020597
68.196112,48,7915.782156
155.079947,76,7916.8927
78.850915,40,7917.443248
166.562369,64,7918.389802
171.215252,60,7919.21745
122.297617,61,7920.091
156.291472,66,7920.999998
90.996387,41,7921.628546
114.642611,73,7922.682142
65.81275,49,7923.435698
133.824284,54,7924.30033
67.901292,37,7924.886331
105.829089,43,7925.541899
122.796367,69,7926.589468
43.084721,42,7954.825377
122.738506,53,7955.598019
32.366688,34,7956.056554
229.011396,65,7957.047557
186.978543,60,7957.9413
82.080326,40,7961.464495
81.54036,62,7962.389041
135.746747,50,7963.155587
102.411821,51,7963.889587
81.303442,43,7964.514141
161.271639,73,7965.598696
141.366246,54,7966.435303
172.547363,54,7967.234941
143.942012,58,7968.121547
172.794979,57,7968.967549
84.33194,40,7969.5646
136.569621,50,7970.310988
79.242432,56,7971.106556
136.412922,52,7971.909615
84.018706,40,7972.42714
119.144472,61,7973.310711
81.63956,40,7973.84271
154.874643,51,7974.603265
163.156312,64,7975.557914
207.873583,63,7976.505524
151.177821,56,7977.380027
187.007403,65,7978.396704
134.905566,63,7979.267339
82.592272,38,7979.792339
188.782245,62,7980.686057
210.22332,59,7981.55567
133.86704,74,7982.763232
132.762225,65,7983.682776
81.310475,45,7984.354481
192.783001,60,7985.179119
132.200457,48,7985.86904
89.172645,41,7986.519687
204.463017,64,7987.458306
96.485616,41,7988.105945
158.077733,60,7988.948945
89.559095,47,7989.664497
133.60006,55,7990.535476
86.416968,45,7991.218146
152.404458,47,7994.889202
188.786263,56,7995.765542
166.66645,53,7996.576032
113.805443,50,7997.349658
121.460163,72,7998.394346
103.131258,41,7998.981282
140.133958,48,7999.680539
140.787388,60,8000.57811
72.602543,65,8001.572749
129.339124,59,8002.452845
91.880441,56,8003.360398
53.687214,34,8003.855398
120.769714,44,8004.478962
146.948288,56,8032.163064
151.156018,56,8032.979023
224.90829,72,8034.130191
174.695384,56,8034.942226
210.897779,57,8035.821814
164.610161,63,8036.781293
141.04267,63,8037.664909
141.338201,57,8038.451124
107.538409,43,8039.111777
187.932127,61,8040.033737
134.699702,74,8041.158737
201.973621,63,8042.102486
113.290031,48,8042.829497
140.23252,49,8043.595051
129.622063,64,8044.592604
151.926977,64,8045.653224
257.031632,64,8046.614781
189.97797,61,8047.477282
60.078687,32,8047.986342
85.925132,42,8048.609835
76.022449,53,8049.403463
117.181086,42,8050.040402
216.00494,67,8051.019118
78.705461,40,8051.618674
158.405472,54,8055.36352
99.751111,49,8056.07007
191.057918,63,8057.061626
182.36712,59,8057.979671
175.243313,65,8058.890185
89.536444,47,8059.648165
132.712013,50,8060.416758
175.568469,56,8061.248997
120.714399,62,8062.14262
163.041262,75,8063.298124
114.948002,44,8063.909124
141.93502,49,8064.701677
54.155463,38,8065.225385
150.330289,56,8066.038428
193.928913,56,8066.87961
160.865408,56,8067.699217
145.601652,60,8068.674494
128.388373,65,8069.605108
187.362916,71,8070.602686
210.987314,62,8071.551292
140.790304,64,8072.554793
175.711531,57,8073.412415
168.508365,60,8074.336906
69.618314,61,8075.259836
167.646697,59,8076.169322
182.388323,70,8077.152069
84.39684,56,8077.908001
108.099437,48,8078.68256
164.67348,58,8079.579121
81.896624,43,8107.653647
76.423155,43,8108.31925
192.523997,60,8109.251805
52.751389,35,8109.825805
115.040585,47,8110.533365
215.396392,60,8111.444719
131.214824,67,8112.46422
203.286108,59,8113.418454
118.551991,77,8117.490466
134.492449,46,8118.23611
106.25231,44,8118.923111
197.880106,67,8119.925447
173.376501,58,8120.849088
110.130369,53,8121.660723
138.868141,48,8122.386345
167.282116,56,8123.251977
136.654898,64,8124.179532
151.402929,57,8125.031533
236.453466,72,8126.108784
145.339159,60,8127.008786
89.305108,43,8127.669333
106.585185,63,8128.634906
142.431135,56,8129.49474
145.868952,49,8130.225285
138.666711,50,8130.986285
114.203887,48,8131.726956
148.398068,50,8132.465596
202.554178,65,8133.503155
201.666642,61,8134.428725
75.804656,38,8135.015725
127.15686,47,8135.744277
193.980342,74,8136.826914
126.152919,47,8137.595175
93.551032,46,8138.310775
146.184698,54,8139.149333
93.54729,48,8139.886334
171.168047,52,8140.681545
72.766182,40,8141.342088
211.87176,65,8142.263645
65.244926,43,8142.947645
247.37955,63,8143.907204
113.945641,44,8144.550882
89.218248,51,8145.321488
192.304201,61,8146.261055
73.024094,36,8146.839015
143.684951,47,8147.530625
182.431517,68,8151.508142
81.182711,77,8152.654411
163.032992,52,8153.488971
82.804397,45,8154.182583
43.377829,82,8155.438992
132.482684,49,8156.159608
116.367389,54,8156.953606
128.598827,48,8157.712262
164.661775,59,8158.578479
158.875229,61,8190.448063
203.260197,69,8191.430571
154.069085,66,8192.455203
113.698218,46,8193.159762
111.590324,47,8193.909762
159.063692,76,8195.013318
135.588548,57,8195.903867
146.515615,48,8196.585542
80.172812,38,8197.126096
94.370888,55,8198.01178
181.166663,59,8198.927328
176.619719,66,8199.965882
193.576545,73,8201.074072
185.534423,59,8201.998073
109.598596,50,8202.793641
135.09896,56,8203.673219
170.539619,54,8204.549886
57.879952,39,8205.071469
112.153808,59,8205.994762
184.667181,67,8206.951367
75.210361,63,8207.979918
108.679803,59,8208.88046
88.005098,41,8209.494087
161.399292,54,8210.289624
147.624,65,8211.294199
115.484612,57,8212.123846
188.918665,64,8215.970361
60.010346,39,8216.561898
197.445853,62,8217.475549
66.212842,37,8218.039551
192.324342,67,8219.025576
195.041965,64,8220.008137
68.26801,41,8220.6497
87.962458,37,8221.151249
166.716605,70,8222.224883
161.79075,62,8223.127427
194.629353,76,8224.277026
145.922861,52,8225.063672
156.356803,63,8226.00467
134.7668,59,8226.879292
133.507569,51,8227.658872
173.278675,54,8228.513427
222.774722,65,8229.51101
145.131709,62,8230.471645
120.450633,49,8231.250712
202.997165,58,8232.153269
190.313681,65,8233.154819
148.558346,57,8234.002818
262.425106,68,8234.98609
82.223215,37,8235.50633
137.859481,50,8236.283867
67.66678,47,8236.999865
103.415762,55,8237.858433
241.456422,70,8270.784517
176.178416,63,8271.725848
109.615479,46,8272.419974
105.157109,52,8273.150524
141.485235,56,8274.027525
189.27916,64,8275.038077
207.591421,60,8275.911701
92.107943,48,8276.588278
106.020027,47,8277.26884
115.401587,57,8278.111401
77.674987,40,8281.753047
49.260329,52,8282.523943
131.607854,57,8283.444533
191.814316,66,8284.541024
146.285783,70,8285.516577
145.739358,46,8286.255182
155.171119,58,8287.114805
204.503335,66,8288.092445
134.872699,51,8288.872445
179.271191,57,8289.681011
221.043777,66,8290.67964
112.282956,47,8291.414256
126.0972,58,8292.339551
171.655767,62,8293.274105
100.438483,45,8293.941106
168.771738,60,8294.848666
208.041244,57,8295.700256
47.762854,37,8296.318814
109.223673,55,8297.149453
125.794143,52,8297.934452
161.085014,52,8298.668081
103.193407,46,8299.378679
54.799178,39,8299.96368
156.384324,65,8300.95528
159.29658,53,8301.728446
126.960085,51,8302.535994
40.370161,55,8303.337547
57.151471,37,8303.89355
69.030511,41,8304.493181
156.348855,62,8305.463579
83.334557,53,8306.261274
136.702887,58,8307.12482
170.45725,53,8307.914236
67.677515,48,8308.568799
66.14535,40,8309.165369
145.427034,56,8309.999369
219.102715,65,8310.982916
179.159428,55,8311.820551
110.048469,53,8315.592759
138.390711,49,8316.373931
135.441725,53,8317.165567
108.785843,47,8317.904567
154.022348,56,8318.731215
128.521668,65,8319.670216
130.525886,50,8320.340238
131.428015,53,8321.212857
117.304782,50,8353.440887
166.146206,59,8354.294519
111.561547,48,8355.016519
125.015644,43,8355.64869
154.543429,62,8356.549285
158.834115,54,8357.353864
106.623146,43,8357.946863
160.177097,72,8359.019429
97.689104,43,8359.62904
125.789186,50,8360.379608
225.433623,71,8361.471228
181.225449,62,8362.430815
215.891812,72,8363.532354
138.857176,57,8364.386971
166.933997,51,8365.172531
183.045281,63,8366.140282
77.577842,42,8366.781283
83.468245,43,8367.418825
222.881704,80,8368.623364
121.874753,51,8369.368973
140.936972,59,8370.309561
146.264022,50,8370.952561
150.905383,48,8371.735119
187.812711,59,8372.609687
164.181753,58,8373.491243
143.977174,52,8374.292872
83.826653,49,8375.016871
202.379352,62,8375.913516
189.650173,65,8376.874156
112.062688,50,8380.612423
212.533063,62,8381.543048
184.571879,72,8382.602829
98.694451,45,8383.269372
206.639708,61,8384.144921
46.107753,34,8384.61192
130.857314,61,8385.553469
168.327156,63,8386.498118
69.201289,38,8387.095725
175.937838,64,8388.056292
238.864974,69,8389.024291
153.502303,61,8389.967857
207.154542,61,8390.93142
87.496933,48,8391.670062
172.692122,56,8392.504704
70.157909,42,8393.066262
69.169437,40,8393.686262
213.364333,63,8394.588804
92.765877,48,8395.300434
212.120944,59,8396.149054
185.184604,61,8397.038054
212.958225,66,8397.948677
82.332147,57,8398.850216
143.232246,49,8399.533798
158.950765,55,8400.352437
90.039415,42,8432.836028
168.015312,58,8433.715652
120.957287,44,8434.367204
199.471944,61,8435.16883
66.723778,45,8435.809832
209.791016,75,8436.922407
55.702761,43,8437.52403
248.594312,67,8438.518704
78.278852,74,8439.596269
238.303667,66,8440.609858
190.228379,72,8441.643409
144.211357,54,8445.418668
115.423566,48,8446.14829
204.394426,68,8447.150843
158.85189,53,8447.990418
80.913632,57,8448.800976
99.243533,44,8449.411536
193.583922,68,8450.446098
70.424162,38,8451.0301
114.115632,48,8451.750658
160.700197,63,8452.63629
128.97407,48,8453.280905
156.44059,60,8454.19647
155.733439,60,8455.106085
172.114479,62,8456.018083
162.622959,58,8456.95269
42.697402,32,8457.445342
120.523849,46,8458.097894
156.206854,51,8458.874896
176.041188,62,8459.923445
40.633925,45,8460.553993
132.074915,52,8461.27556
198.455943,63,8462.274184
200.966325,62,8463.186811
57.599883,59,8464.038812
104.230063,41,8464.753455
186.494801,61,8465.688081
149.603346,58,8466.617643
133.930126,66,8467.644297
263.537064,70,8468.644858
123.426003,61,8469.553424
97.440437,40,8470.243086
171.589113,58,8471.107646
185.961244,66,8472.118196
169.315121,63,8473.039194
101.307459,47,8473.70974
128.420497,63,8474.737335
146.574113,52,8475.516899
202.733907,66,8479.432542
196.424143,58,8480.345699
92.868508,39,8480.985699
166.167621,61,8481.920801
105.250261,47,8482.574345
195.872054,57,8513.962095
80.767742,42,8514.646949
190.802313,57,8515.503487
81.426402,64,8516.489103
40.100595,35,8517.021102
148.555215,49,8517.825766
198.286666,76,8518.876325
186.147437,59,8519.768874
70.269315,68,8520.815459
161.615195,51,8521.619057
177.027252,76,8522.769614
94.692089,53,8523.520176
127.177924,51,8524.244821
156.644163,51,8525.055373
126.544544,47,8525.699374
131.028489,49,8526.441005
191.505754,67,8527.488548
125.829016,49,8528.194142
100.13134,51,8528.884141
132.831923,59,8529.823699
128.64857,58,8530.660249
162.574167,62,8531.546805
172.203479,55,8532.456085
184.618563,59,8533.37963
77.083155,38,8533.927628
186.61063,69,8534.907264
134.857682,56,8535.716886
113.092497,56,8536.573452
183.032523,62,8537.509005
132.009405,50,8538.287584
158.442022,61,8539.163137
145.163581,51,8539.945138
119.737009,61,8543.774413
147.654528,56,8544.680042
-3.375066,57,8545.565603
64.04992,49,8546.351243
109.04824,42,8547.003242
211.26772,70,8548.041989
168.167166,49,8548.758607
213.955155,72,8549.891221
60.320816,40,8550.508722
176.640742,74,8551.66627
76.433956,38,8552.255876
165.081712,62,8553.160483
93.779345,58,8554.052036
156.309206,74,8555.082587
115.445504,47,8555.823589
41.634138,32,8556.360225
216.190348,66,8557.31483
199.478158,73,8558.413387
137.589836,52,8559.152941
59.842861,38,8559.66494
86.298519,41,8560.352766
75.047584,39,8560.928765
115.272253,48,8561.706301
134.058898,48,8593.068369
114.140613,49,8593.761332
154.050941,63,8594.8039
73.619758,36,8595.333517
147.75055,58,8596.170107
91.868921,51,8596.961107
175.003128,53,8597.800667
79.216871,45,8598.521225
210.480515,63,8599.486852
242.264818,71,8600.546411
154.031036,68,8601.492049
61.175848,44,8602.165596
69.149321,40,8602.736597
187.951512,59,8603.615219
184.167451,57,8604.429789
128.106107,47,8608.154056
187.685671,59,8608.999056
197.357839,64,8609.954631
138.123921,67,8610.976274
136.110878,49,8611.75483
220.40123,64,8612.697477
217.314964,69,8613.605061
194.625348,57,8614.488614
172.773232,62,8615.397246
176.356712,53,8616.179854
173.513009,75,8617.3354
91.841507,44,8618.060957
166.993322,56,8618.845957
68.854354,37,8619.3805
180.320341,65,8620.33504
140.404911,64,8621.270676
62.77461,36,8621.868676
130.516387,50,8622.659328
95.455065,45,8623.339998
110.780561,55,8624.152248
97.155455,48,8624.881249
52.021473,55,8625.75779
118.131859,51,8626.541446
94.381346,44,8627.129999
113.645014,47,8627.872997
124.568355,48,8628.598997
127.736481,53,8629.405611
100.112743,62,8630.292165
71.689542,45,8630.991166
95.851036,59,8631.828767
120.678417,54,8632.58128
59.715674,36,8633.186893
129.112978,48,8633.870896
99.44763,49,8634.588538
89.305609,55,8635.44009
182.154424,58,8636.336725
37.663844,34,8636.838727
127.621614,51,8637.621373
214.850896,59,8638.529009
183.377947,57,8642.379097
90.464456,47,8643.114719
116.712573,78,8673.67574
238.001586,67,8674.772373
142.099275,47,8675.479003
218.299326,77,8676.636649
188.55583,67,8677.633209
60.573231,39,8678.239858
211.548423,68,8679.266478
126.499223,51,8680.059846
104.881166,42,8680.779844
195.530255,60,8681.673384
166.601486,56,8682.511941
135.44499,53,8683.31051
156.074526,56,8684.184125
101.402994,44,8684.888127
160.544666,56,8685.773693
257.806386,70,8686.817307
153.841946,57,8687.687862
163.790792,50,8688.411448
163.685611,53,8689.201012
128.214344,49,8689.978778
85.644601,44,8690.627325
154.591249,58,8691.52688
63.609534,38,8692.089485
157.807223,54,8692.927483
201.53589,60,8693.827984
205.350191,59,8694.7116
127.927127,62,8695.645163
50.9965,31,8696.199834
197.398049,64,8697.158334
160.556934,53,8698.054974
103.272556,44,8698.702972
96.644087,47,8699.448632
216.497362,61,8700.37416
150.721323,50,8701.149773
142.748904,59,8702.031774
109.231457,49,8705.742326
150.379494,60,8706.708883
132.960333,48,8707.422431
91.231136,84,8708.709983
103.989395,42,8709.324533
115.917327,50,8710.007531
111.923298,60,8710.968059
172.104534,56,8711.776733
186.847008,58,8712.692281
170.873759,68,8713.72484
113.882557,60,8714.603443
162.088873,63,8715.6373
109.591491,43,8716.263888
145.688277,62,8717.282634
183.952695,53,8718.090285
80.606202,39,8718.617285
135.294739,75,8719.773904
109.56244,44,8720.478458
189.0874,69,8721.518999
138.268173,54,8753.156422
84.557101,47,8753.814419
149.481921,69,8754.91197
157.798513,64,8755.874521
140.702713,47,8756.620092
71.404293,33,8757.152754
159.624612,60,8758.0763
237.184503,70,8759.076861
43.093447,49,8759.819861
170.133155,55,8760.692992
190.756928,60,8761.637544
129.021197,53,8762.438118
118.290817,53,8763.299669
100.856707,56,8764.105277
124.898548,50,8764.817275
180.112277,59,8765.763896
149.704767,65,8766.761432
43.080912,37,8767.315059
193.658245,67,8771.32613
144.744307,54,8772.124678
157.337561,52,8772.943659
205.587327,60,8773.933219
131.74476,49,8774.717839
212.881979,67,8775.734817
51.584512,37,8776.342467
143.950888,55,8777.206087
146.452952,56,8778.069644
126.061336,47,8778.800644
183.439501,65,8779.781127
99.824559,56,8780.648758
170.172137,55,8781.484361
145.355182,52,8782.228989
186.52884,64,8783.211543
173.858783,62,8784.264161
214.269761,69,8785.35777
106.63057,48,8786.133399
73.473229,39,8786.735398
140.47231,49,8787.507042
44.095466,36,8788.032042
132.247363,48,8788.808659
164.753316,52,8789.567217
71.233093,38,8790.235825
147.384663,58,8791.09539
106.301559,72,8792.236951
161.63454,61,8793.218747
194.606622,57,8794.126297
82.000833,41,8794.754296
107.362783,46,8795.438901
184.773497,59,8796.303453
169.090841,59,8797.232082
113.812548,53,8798.05268
128.082223,54,8798.897065
215.677451,63,8799.909638
211.012832,66,8800.824195
142.008513,50,8801.532748
87.280339,44,8833.24996
121.058387,47,8836.895561
103.842475,48,8837.645116
233.927355,72,8838.677274
47.081138,51,8839.547445
103.223213,53,8840.402997
152.523404,60,8841.274571
171.262909,53,8842.113191
229.269183,71,8843.26816
132.928733,70,8844.341808
154.308349,62,8845.259351
200.600121,62,8846.261981
31.34783,31,8846.815983
64.274432,36,8847.360609
158.433002,53,8848.130157
122.98387,51,8848.978158
147.966503,54,8849.763721
151.005645,59,8850.662282
104.27466,49,8851.400837
131.482712,51,8852.196386
191.426421,56,8853.083957
84.107052,47,8853.898959
165.723246,50,8854.66849
125.26961,49,8855.464122
214.644448,66,8856.453927
137.235778,48,8857.141499
153.343468,56,8858.0295
211.859157,68,8859.088774
194.661287,66,8860.1153
89.202373,52,8860.858298
68.250596,42,8861.51091
135.566463,55,8862.332517
181.280575,77,8863.498063
233.680966,65,8864.51367
167.980708,64,8865.51722
246.341159,73,8866.662849
229.718871,70,8867.630392
152.85268,60,8871.530306
135.697528,52,8872.379859
100.622528,43,8873.083484
63.9955,36,8873.638485
195.785073,67,8874.694047
233.08415,70,8875.743668
210.593288,69,8876.808226
223.063974,66,8877.773842
44.210177,35,8878.362425
154.643019,63,8879.318869
204.182204,63,8880.309422
119.077688,55,8881.19499
211.832758,70,8882.273973
78.985799,43,8882.948972
207.202203,70,8884.063084
104.55783,43,8884.748083
176.289655,63,8917.959934
171.340365,59,8918.912495
193.658818,56,8919.843074
107.171234,48,8920.584624
159.93113,63,8921.519177
207.359024,71,8922.581926
91.181359,44,8923.20149
166.546941,54,8924.01049
98.359162,41,8924.661053
190.862384,54,8925.473665
169.49032,62,8926.468251
96.464648,45,8927.1308
1231.851908,51,8927.8908
1264.443071,71,8929.022363
1222.825996,60,8929.968914
1248.181599,65,8930.975494
1239.976233,67,8932.027944
1271.798889,64,8933.036534
1261.637638,59,8933.970081
207.014162,78,8938.009483
1336.216231,78,8939.208589
1197.037643,58,8940.125157
1156.955214,50,8940.898157
1270.567182,62,8941.845713
1237.359391,54,8942.677264
1175.193732,53,8943.487858
1244.282783,58,8944.368417
1175.897033,52,8945.159581
1218.351108,56,8945.997581
1135.634729,45,8946.704139
1244.494121,57,8947.526689
1285.276367,73,8948.661237
1211.940961,61,8949.534841
1240.283577,75,8950.6284
1197.740688,43,8951.358964
1263.227998,58,8952.227555
1260.009339,58,8953.163111
1276.47002,65,8954.176946
1190.167798,47,8954.826944
1180.902792,49,8955.562494
1319.045033,63,8956.586044
1235.709952,58,8957.481604
1326.59892,68,8958.603245
1139.574176,37,8959.133336
1232.274976,56,8960.037334
1244.400112,59,8961.028876
1293.324225,75,8962.156042
1265.481278,60,8963.0606
1188.291647,64,8964.020601
1351.73704,77,8965.280689
1201.342595,61,8966.209273
48.432979,39,8966.819271
1262.62396,78,8996.874664
1174.240922,49,8997.649228
1217.383759,53,9001.372288
1202.627662,54,9002.225839
1300.850743,66,9003.230648
75.931928,35,9003.788646
1287.484358,70,9004.896855
1259.214576,77,9006.050971
43.004176,34,9006.645972
1179.465867,40,9007.18452
1265.360296,63,9008.166091
1248.867237,69,9009.23796
1198.22384,44,9009.93996
1273.870968,55,9010.774508
1229.314472,64,9011.835069
1193.384698,53,9012.664303
74.850834,47,9013.380923
1201.216459,56,9014.246472
1223.916672,55,9015.170012
1230.935781,52,9015.936013
1312.939405,71,9017.089188
1204.87918,44,9017.738188
1201.743802,51,9018.514753
1349.801283,76,9019.780374
1120.989306,36,9020.374931
1299.726236,67,9021.422297
1194.495868,51,9022.222846
1263.636841,70,9023.307096
1182.322517,43,9024.022097
1188.547812,46,9024.801712
1243.863551,78,9026.007324
1248.04089,74,9027.160526
1226.684759,52,9027.972063
1318.234439,68,9029.05117
1217.810957,52,9029.859169
1269.158327,65,9030.848726
1239.62974,60,9031.799359
1270.764926,63,9032.828961
188.095508,65,9036.74454
1218.169453,53,9037.609088
36.855484,39,9038.234735
132.313715,55,9039.099339
1280.383789,64,9040.139001
1206.668214,54,9041.013626
96.412994,43,9041.64017
148.82278,56,9042.504719
1185.577761,46,9043.224455
1197.310998,52,9044.017455
1207.96817,53,9044.915015
1266.952547,55,9045.744624
1270.53625,58,9046.707243
1225.518309,58,9047.599864
1209.610022,57,9048.576428
182.935406,61,9080.129823
1253.646621,54,9081.038824
1222.976748,53,9081.902444
1246.12538,61,9082.873046
127.343732,60,9083.830595
1216.803476,45,9084.541147
1243.159088,75,9085.624705
1263.774842,65,9086.625258
157.044004,51,9087.406836
1159.141128,50,9088.232454
1265.040772,55,9089.079008
1187.486378,51,9089.916008
1196.054102,51,9090.676683
199.627387,68,9091.679685
1227.897466,56,9092.554252
1300.456846,67,9093.577794
1192.312766,66,9094.675405
1243.654731,63,9095.674279
1237.594441,58,9096.537823
1294.629618,63,9097.466386
1231.966756,63,9098.416018
1223.094411,55,9102.209267
1215.306853,51,9103.028266
1263.250947,62,9103.946835
1237.530043,57,9104.834448
1124.771807,55,9105.709086
1242.300247,53,9106.575664
1245.252258,50,9107.298222
1327.935161,73,9108.483778
1196.957322,49,9109.304328
141.358069,53,9110.082978
1264.681767,56,9110.928978
1179.199602,45,9111.594593
1222.339631,49,9112.392156
1157.940259,45,9113.13471
171.505797,65,9114.113351
1223.557373,66,9115.119913
1215.040736,67,9116.187419
1186.724892,45,9116.851419
1165.382881,47,9117.608984
1188.801535,44,9118.290522
1279.485321,63,9119.284165
1288.684121,66,9120.301727
1155.258907,40,9120.883727
58.506281,41,9121.544334
1284.036378,59,9122.447905
1267.981253,62,9123.414457
1217.645322,54,9124.282676
1300.277917,76,9125.36931
186.45133,67,9126.440859
1358.121086,71,9127.592447
1272.203629,75,9128.659448
1219.858918,46,9160.943035
1234.262854,67,9162.010291
1210.542669,60,9162.895989
188.213708,64,9163.875561
1163.830287,52,9164.66616
1148.62186,41,9168.265409
1306.62661,68,9169.295954
1269.986606,65,9170.34457
160.542708,58,9171.226122
1236.620381,49,9171.930121
1263.292751,61,9172.862725
1308.835831,68,9173.897074
1232.195948,53,9174.690706
119.981331,49,9175.387253
223.572065,75,9176.586176
1263.524432,57,9177.427747
1207.773658,54,9178.169298
230.498883,62,9179.108848
1230.366353,55,9179.897846
1271.43425,63,9180.900455
99.658864,52,9181.715065
1320.782437,65,9182.77863
1185.757594,42,9183.367187
1199.712392,46,9184.087725
1285.950364,57,9185.047726
1310.260517,75,9186.167209
1135.713605,43,9186.772208
1294.355887,66,9187.741933
1237.26497,63,9188.764553
123.110216,51,9189.561506
144.91313,59,9190.410125
186.915702,67,9191.443677
108.230861,47,9192.159224
1280.067951,71,9193.258856
1249.490538,55,9194.108386
60.916064,39,9194.710386
1253.033594,65,9195.716015
1257.26906,65,9196.683586
1236.66299,78,9197.899157
1208.482219,51,9198.667813
1202.463956,50,9199.390366
1237.128994,60,9203.271326
1262.649299,58,9204.154965
1241.465924,58,9205.028965
1202.909748,51,9205.809557
1225.885216,52,9206.5932
1268.234331,74,9207.741756
1177.76879,49,9208.552365
1263.181159,61,9209.528915
1180.663417,48,9210.303464
1215.717904,52,9211.088005
1286.353079,68,9212.022005
1263.007556,60,9244.399461
1256.115968,57,9245.329081
1298.375948,69,9246.471946
143.47389,58,9247.352507
1254.240664,70,9248.359156
1319.392695,71,9249.407761
1223.618581,48,9250.19032
1210.888209,53,9251.007418
1225.473993,51,9251.797988
1255.889082,62,9252.751624
1274.749494,66,9253.824271
1196.722468,48,9254.514823
1274.421698,60,9255.452977
1223.143882,49,9256.209521
1283.307239,65,9257.160083
1267.712835,69,9258.264721
1233.412946,62,9259.209271
1205.965499,53,9260.006272
1181.472527,45,9260.709902
1223.041087,70,9261.808459
1190.109386,44,9262.475005
1132.038039,40,9263.149555
1225.328412,49,9263.914965
1277.59743,57,9264.769525
1236.467432,52,9268.507631
1241.088924,64,9269.537192
41.497967,40,9270.153222
1125.448206,42,9270.800224
52.047893,41,9271.433849
1226.149325,56,9272.367409
1190.947029,65,9273.411055
1200.78115,50,9274.118609
1245.008163,78,9275.292216
1261.962521,57,9276.122225
1170.659208,47,9276.852225
1163.192973,48,9277.636865
1269.105387,72,9278.710492
1166.566324,64,9279.717116
98.572438,44,9280.40067
1257.641531,55,9281.184312
1201.653026,51,9281.998307
1142.438453,74,9283.110448
1296.098725,62,9284.064068
1247.749042,50,9284.804069
1197.010452,52,9285.647865
1133.762577,37,9286.237468
1205.167653,50,9286.899465
1279.82135,62,9287.856069
1315.757965,70,9288.922327
1306.245781,74,9290.114586
1213.341006,45,9290.801584
1170.873113,40,9291.404188
1257.540465,67,9292.376745
1169.953045,43,9322.691286
1284.995408,57,9323.481924
1301.960003,65,9324.430485
1166.721945,48,9325.19711
1199.148204,53,9325.94411
1247.458332,56,9326.776729
1294.114676,64,9327.75534
1242.469668,64,9328.702987
1192.337689,44,9332.337182
1269.019844,68,9333.361739
1168.307502,53,9334.217391
239.992715,78,9335.395936
1169.591829,43,9335.991938
1289.288989,70,9337.027943
1262.560558,63,9338.046123
1238.96178,56,9338.888129
1263.554305,63,9339.807855
1214.395047,55,9340.657486
1328.893782,64,9341.654092
1242.608663,64,9342.669091
1194.777797,51,9343.418707
1264.745037,67,9344.447321
76.045315,48,9345.236938
1282.296816,66,9346.278402
1187.453624,44,9346.874402
171.948418,66,9347.951965
1185.822542,48,9348.684522
1219.315425,55,9349.542392
1225.349146,49,9350.261942
1203.547594,46,9350.979982
1206.270464,59,9351.90251
1183.804073,42,9352.577184
1126.640592,39,9353.17175
1181282.483879,72,9354.574311441233.753547,58,9355.448312461248.593622,52,9356.32891221174.242559,41,9356.91657119186.585766,69,9357.909108781254.862812,56,9358.744712631256.881941,60,9359.634312711216.444298,60,9360.621175.51306.57471,64,9361.557421
111.44778,53,9362.354422
1188.680161,54,9363.189979
1276.450281,59,9367.036225
1160.823946,35,9367.49841218117.23585,56,9368.287434111195.322022,48,9368.997993121316.058695,67,9369.9905411233.932544,58,9370.832152271210.437922,48,9371.56066111243.583955,59,9372.406661121227.618524,69,9373.420292131302.592888,73,9402.629189121300.591186,73,9403.761861121245.925456,66,9404.739418121219.87009,62,9405.61702121289.471311,59,9406.5266211269.44118,59,9407.39962
1349.261031,77,9408.527043
1279.781589,64,9409.485597
138.523884,67,9410.457786
1311.455522,65,9411.382416
1263.53876,60,9412.22712
1297.305181,62,9413.206677
1252.750815,57,9414.058299
1203.864293,53,9414.869855
1174.920508,54,9415.593474
1161.792553,55,9416.423733
1125.476522,54,9417.255318
1271.14822,67,9418.290899
1168.251928,71,9419.367443
1198.01931,52,9420.149997
1192.773002,46,9420.79763
1262.944982,71,9421.877183
106.748433,45,9422.517854
1189.497351,47,9423.212869
1256.252061,73,9424.334435
1210.760563,62,9428.20769
1236.439237,58,9429.088367
1311.225871,72,9430.207934
1299.984086,67,9431.174483
1169.813178,41,9431.852058
1165.122793,43,9432.476566
1220.433911,49,9433.214565
1161.078862,40,9433.918787
1257.216402,65,9434.918389
1183.82194,48,9435.641556
1258.029327,69,9436.66559
1234.645591,71,9437.774126
1179.166652,53,9438.516755
1281.522702,59,9439.395754
1208.401181,60,9440.304966
1252.497191,54,9441.117511
1173.981512,54,9441.907332
1179.30828,52,9442.725726
1211.086179,55,9443.505321
179.515569,64,9444.430319
1253.659842,59,9445.253906
1282.808595,63,9446.192518
1189.403434,52,9446.947155
157.839678,64,9447.879731
1306.654143,76,9448.916268
1207.342202,81,9477.604504
1246.762366,57,9478.433504
1251.385526,54,9479.203134
1207.547227,45,9479.861681
1156.029578,49,9480.632224
1153.778172,72,9481.688839
1224.37087,55,9482.519466
1248.360315,55,9483.376466
1248.82537,60,9484.267144
1246.014536,59,9485.11674
1188.327516,47,9485.816293
1288.116859,67,9489.74262
1229.775535,61,9490.65018
1169.1025,55,9491.461821
1263.716292,57,9492.290869
1292.339442,63,9493.302291
1212.76072,45,9494.000902
1265.980047,76,9495.118544
1147.341723,35,9495.662106
1275.079105,62,9496.590742
1230.270579,66,9497.553355
1252.989585,63,9498.456354
1228.029363,53,9499.266024
1213.950429,84,9500.43056
1231.849258,60,9501.249105
1282.2633,77,9502.422745
1279.888459,66,9503.418411
1328.915215,67,9504.420981
1201.598173,58,9505.299586
1241.410807,63,9506.233214
1312.823975,75,9507.385822
1211.424838,57,9508.200408
1267.220629,78,9509.393102
1208.90281,53,9510.172682
137.953249,62,9511.040299
1263.085961,74,9512.210085
1200.485622,58,9513.084726
1214.207486,53,9513.899292
72.244346,52,9514.663717
104.992938,51,9515.42472
1313.729435,79,9516.589956
1207.151849,46,9517.245961
172.648596,60,9518.090474
1232.236252,58,9518.949036
1185.845086,52,9522.635221
1328.152687,67,9523.697888
1255.767238,66,9524.644508
1266.252557,62,9525.549166
1255.951168,62,9526.471738
1215.133555,59,9527.350741
1180.878884,47,9556.125744
1138.297175,39,9556.648362
1175.943509,49,9557.372362
1235.697439,64,9558.30891
1161.310722,50,9559.101479
1267.100504,67,9560.074037
1259.062989,62,9561.044699
1194.409146,45,9561.735689
1208.136724,52,9562.51125
1279.672024,69,9563.505993
1233.890288,58,9564.327991
1250.200913,59,9565.197622
1287.895028,61,9566.079184
1220.670972,51,9566.843729
1217.698683,64,9567.79435
1215.739876,50,9568.579976
1206.263134,52,9569.362026
1329.652257,71,9570.36352
1181.743454,47,9571.070151
1271.52156,62,9571.957716
1277.828329,63,9572.873382
1214.560141,54,9573.677026
1262.919798,55,9574.516494
1199.509822,50,9575.229496
1141.205812,59,9576.111745
1301.556069,64,9577.028371
1170.186195,38,9577.679005
1159.397331,37,9578.208005
1259.098539,59,9579.057566
1233.311459,80,9580.222164
1165.011022,43,9583.774454
1233.440634,63,9584.704056
1202.839422,52,9585.464621
1264.809552,70,9586.487242
1311.025279,66,9587.428244
1289.530059,72,9588.519433
1195.190898,65,9589.451976
1153.694877,39,9589.992183
1197.851723,50,9590.686736
1231.357166,54,9591.454736
1230.032853,52,9592.219282
1129.967849,54,9592.986511
1229.077527,63,9593.898137
1172.709809,81,9595.090693
1275.300333,66,9596.062299
1245.854818,66,9597.024848
1242.909759,56,9597.872501
1212.79344,79,9598.970149
105.63879,49,9599.691802
1222.00381,52,9600.427803
1218.810868,48,9601.07335
1332.524376,74,9602.098098
1354.595173,69,9630.655712
1260.869817,68,9631.632287
1179.097615,45,9632.261287
1293.246965,75,9633.360844
1190.648786,64,9634.277489
1189.263564,47,9634.861181
1285.500349,64,9635.801743
1185.68607,46,9636.359742
1152.041916,52,9637.084315
1184.688995,48,9637.847871
1263.024667,65,9638.732496
1211.942666,64,9639.707109
1259.829715,66,9640.632678
1246.173931,66,9644.492868
1169.62483,40,9645.066867
1328.087115,68,9646.050487
1281.348559,61,9646.932059
1251.116038,56,9647.690609
1164.563998,47,9648.369608
1213.795375,53,9649.078919
1199.013962,54,9649.83647
1175.84454,45,9650.521013
1124.125488,49,9651.224058
1252.050979,62,9652.076552
1199.541313,48,9652.795141
1254.228959,60,9653.674695
1230.270848,50,9654.378695
1272.092399,68,9655.34497
1265.851791,64,9656.244524
1283.157186,64,9657.171067
1287.486828,72,9658.136626
1163.040997,41,9658.648182
1228.480716,52,9659.378183
1234.624973,53,9660.152814
1162.420502,41,9660.816365
1323.654984,70,9661.77391
1105.85562,37,9662.340908
1286.776997,63,9663.268457
1255.314171,60,9664.142681
1313.665565,69,9665.143282
1218.949428,51,9665.877903
1247.99105,59,9666.700533
1276.272587,65,9667.644088
1201.047196,62,9668.521708
1345.151538,69,9669.394709
1230.918215,63,9670.282279
1224.047306,58,9671.170818
1232.603831,52,9671.924478
1184.789356,46,9672.594131
156.946604,74,9676.573328
1285.302101,59,9677.406328
1258.817336,71,9678.487433
1211.656537,52,9707.593027
1197.059316,54,9708.30203
1182.036212,46,9708.964584
185.31849,72,9710.040751
1194.090016,43,9710.619347
1226.947793,50,9711.297299
1179.695258,48,9712.027926
58.459738,52,9712.745535
1264.895943,61,9713.557114
1283.713068,61,9714.425113
1224.456316,54,9715.155679
107.663705,45,9715.836237
1227.764411,61,9716.726779
1191.119855,53,9717.474402
1292.389242,61,9718.2994
1211.744992,51,9719.03798
1273.03178,70,9720.003542
1205.269067,54,9720.744176
1137.107752,43,9721.304178
1234.663922,49,9721.955807
1306.661681,64,9722.868617
1285.718661,68,9723.809614
1178.522403,55,9724.608787
1313.086563,65,9725.45479
1259.304376,57,9726.302347
1234.381044,60,9727.122913
1268.607574,78,9728.194492
1161.192954,37,9728.75412
1197.825204,46,9729.375119
1148.860513,37,9729.783681
1219.332422,52,9730.499897
114.162452,51,9731.27551
1177.16269,52,9732.032106
1347.70598,72,9735.940994
1260.386191,73,9736.903615
1233.718396,49,9737.656386
1195.068261,42,9738.251555
1135.985267,41,9738.78877
1179.974907,56,9739.588374
1296.563881,67,9740.540907
1340.060014,70,9741.52246
1095.241637,52,9742.263459
1258.631176,73,9743.287018
1265.302858,63,9744.204783
99.438712,44,9744.8214
1287.720622,70,9745.828967
1213.87015,59,9746.675225
1303.367987,63,9747.575778
1226.55714,59,9748.509594
1148.986776,42,9749.104595
1176.006705,53,9749.850143
1224.019576,53,9750.584821
1251.244752,62,9751.458388
1206.431605,52,9752.214388
1220.93596,55,9781.171909
1226.982796,53,9781.919469
1278.466717,68,9782.958024
1282.897873,60,9783.805589
1318.710014,76,9784.844194
1242.141677,63,9785.733489
1189.13141,46,9786.386469
1272.378024,64,9787.222136
1321.757957,69,9788.181696
1263.86829,53,9788.984257
1287.084327,71,9789.977054
85.788714,49,9790.642216
1354.89995,75,9791.670914
1264.174056,66,9792.644104
1176.50843,51,9796.327734
1229.721522,54,9797.118294
1252.407797,66,9798.049857
1216.57125,59,9798.895407
1206.372246,56,9799.688953
1268.386198,61,9800.539175
1216.766873,56,9801.354173
1162.459953,56,9802.151354
1274.073573,59,9802.976519
1221.72243,50,9803.696221
1281.609221,74,9804.742721
1162.61884,37,9805.333071
1384.930154,76,9806.463188
1124.803674,62,9807.349721
1245.735596,60,9808.196277
1140.581386,37,9808.721899
1181.158698,68,9809.663455
1301.889386,75,9810.773996
1149.625527,58,9811.579283
1212.590409,57,9812.359281
1206.95543,50,9813.091855
1182.250517,47,9813.693412
1303.424969,67,9814.682201
1245.031312,60,9815.524802
1230.136362,54,9816.292804
1294.152049,62,9817.243364
1268.331148,60,9818.115916
1261.511625,57,9818.952551
1157.470879,40,9819.549113
1218.96434,59,9820.400114
1203.806535,57,9821.206672
1183.205769,48,9821.884234
1282.927128,61,9822.770848
1214.244068,48,9823.528473
1195.433959,59,9824.425988
1197.725754,52,9825.232586
1176.24251,46,9828.844855
1263.489775,73,9857.629503
1211.706612,63,9858.505066
1158.354669,40,9859.114066
1275.414904,62,9860.04969
1340.241549,76,9861.172242
1151.410175,41,9861.764659
1219.509091,63,9862.730294
151.811231,65,9863.63593
1177.021081,59,9864.502499
1258.684219,63,9865.371499
1178.773289,43,9865.99614
1150.472716,36,9866.529817
1209.088007,51,9867.310817
1278.149466,63,9868.190458
1226.618947,50,9868.993023
1271.230293,69,9870.020651
1134.49239,59,9870.908202
1189.72854,48,9871.615758
1228.37228,65,9872.518411
1310.299102,68,9873.496972
1212.215782,48,9874.228973
1155.117938,40,9874.818929
1276.348529,71,9875.843514
1245.150258,58,9876.599062
1288.121842,60,9877.45506
1216.608114,49,9878.187604
1184.329106,44,9878.877256
1359.176513,78,9879.934809
1253.473203,56,9880.757357
1178.679224,41,9881.320357
1275.892506,61,9882.1234.8921293.258633,59,9883.1292.201270.648526,57,9883.1243.3381282.035208,63,9884.793857
1237.905698,54,9885.592487
1291.76042,57,9889.386144
1254.186456,57,9890.259798
1266.721298,65,9891.235434
1226.288465,58,9892.141251
1237.385583,61,9892.993883
1270.303825,67,9893.904491
1275.720944,63,9894.814498
1191.52784,50,9895.559056
1209.870827,54,9896.373056
1298.512324,71,9897.370678
1202.836961,49,9898.125226
1280.149583,61,9899.053821
1131.188675,56,9899.89085
1328.028139,65,9900.834412
1235.738978,66,9901.814964
1159.988823,39,9902.328964
1241.317918,57,9903.199534
1223.990573,55,9932.035167
1272.409632,71,9933.00876
1251.148571,52,9933.740388
1261.655454,62,9934.634975
1183.344014,45,9935.338976
1307.845913,74,9936.376616
1273.036281,67,9937.341183
1210.174016,58,9938.217738
1202.154852,47,9938.922578
1223.264834,69,9939.897146
1222.744026,54,9940.6788
1260.588656,52,9941.437799
1324.733977,76,9942.481992
1289.079979,62,9943.405993
1282.396408,59,9944.33063
1199.058688,46,9944.977114
1276.496928,58,9945.849674
1232.809686,50,9946.600217
1190.486757,54,9950.313447
1250.755332,66,9951.308061
1228.142895,57,9952.168753
212.994815,71,9953.28531
1263.579084,58,9954.042926
1267.753685,64,9955.016488
1273.234823,73,9956.045052
1189.864177,49,9956.742597
1295.167129,71,9957.757155
1285.298514,63,9958.756539
100.356402,46,9959.443541
1205.145356,45,9960.108163
1147.862498,44,9960.752717
1190.510829,52,9961.553352
1196.243356,46,9962.221353
1258.370551,83,9963.465521
1163.396,41,9964.03652
1294.254628,61,9964.920529
1321.418465,63,9965.794143
1158.776464,42,9966.454142
1133.873625,43,9967.11281.281149.342086,86,9968.35946
1208.685168,54,9969.169119
1305.782986,65,9970.048674
1266.909794,66,9970.996311
1264.234456,59,9971.832953
1294.651846,63,9972.703588
1306.773909,71,9973.74614
1212.611574,55,9974.530707
1203.619037,50,9975.213708
1176.684198,49,9975.948281
1253.144467,55,9976.736825
1233.069353,64,9977.708373
1325.993245,70,10005.804486
1219.39039,55,10006.602111
1314.05729,67,10010.563382
1154.159127,41,10011.103383
1285.976559,58,10011.981937
251.897968,79,10013.186489
1205.397727,52,10013.908098
1336.349717,69,10014.905652
1280.991074,68,10015.934217
1136.037402,37,10016.412218
1236.908568,61,10017.286772
1320.558215,79,10018.420404
1233.971456,59,100191349.1601171.922292,44,10019.1252.5291173.375377,44,10020.1262.84078,63,10020.858052
1251.04671306.154037,72,100221233.111106,59,10022.521904
1164.97241334.846224,74,100231281.6111244.636332,55,100241176.1901321.420098,71,10025.1298.6381244.617407,70,10026.1242.0191222.002298,56,10027.1194.9221320.70178,66,10028.369148
127.326734,72,10029.395704
1212.620266,50,10030.17734
1294.027324,64,10031.103033
1201.242949,45,10031.754626
1272.241247,61,10032.625248
1223.955894,56,10033.387246
1222.93138,51,10034.151812471248.415304,62,10035.14044
1170.859055,39,10035.683058
1296.484484,61,10036.583692
172.222584,76,10037.649254
1298.034648,62,10038.522799
1277.447065,64,10042.388439
1178.846221,44,10043.05701313203.067203,73,10044.09156
1318.82135,68,10045.145616
198.501717,65,10046.049252
1319.795267,70,10047.038731
1222.817625,52,10047.778292
1213.128104,55,10048.611909
1226.197669,52,10049.283942
1234.55213,53,10050.088569
1180.73113,54,10050.885129
1288.063073,70,10051.874713
1277.994948,62,10052.796276
1277.331049,60,10053.545858
1178.256623,47,10054.225856
1274.878142,65,10083.17369
1215.032559,51,10083.842245
1238.377824,51,10084.517799
104.808632,46,10085.2098
1210.136472,50,10085.931083
1274.284363,62,10086.801651
1280.270189,64,10087.698229
1211.912264,52,10088.497864
1235.723688,59,10089.36071
1176.747313,48,10090.063328
1251.239472,65,10091.033888
11288.462682,77,10091.42549221286.355483,69,10092.427049121296.740917,66,10093.320594211335.801685,70,10094.271191241261.23543,59,10095.07670127219.047786,77,10096.150276121187.740256,46,10096.802277111194.3515,58,10097.667094
1210.662424,51,10098.359736
1220.618322,53,10102.048174
1218.271073,62,10102.987802
1328.805055,74,10104.059922
1215.422743,46,10104.707922
1332.592936,73,10105.729573
1222.08335,55,10106.47213
92.984862,60,10107.271689
1327.933062,68,10108.275313
217.711955,61,10109.09288
1219.547439,52,10109.867882
1227.214395,47,10110.510518
1182.166191,46,10111.150539
1209.175883,53,10111.890537
1186.141366,51,10112.601104
1189.191609,45,10113.217736
1289.015075,70,10114.176363
1280.293396,61,10115.085987
1269.085216,61,10115.962987
1273.356514,62,10116.894679
1128.734744,45,10117.510229
1258.237141,64,10118.404855
115.273686,54,10119.251427
1241.246113,68,10120.185016
1234.275134,54,10120.950016
1222.265837,50,10121.63364
1211.103811,54,10122.44326
180.485187,72,10123.452873
1250.625371,53,10124.166414
1275.233637,58,10124.977417
1282.607029,64,10125.914056
1251.631658,54,10126.692627
1262.184886,61,10127.53917
1280.444661,64,10156.028171
1176.965929,49,10156.781826
1241.863764,56,10157.638444
1266.026753,74,10161.697997
1286.027645,66,10162.631557
1175.960245,43,10163.272252
1281.382498,67,10164.274795
1205.571385,57,10165.098352
156.339906,58,10165.931353
1158.807786,48,10166.608953
253.443148,78,10167.768517
1244.293413,54,10168.527133
1268.728188,58,10169.420768
1237.775975,55,10170.158308
1209.002792,48,10170.831309
1305.546895,61,10171.69185
1235.924038,54,10172.457393
1276.659115,61,10173.273137
161.986566,59,10174.182688
1253.955804,59,10175.132402
1252.658506,63,10176.09595
1177.887883,53,10176.875952
1273.803441,77,10178.034592
1207.988574,58,10178.887227
1209.445278,52,10179.609863121279.073484,82,10180.832475
1270.59528,70,10181.781106
1198.171283,50,10182.50366
1258.004368,65,10183.440286
1222.990709,48,10184.149922
195.389507,66,10185.125554
1273.010586,82,10186.335096
1255.402113,59,10187.186184
1270.057844,66,10188.118743
121.23857,54,10188.921744
1224.771456,53,10189.69429
173.839073,71,10190.726919
1189.161075,45,10191.390475
1226.152937,56,10195.147906
1224.203674,54,10195.959906
208.111286,73,10197.055092
1206.546746,47,10197.773093
1198.146777,49,10198.454694
1275.217361,57,10199.274251
1224.642877,51,10200.089866
1308.012833,66,10201.032866
1253.762648,67,10202.07512
1218.395924,54,10202.87612
1262.032999,60,10203.754756
1240.815537,57,10204.609309
1177.601683,43,10205.211956
1229.617715,51,10233.986586
1251.419681,54,10234.847224
1350.036088,77,10235.91378
1317.197213,66,10236.91335
1142.848261,67,10237.86125
1179.813049,51,10238.587804
1257.186505,52,10239.365448
1185.120946,48,10240.079012
1246.427628,56,10240.930012
1272.693185,78,10242.029634
1227.801486,49,10242.74718
1217.034669,67,10243.700821
1287.395398,65,10244.669052
1218.861553,57,10245.5126
1234.293962,74,10246.602226
1303.382557,62,10247.56081
1265.101909,66,10248.506421
1300.948016,74,10249.608989
1225.599323,51,10250.319553
1308.502855,62,10251.268098
1185.271537,50,10252.015101
1207.965665,49,10255.664441
1195.603364,52,10256.410995
1238.006326,59,10257.302034
1175.506899,43,10257.877033
1208.399185,49,10258.617633
1243.60518,55,10259.44818
1354.62554,73,10260.603729
1205.098148,54,10261.469282
1258.608752,63,10262.376847
1232.770613,68,10263.44641
1229.250369,56,10264.273966
1233.070994,49,10265.036967
1300.148737,60,10265.925588
1223.615257,55,10266.732147
1286.706715,65,10267.680775
1172.130443,43,10268.270373
1215.338433,59,10269.132931
1234.990991,55,10269.967932
1203.393851,47,10270.681491
1255.53339,63,10271.669106
1283.071526,69,10272.623684
1284.1886,66,10273.668299
1211.936435,53,10274.4799
1260.353665,63,10275.441519
1272.968153,62,10276.363672
1223.605237,57,10277.252236
1282.430089,59,10278.122858
1243.097061,58,10278.915858
1308.906703,64,10279.911428
1253.360268,55,10280.711054
1216.353493,51,10310.303768
1182.668471,41,10310.956768
1301.592916,67,10311.980343
1252.179758,59,10312.860256
1243.181449,55,10313.695868
1301.218361,70,10314.694436
1224.291618,50,10318.406842
1181.384891,44,10319.014842
1194.385094,46,10319.682458
1202.707249,57,10320.580076
1283.357648,56,10321.459692
1259.122481,59,10322.392306
1129.340551,37,10322.973306
1266.712231,62,10324.005859
1188.131337,55,10324.788671
1196.32867,47,10325.517336
1144.922734,49,10326.162838
1279.516684,65,10327.187289
1240.126613,58,10328.013289
1318.987345,66,10328.984903
1304.035307,66,10329.962518
1246.09825,64,10330.874071
1202.865761,76,10331.989706
1273.181706,65,10332.950274
1279.336305,57,10333.750401
1192.448418,45,10334.441054
1163.572755,43,10335.082664
1206.767535,71,10336.178219
1369.361562,74,10337.267825
134.423733,49,10338.005385
72.900202,48,10338.781942
172.037419,58,10339.657495
147.889175,52,10340.470113
49.234994,56,10341.311663
152.510555,49,10342.118245
135.404292,46,10342.772244
141.33309,46,10343.47585
175.305711,54,10344.294501
199.091809,55,10345.205059
236.618052,66,10346.169684
172.648209,67,10347.175089
62.182424,38,10347.722089
163.916938,62,10348.611646
101.698031,54,10352.402846
174.890746,55,10353.247445
114.951073,54,10354.060005
243.229078,66,10355.081666
110.202768,46,10355.721665
191.055791,60,10356.602363
90.025951,43,10357.186907
233.901879,64,10358.177207
175.976561,53,10358.986159
105.213727,39,10359.518724
174.797201,73,10389.629312
119.200759,45,10390.330014
160.258555,57,10391.198144
47.220573,39,10391.863143
230.94318,72,10392.960684
157.201714,53,10393.67425
72.585421,39,10394.221806
99.841823,49,10394.914805
131.982953,61,10395.841372
150.088297,59,10396.75693
201.360585,69,10397.808665
157.249489,54,10398.524204
179.596546,63,10399.451024
112.904984,48,10400.263582
183.728828,55,10401.086234
164.862606,56,10401.903234
149.455936,52,10402.714856
197.497557,63,10403.617973
154.002323,53,10404.484235
73.725447,48,10405.146858
230.020379,64,10406.0974
112.274398,47,10406.8354
75.343228,67,10407.83304
176.093611,58,10408.725684
233.552313,68,10409.766323
155.229794,52,10410.514925
116.806021,45,10411.289469
136.627015,47,10414.954128
144.162375,72,10416.035766
197.52196,63,10417.02038
70.207085,38,10417.623954
129.843243,53,10418.326503
131.551596,53,10419.132226
204.974397,67,10420.147788
180.208206,69,10421.111344
169.627724,59,10421.987345
69.42274,33,10422.508972
147.795131,65,10423.469522
1125.870375,38,10424.127089
1259.714568,60,10424.98809
1218.84277,53,10425.842726
1309.476816,69,10426.810354
1213.446804,49,10427.520918
1208.56431,57,10428.418561
1288.781169,72,10429.502556
1149.010531,56,10430.285106
1226.462828,58,10431.193746
196.115687,59,10432.013747
1163.214723,44,10432.692298
1257.97816,56,10433.461863
1342.56149,70,10434.572394
1268.395219,58,10435.411165
1280.596532,70,10436.383778
1296.889419,70,10437.438592
1256.806344,60,10465.968877
1230.081786,55,10466.798506
1260.389466,57,10467.641891
1167.602523,47,10468.374451
1264.536598,67,10469.380416
1280.745937,67,10470.377987
121.399301,59,10471.268627
1225.220867,76,10472.410251
1204.709939,45,10476.02451
1252.270399,55,10476.864069
1173.191828,63,10477.79624
1286.097151,61,10478.710879
1159.587303,41,10479.360437
1135.407178,37,10479.885435
117.634312,48,10480.604078
145.472063,67,10481.661632
1185.244837,49,10482.389184
1343.84852,74,10483.542815
1208.663434,53,10484.36344
1186.570168,45,10485.056438
1267.858044,65,10486.006067
120.998479,54,10486.790691
1188.734906,50,10487.496321
1312.661972,64,10488.427904
1171.867558,40,10489.001905
1225.899838,55,10489.852479
143.64288,51,10490.625048
1209.30492,46,10491.325592
1250.11401,59,10492.172233
1219.955049,50,10492.951478
164.830129,56,10493.8261
1246.783451,68,10494.779668
185.888942,75,10495.83523
1214.544144,46,10496.578788
1289.879723,61,10497.501419
1169.924231,44,10498.132975
140.552073,51,10498.940975
1203.389383,51,10499.708527
1152.200667,42,10500.311158
1228.45227,67,10501.388722
1210.507367,50,10502.067278
1167.259996,42,10502.711277
1221.059985,48,10503.458897
117.381841,66,10504.462521
1205.978321,55,10505.254182
259.370928,80,10509.538386
1208.735473,51,10510.349009
1147.179914,45,10511.011007
1242.975536,56,10511.818568
1173.11912,53,10512.661187
1251.747189,58,10513.511002
1191.042313,46,10514.196615
185.764408,60,10515.130153
1173.180808,49,10515.89625
1244.876952,56,10545.181736
1290.332436,69,10546.126379
183.11158,71,10547.251019
1299.296006,68,10548.272554
1201.264032,46,10548.987552
1262.85894,58,10549.862577
1232.112727,54,10550.667134
154.926357,65,10551.714775
1350.215468,73,10552.777402
90.949312,41,10553.414001
169.973938,73,10554.463606
1133.320136,36,10555.039606
1264.326373,66,10555.981226
1326.322217,70,10557.081413
1217.25799,52,10557.838413
1324.032188,66,10558.858037
1257.563744,58,10559.670704
132.345925,57,10560.517256
1250.046711,70,10561.516798
1307.427548,79,10562.700422
1274.885734,73,10563.779975
1263.488058,60,10564.69954
262.758413,77,10565.848151
193.298345,62,10566.772707
1289.448063,59,10567.621262
1270.79578,58,10568.554877
1231.843363,69,10572.571627
1189.670079,53,10573.331189
118.678925,49,10574.060825
1215.955779,55,10574.936823
1289.937011,60,10575.847442
1195.807441,49,10576.538085
1166.427972,43,10577.235733
1266.480202,59,10578.091289
1298.100544,67,10579.011288
1264.719186,61,10579.867847
1271.285295,60,10580.740094
1237.739012,67,10581.747734
1323.788757,69,10582.695363
1225.075152,54,10583.521955
1223.598737,60,10584.405492
1291.257827,62,10585.305042
1211.246573,50,10586.085593
1216.313484,54,10586.916593
1285.413226,60,10587.838211
1249.167849,70,10588.85102
1199.036304,50,10589.581565
1276.291055,74,10590.672271
1184.755646,61,10591.613847
1150.367025,45,10592.284565
1233.282209,68,10621.573237
1160.373021,42,10622.228798
1177.444321,47,10622.9268
1198.253304,48,10623.626354
1158.951871,49,10624.385974
1280.108684,59,10625.223562
1265.74558,76,10626.329113
1144.294259,48,10627.065628
1299.187291,67,10628.010628
1216.098368,52,10628.793283
1231.213163,52,10629.579832
1262.529256,61,10633.462802
1185.285829,58,10634.266509
1206.305457,49,10635.049057
1257.525067,63,10635.999056
1269.674129,60,10636.863614
1293.796164,72,10637.966947
1350.053677,74,10639.019531
1166.090739,43,10639.624084
1227.163426,55,10640.474648
1244.522247,56,10641.302194
1164.35069,39,10641.931197
1145.700175,50,10642.724798
1180.059246,46,10643.391423
1233.463613,52,10644.191574
1220.20727,52,10645.001574
1145.143431,42,10645.636745
1295.64911,64,10646.528327
1158.754369,39,10647.146911
1156.579537,40,10647.674913
1246.907922,73,10648.776536
1242.936999,72,10649.864188
1251.240409,56,10650.709763
1251.295015,55,10651.536318
1174.857391,43,10652.1469
1280.059771,57,10653.072449
1210.364175,48,10653.760449
1243.746095,64,10654.744066
1237.188304,52,10655.536901
1265.349294,62,10656.513446
1255.504169,57,10657.381074
1161.727991,43,10658.042073
1188.143123,51,10658.809615
1251.813395,60,10659.741169
1283.099488,66,10660.722729
1257.337777,77,10661.885289
1230.126919,47,10662.600903
1277.441603,69,10663.623459
220.622665,63,10667.538756
1194.91037,44,10668.179316
1192.032196,53,10668.956316
1302.058633,66,10669.918875
1182.471242,49,10670.734421
82.107645,48,10671.426822
1138.849623,38,10700.546084
1289.355545,61,10701.509651
1238.717734,60,10702.299231
1229.999161,64,10703.334861
198.523507,77,10704.49341
1232.456817,57,10705.332034
1266.583775,71,10706.374599
1270.720158,63,10707.373152
191.544543,59,10708.223711
1254.484775,60,10709.144354
1296.004224,65,10710.148914
1202.692097,51,10710.936912
1254.068442,62,10711.862543
199.768541,71,10712.983098
1283.654231,59,10713.89565
1230.334792,58,10714.765269
1215.163224,56,10715.606407
1263.626731,59,10716.505968
1156.787555,39,10717.110576
1162.732964,42,10717.761576
1303.370993,72,10718.795192
1146.637211,44,10719.453761
109.416845,49,10720.195305
1254.53218,57,10721.048306
1325.502777,68,10722.09343
1231.163173,60,10722.96243
1263.414378,57,10723.773982
1212.456085,59,10724.631577
212.40981,62,10725.566197
1336.190758,72,10729.698432
1297.478466,72,10730.833988
1225.718962,49,10731.540553
1203.583739,47,10732.229475
1215.689275,55,10733.018475
137.583777,55,10733.829045
1137.928246,37,10734.368643
211.092707,62,10735.273498
1207.502751,47,10736.08506
1192.274401,49,10736.78706
1157.370334,50,10737.592628
1298.734712,66,10738.572657
1283.870071,59,10739.461218
1181.646621,73,10740.563776
1190.872352,55,10741.319746
1321.614058,73,10742.406348
150.209572,77,10743.630877
1181.091673,50,10744.346433
1166.448647,39,10744.882434
1246.80599,54,10745.686069
1182.91641,45,10746.400622
1157.991265.962627,74,10747.71187.131197.759294,54,10748.51139.401289.611577,71,10776.71275.131198.820893,45,10777.41273.068299,58,10777.882527
1320.471916,67,10778.916093
1304.489272,74,10780.00647
1225.308191,52,10780.837023
1181.259335,48,10781.549203
1304.825746,68,10782.636752
220.750488,67,10783.627355
1258.12527,57,10784.433924
1223.515054,51,10785.232524
179.903503,74,10786.32907
1294.923144,65,10787.358632
1226.072801,57,10791.217348
1247.215504,66,10792.234925
1277.326397,71,10793.246482
1244.288186,69,10794.329987
164.877316,60,10795.19856
1342.480265,75,10796.298114
1250.817002,59,10797.185674
1303.031641,69,10798.229264
1190.353156,49,10798.968621
1314.174544,70,10799.974178
1265.953241,59,10800.874732
1258.966795,60,10801.767304
160.677066,54,10802.543913
1165.820348,39,10803.150519
1216.084412,52,10803.931419
1269.596946,58,10804.755001
1245.330492,59,10805.639606
1212.614158,61,10806.537182
1257.137748,61,10807.411742
1256.046797,57,10808.261341
1279.451184,65,10809.229892
1299.257024,61,10810.145442
1157.917531,41,10810.766443
1219.116212,59,10811.655011
1284.501913,72,10812.718575
1239.413634,62,10813.618209
1190.495795,47,10814.241761
1267.555902,71,10815.286335
1197.046611,49,10816.049961
1172.347684,43,10816.706961
1216.768956,50,10817.460514
1276.076779,57,10818.294061
1289.153245,77,10819.437614
1273.813155,64,10820.343203
1215.544605,47,10823.993197
1277.883776,56,10824.867765
1181.90195,57,10825.72639
1224.99874,51,10855.612683
1344.323094,72,10856.679236
1285.404503,71,10857.727803
1245.62773,78,10858.771388
1314.965328,67,10859.777921
1176.222826,41,10860.365472
1238.274055,50,10861.058036
1251.95282,58,10861.901775
1269.885711,57,10862.740409
1196.996577,71,10858.085082
1312.497832,70,10859.097634
1228.938718,55,10859.882308
1279.11838,64,10860.801802
1247.548496,63,10861.656356
1256.964522,55,10862.446954
1162.067199,40,10863.066041
1188.280186,44,10863.655564
1295.708821,61,10864.475138
1245.594885,65,10865.490826
1253.043594,65,10866.379792
1168.500194,56,10867.221427
1230.961082,52,10867.979982
1253.228154,67,10868.963541
1219.178729,49,10869.708097
1211.745078,60,10870.638657
195.157499,61,10871.531219
1243.046079,52,10872.254219
221.995392,66,10873.212787
1280.850911,57,10874.021424
1238.331739,51,10874.791984
1201.091201,46,10875.418546
1198.449625,50,10876.140548
1188.96432,49,10876.901155
1281.769088,59,10880.733227
1280.191881,63,10881.730788
1231.000802,51,10882.387787
1223.520476,53,10883.103424
1216.722964,50,10883.783022
1187.770359,46,10884.53863
1203.436617,49,10885.238631
2.246291,67,10886.255262
1236.687987,52,10887.015813
1250.355766,53,10887.771441
1253.069643,64,10888.698933
1270.882976,72,10889.863489
1193.70365,49,10890.462193
1162.438261,41,10891.040227
1253.167706,57,10891.86979
1246.558347,59,10892.792521
1313.105085,67,10893.788077
1241.326607,66,10894.737772
1246.693166,61,10895.650327
186.93022,59,10924.104585
1219.209902,66,10925.063145
1176.32933,48,10925.814718
1165.839077,60,10926.677276
1288.241334,66,10927.620855
1238.3808,57,10928.387855
1180.611541,42,10929.062472
1256.883274,53,10929.835007
1152.417244,40,10930.456622
1267.915211,61,10931.344625
1252.428084,59,10932.211262
1204.525936,48,10932.991889
1296.307525,65,10933.958518
1229.420506,55,10934.779091
1255.162494,59,10935.70095
1226.419158,52,10936.535523
1204.228469,58,10937.326523
1278.353879,60,10941.282502
1190.139614,49,10942.038062
1256.520531,58,10942.933587
1234.059067,77,10944.041178
1230.449767,62,10945.016794
1227.786244,60,10945.901447
1288.829253,67,10946.851001
1205.85203,51,10947.616571
1296.360742,73,10948.635135
1159.69716,65,10949.611771
1337.024382,68,10950.670512
1327.585116,68,10951.671082
1272.971593,68,10952.66964
169.437429,58,10953.484802
1337.107873,70,10954.586547
1300.503394,63,10955.523243
1257.373833,58,10956.480857
1216.096924,59,10957.292564
1267.899362,66,10958.251119
1162.986624,38,10958.824738
1212.569176,52,10959.596298
1277.629931,64,10960.548869
1272.094259,60,10961.428438
1238.240066,57,10962.253471
1338.661309,72,10963.291071
1241.702361,56,10964.093699
1277.89932,60,10965.003253
1263.218187,60,10965.903319
1272.963679,62,10966.837908
1233.823511,54,10967.612473
1229.869539,56,10968.479063
1276.846781,62,10969.362103
1159.942703,58,10970.26111
1297.497151,68,10974.246642
1198.345395,57,11002.975378
1217.148217,63,11003.881947
1212.484984,56,11004.68851
1193.103639,61,11005.627136
1211.443728,63,11006.587832
1271.962133,64,11007.485393
1196.569855,46,11008.270395
1262.562503,59,11009.179034
1290.253125,61,11010.072585
1300.498299,69,11011.08921
1281.397498,66,11012.036831
1225.341516,47,11012.753464
1244.210364,52,11013.556086
1154.900391,40,11014.139085
1265.209584,64,11015.160738
1175.739329,48,11015.881326
1283.287281,68,11016.865875
1201.8621,51,11017.581439
1221.549965,54,11018.420007
1265.907701,57,11019.192007
1264.14044,55,11019.969561
1284.506776,73,11021.009186
1266.093424,62,11021.925768
1302.892558,66,11022.873315
1155.517948,49,11023.620077
1240.517858,55,11024.465696
1179.898017,55,11025.238698
1240.546358,54,11026.027245
1175.335278,40,11026.633875
1255.728757,63,11027.561662
1212.470565,56,11028.423203
1190.109495,46,11029.076203
1204.434284,54,11029.872754
1304.025013,72,11030.893312
1246.777289,53,11031.701869
1258.155049,63,11035.587486
1161.493071,42,11036.227487
1248.903326,59,11037.045023
214.020805,71,11038.113579
105.613096,46,11038.796212
70.00515,36,11039.375212
222.438989,67,11040.310759
140.112738,52,11041.135343
176.761049,59,11041.962878
199.141156,62,11042.895452
186.397757,58,11043.743021
126.480014,47,11044.486595
173.855199,54,11045.303595
73.008882,36,11045.864158
114.396229,65,11046.831727
206.808983,60,11047.763271
229.639574,74,11048.83282
126.463228,49,11049.550393
199.180653,79,11080.283724
189.307797,65,11081.212286
22.408154,61,11082.08196
56.68943,39,11082.684526
111.170437,48,11083.320527
102.059032,44,11084.020133
166.30077,52,11084.749763
110.774431,48,11085.424387
192.826733,61,11086.329047
161.352792,66,11087.288609
173.489834,53,11088.050746
172.33671,57,11088.929301
210.603381,63,11089.836858
242.013318,71,11090.834411
123.161278,48,11091.476048
138.627872,52,11092.192048
85.047043,43,11092.806692
81.93437,53,11093.529256
83.323568,41,11094.19346
197.189726,68,11098.086725
181.345218,56,11098.963226
83.771617,49,11099.654922
146.047013,53,11100.490421
135.218965,49,11101.19049
85.244677,45,11101.849675
150.225984,55,11102.624338
175.733302,55,11103.462929
211.246362,61,11104.375871
176.678387,52,11105.08794
117.344522,50,11105.852498
189.046268,61,11106.75105
168.171517,52,11107.465261
128.409213,62,11108.3773
142.781629,61,11109.299831
66.574997,40,11109.896381
159.973383,51,11110.634016
171.901363,57,11111.461657
160.582833,60,11112.352658
193.775982,65,11113.29528
150.358038,53,11114.102934
189.439909,57,11114.966499
179.102491,58,11115.838053
207.509945,73,11116.849695
117.642284,64,11117.751251
158.611417,55,11118.61885
198.337343,55,11119.456406
82.320478,44,11120.048406
148.544291,57,11120.872021
189.245425,56,11121.663177
205.374962,60,11122.543735
242.874687,68,11123.600358
205.273841,59,11124.481922
166.389187,57,11125.318885
172.229635,55,11156.477188
114.778452,45,11157.146186
239.927418,74,11158.254064
87.56132,45,11161.897342
193.001918,66,11162.889972
178.737835,52,11163.641628
50.359311,35,11164.186628
191.102539,56,11165.021384
155.815404,57,11165.862944
155.259298,54,11166.660585
247.885802,66,11167.668217
124.065399,47,11168.299217
125.289417,47,11168.976818
142.148164,60,11169.833403
143.561039,54,11170.691631
144.267958,54,11171.542275
185.782749,54,11172.342276
94.948813,47,11173.060835
27.164553,36,11173.609403
195.823909,62,11174.486019
150.873137,61,11175.453614
186.402748,62,11176.399612
211.73082,58,11177.232359
73.483277,39,11177.732929
188.357882,59,11178.609511
188.519405,60,11179.536076
145.500658,48,11180.229075
198.726251,61,11181.15563
153.325176,50,11181.854281
53.003897,38,11182.411882
66.270543,33,11182.95088
170.094253,58,11183.803529
119.275711,45,11184.491142
124.976996,48,11185.187143
211.583373,61,11186.0637
204.420775,62,11186.990464
92.986952,41,11187.532023
209.182944,75,11188.636623
188.633848,62,11189.534187
196.846896,72,11190.624337
164.364385,54,11191.372404
69.309635,61,11195.298553
174.017885,58,11196.201149
82.195422,53,11197.05567
81.823429,44,11197.714224
166.358878,60,11198.616447
165.67011,55,11199.431999
186.357955,65,11200.395071
78.493363,40,11200.956764
218.479302,69,11201.970242
142.948412,55,11202.699848
132.089839,47,11203.40837
118.909943,47,11204.12237
164.580868,58,11205.006931
167.11409,56,11205.836482
1174.216492,46,11206.475808
1256.972498,59,11235.311107
1284.273789,64,11236.208748
1311.488053,75,11237.305477
1255.834665,69,11238.277034
1160.285304,42,11238.866499
1255.266084,58,11239.759063
1278.241267,74,11240.858683
1181.0839,41,11241.482249
1249.623308,51,11242.224247
1258.008834,67,11243.243832
1219.05661,51,11243.963423
1205.343486,51,11244.703053
1153.604825,37,11245.262051
1317.186342,72,11246.360925
1197.804824,59,11247.257572
1264.086487,58,11248.106174
1158.980489,38,11248.698724
1319.921022,66,11249.73734
1293.402458,68,11250.759972
1264.801579,62,11251.655599
1280.195304,57,11252.50215
1289.32418,70,11256.500408
1310.252185,64,11257.44297
1270.765031,71,11258.402972
1308.328463,66,11259.38651
1196.314195,58,11260.302128
1161.629293,47,11260.982746
1234.027988,67,11261.894304
1167.14937,49,11262.589918
1254.296304,65,11263.479537
1205.916561,52,11264.201537
1161.346237,41,11264.84117512-4.795052,40,11265.42980711258.024583,55,11266.2438091313.656436,70,11267.296072
1211.060578,58,11268.138629
1263.407609,67,11269.040167
1306.955861,71,11270.131797
1310.705737,63,11271.012552
1318.703571,65,11271.898153
1294.798064,63,11272.81315211236.12324,53,11273.598795
1151.407444,36,11274.14234611244.08561,65,11275.002929
1300.158641,75,11276.091576
238.622396,74,11277.218128
1194.24335,55,11278.053676
1219.109467,52,11278.851321
1292.775277,66,11279.829891
1282.920099,58,11280.732892
1144.663649,51,11281.464443
1223.321666,52,11310.86816
1196.994793,49,11311.63316
1243.587263,55,11312.395838
1261.038209,59,11313.22839
1225.225246,49,11313.945026
1319.097067,66,11317.932791
1186.846488,44,11318.579789
1203.568215,50,11319.28743
1264.022159,67,11320.234983
1173.094149,42,11320.92593
1205.803196,54,11321.78493
1277.173087,67,11322.747517
1278.167609,58,11323.623075
1223.284509,53,11324.45061911222.256926,53,11325.23026411165.770706,45,11325.93089711208.881152,48,11326.65489611277.641965,66,11327.631504233.76161,78,11328.228051
1291237.99472,73,11329.708611230.522043,55,11330.09725
1276.101767,73,11331.138789
1247.747195,61,11332.010428
1289.265231,60,11332.957048
1235.886271,63,11333.890697
1236.728972,51,11334.697842
1261.812914,58,11335.556548
1285.196051,63,11336.443131
1301.998458,67,11337.449659
1237.690329,66,11338.490288
1293.221396,65,11339.452948
1217.235964,57,11340.310946
1310.050842,63,11341.23049711276.792858,61,11342.113101241236.131162,54,11342.972711171236.150467,53,11343.8121306.340419,69,11345.089973
1233.877419,63,11346.012536
1207.486383,51,11346.784536
1237.840623,62,11347.753083
1289.152919,63,11351.737268
1280.443734,65,11352.62589
1264.409471,59,11353.451452
1261.988264,57,11354.357748
1296.633492,72,11355.391304
118.280224,53,11356.214844
116.56212,55,11357.010461
1288.812545,70,11358.040797
1284.731,71,11359.073362
1283.848493,63,11360.000974
1289.213398,70,11361.006553
1180.715005,53,11390.396761
1165.076481,37,11391.007359
154.551142,51,11391.732359
112.099724,48,11392.442912
1149.582364,38,11393.001541
1242.471868,64,11394.022197
1190.267424,46,11394.757195
1237.970718,62,11395.740819
1296.000922,82,11396.989924
1192.302359,51,11397.682925
1246.811653,55,11398.459526
1260.838891,58,11399.352078
163.774192,60,11400.24272
101.861767,44,11400.943278
1285.767207,69,11401.974815
1358.860259,74,11403.011448
1199.314697,56,11403.815447
1187.147238,45,11404.508034
1165.526623,37,11405.054744
1259.534048,60,11405.973373
1227.786974,50,11406.719372
1278.486078,68,11407.811018
1320.143247,68,11408.846025
1319.960529,74,11409.93557
1243.852862,60,11413.861761
1248.73593,54,11414.63776
1254.911832,54,11415.450389
1216.315875,54,11416.224925
1227.748454,72,11417.29155
1223.44172,64,11418.211926
1263.974654,58,11419.038551
1169.272483,42,11419.688693
1279.093859,62,11420.588257
1257.5242,59,11421.524813
1215.936003,58,11422.391409
1231.034803,57,11423.199946
1182.423609,45,11423.862545
1216.717289,54,11424.653545
1235.268086,52,11425.411096
1276.021066,59,11426.327644
1210.50743,53,11427.075202
1184.631275,43,11427.727203
1185.503306,46,11428.370848
1114.634772,37,11428.902491
1309.332552,67,11429.968047
1284.814024,61,11430.911907
1225.254343,53,11431.679906
1234.543779,53,11432.470456
1270.33985,64,11433.385008
1226.000115,61,11434.359664
1274.754127,73,11435.427219
1168.67872,41,11436.026772
1311.763731,75,11437.21232
1230.443397,54,11466.672119
1262.793118,61,11467.537747
1202.077644,53,11468.342948
1279.518024,64,11469.26555
1213.624142,49,11470.00011
1206.656101,55,11470.814709
1294.482284,66,11471.832763
1278.270453,61,11475.734418
1254.625582,59,11476.661976
1259.359864,64,11477.606533
1324.672745,74,11478.769149
1282.623976,66,11479.774775
1275.052218,54,11480.557341
1342.221869,74,11481.649778
1287.310902,63,11482.568329
1254.832908,63,11483.587965
1250.952135,61,11484.441644
1216.038189,51,11485.246219
1268.344749,66,11486.154831
1234.47625,50,11486.934392
1217.165659,54,11487.791392
1294.245495,62,11488.738941
1234.51743,53,11489.577628
1253.245423,55,11490.386179
1274.583229,58,11491.23283
1290.190608,67,11492.19009
1347.588382,70,11493.24866
1286.230103,64,11494.224574
1213.013787,57,11495.083195
1226.553089,54,11495.932849
1293.451875,68,11496.88843
207.899517,67,11497.947966
1250.27677,68,11498.941578
1206.395703,57,11499.791724
1226.952543,56,11500.634378
1257.659861,63,11501.542919
1176.913366,65,11502.567496
1197.992187,50,11503.366131
1295.426469,71,11504.408676
1291.716747,68,11505.384416
1243.773157,52,11506.209035
1292.817373,71,11510.218669
1338.480013,72,11511.35122
1264.701355,69,11512.353765
1312.538592,69,11513.417993
1229.830368,53,11514.169552
1255.133579,59,11515.068893
1241.894525,56,11515.898455
1161.249134,41,11516.497454
1279.36602,75,11546.051928
1214.345757,48,11546.829484
1231.315963,51,11547.599485
1208.860144,52,11548.396036
1191.376819,51,11549.193589
1307.990653,68,11550.237158
1223.884537,65,11551.246812
1140.271261,40,11551.812061
1193.522607,47,11552.556683
120.748699,51,11553.30729
1278.977566,57,11554.201915
1312.53511,69,11555.21545
1267.812343,68,11556.229003
1250.664428,57,11557.068552
1257.485336,53,11557.850137
1282.07595,60,11558.781138
74.89656,53,11559.537727
1281.173902,66,11560.634376
1307.095318,73,11561.673931
1222.078606,57,11562.535501
1256.561389,63,11563.417101
108.188831,47,11564.145753
1204.938713,60,11565.118545
1219.504606,53,11565.877158
1247.800368,68,11566.875713
1268.812773,61,11567.775713
168.834993,58,11568.679087
1212.867822,53,11572.49633
1214.904367,64,11573.496887
1183.602374,61,11574.430524
100.928564,52,11575.163074
1187.863562,46,11575.88165
1230.939686,53,11576.696061
1326.149839,67,11577.77362
1165.738375,41,11578.443161
167.956805,61,11579.352718
124.639937,59,11580.238338
97.10567,59,11581.128893
1186.245433,52,11581.860494
1216.968781,51,11582.638495
1216.904974,54,11583.483084
1160.126184,39,11584.110717
1204.05044,50,11584.869278
1272.846496,58,11585.712279
1327.615511,73,11586.895528
1219.650448,61,11587.796185
1250.80475,67,11588.744735
1250.556658,56,11589.54737
1170.734808,43,11590.245991
1246.084122,51,11591.060541
1143.728707,38,11591.629539
1167.222381,55,11592.462151
1171.50423,56,11593.36377
1171.751143,41,11593.953329
1292.671248,71,11622.06697
1202.242059,57,11622.970605
1235.431866,59,11623.880152
1192.649434,48,11624.616149
1221.490539,56,11625.428777
1247.620071,68,11626.518346
1146.810225,47,11627.198909
1338.748893,81,11628.44546
1146.144414,40,11629.06294
1254.996189,61,11629.980665
1253.281024,55,11633.784293
1251.516201,56,11634.634923
1318.425314,65,11635.649471
1295.798325,65,11636.659087
1194.820199,47,11637.41364
1290.643173,70,11638.482204
1158.355341297.428823,70,11631312.669608,66,11640.088368
1113.547211,58,11640.994917
1118.405731308.066439,73,11641228.340371170.339688,61,11641282.46701281.073892,65,116431146.17811239.269512,53,116441294.85311199.518105,59,116451182.68361235.785282,53,116451280.61211229.5575,51,11646.71336.741258.872815,64,11647.171.92316,57,11648.841238
202.339036,73,11649.947791
1170.395921327.265556,69,11651302.110771275.90939,68,11651110.77246,59,11652.613941
1238.5030511319.62938,65,11651290.875971293.539883,70,11651215.228094,54,11655.439677
1217.68321279.602924,58,116551327.799686,67,11657.322851
1263.605166,61,11658.291405
1300.290756,66,11659.285014
1260.278296,61,11660.177639
1271.924951,59,11661.034187
1336.580367,71,11662.108252
1332.267217,69,11663.277864
97.730436,44,11663.940457
1254.680252,56,11667.748716
1328.817385,78,11669.011931
1178.732453,51,11669.804929
1276.68391,69,11670.88316
1326.532543,76,11672.039775
1210.221113,56,11672.850368
110.047808,46,11673.648367
1282.658155,67,11702.527959
1285.469789,65,11703.598603
79.666033,46,11704.319878
1183.339154,44,11705.04551
1277.224661,68,11706.138129
1271.59694,58,11707.045692
1272.624797,75,11708.267311
1277.469523,58,11709.159958
1212.142969,49,11709.992582
32.584868,36,11710.542581
180.574863,66,11711.591152
1200.458983216.674739,64,11711148.111741317.472508,74,11711278.725751294.535022,72,11711227.325071169.226082,40,11711214.72887197.974949,67,11715113.184461309.596098,64,11717.019634
1190.16724,47,11717.754188
1244.234822,53,11718.626351
1229.281759,63,11719.650955
1224.768605,60,11720.605527
1225.418289,55,11721.460105
1287.050523,65,11722.511707
1240.357299,73,11723.591187
1178.498962,45,11724.300187
1263.23668,64,11725.297812
1213.343245,49,11726.078887
1152.624567,39,11726.60445
1337.123068,73,11730.705668
1327.881826,67,11731.738901
219.6891,65,11732.749517
1182.114305,41,11733.343517
1204.49636,49,11734.09306
1284.868772,60,11735.008609
1232.385753,58,11735.960372
181.25111,64,11736.954942
1247.694182,63,11737.911557
1239.517065,53,11738.68313
1298.141376,66,11739.670866
1327.481496,75,11740.845417
1213.065074,49,11741.603968
1133.031635,38,11742.212166
1239.601604,61,11743.138746
1237.55517,55,11743.96129
1173.725058,48,11744.676847
1249.364293,79,11745.882462
1152.741031,38,11746.543083
1257.823115,62,11747.450637
85.847835,56,11748.31544
1197.612929,57,11749.171069
1301.997995,74,11750.284908
1280.797348,63,11779.255311
1276.150215,58,11780.024945
101.745203,53,11780.863498
155.877975,54,11781.644057
1248.678066,54,11782.491691
1309.99708,66,11783.490242
1156.749808,45,11784.290241
1344.731536,75,11785.44643
1313.663592,80,11786.652126
1248.420969,57,11787.524682
119.81058,48,11788.214682
1324.658812,76,11789.400315
1136.297361,45,11793.072523
1340.942502,71,11794.196174
1218.150186,65,11795.242832
1279.807976,63,11796.204489
1224.136054,49,11796.964112
1222.955942,46,11797.705767
1263.668665,59,11798.588357
1292.601055,63,11799.504141
1228.916135,61,11800.365141
144.57734,48,11801.16369
1248.396593,56,11801.951481
1216.879921,50,11802.794131
1210.861282,57,11803.656696
1252.756771,62,11804.579248
1266.661719,58,11805.411804
1132.825754,39,11806.0434
1291.728232,65,11807.012949
1268.357412,70,11808.028581
1277.467298,67,11809.082151
1245.265762,70,11810.205713
1205.46354,62,11811.072264
1186.318126,46,11811.788814
1252.441259,59,11812.61644
1302.095052,65,11813.583993
1148.819784,83,11814.811617
1233.767881,63,11815.803181
1207.617055,47,11816.520729
1182.596408,49,11817.324729
1222.514653,68,11818.381369
1167.240627,42,11819.014063
1278.408973,59,11819.875699
1214.490237,60,11820.799916
1285.565933,70,11821.828471
1197.531222,49,11822.575138
93.135262,42,11823.145138
1257.320697,71,11827.196403
1187.038173,45,11827.927053
1241.589215,57,11828.770728
1167.308132,42,11829.425281
1304.902457,67,11830.423836
1234.401204,66,11860.770848
1217.650478,48,11861.503388
92.101769,45,11862.240387
89.978305,42,11862.898943
1279.192736,70,11863.944105
1156.929192,48,11864.711666
1341.235067,76,11865.86029
88.478594,47,11866.547845
1298.961469,72,11867.659409
1205.745144,52,11868.467035
1306.870953,64,11869.47257
1267.912545,67,11870.505116
1246.34342,78,11871.652716
1209.85258,49,11872.398716
1274.94101,67,11873.417921
1218.937558,65,11874.463569
1226.304562,60,11875.385691
227.719356,65,11876.470509
1229.824506,53,11877.284509
1232.682802,78,11878.418676
1243.913178,54,11879.259673
1222.282576,53,11880.058907
98.941893,51,11880.83754
1200.55428,48,11881.510168
1274.508162,64,11882.501951
235.171238,78,11883.663584
1287.106708,62,11884.625207
1263.03108,55,11885.486794
1224.517681,52,11886.299794
1245.316689,58,11887.149343
1325.403289,68,11891.121239
1201.836685,47,11891.846795
1198.683206,51,11892.615368
1299.580102,63,11893.573003
1245.520939,62,11894.506629
1272.067219,78,11895.706624
1208.118762,51,11896.500258
1249.128554,54,11897.291259
1199.892971,47,11898.085875
1249.653273,65,11899.082422
1216.446531,53,11899.907027
1353.978948,77,11901.004632
1251.464451,63,11901.981742
142.342899,55,11902.907351
1199.872914,59,11903.818922
1231.473167,54,11904.658557
1156.7504,39,11905.243556
129.177993,57,11906.109656
1207.150082,56,11906.969218
114.69877,48,11907.732772
1292.883215,61,11908.652445
1206.309184,53,11937.339437
1208.3123,47,11938.048002
1304.322113,65,11939.019562
1207.104072,54,11939.91615
1287.194113,71,11940.94175
159.841412,64,11941.92631
1259.597461,67,11942.944853
1262.614868,60,11943.876406
95.390957,47,11944.467968
1296.214059,73,11945.673747
1294.743278,63,11946.628336
1201.719607,50,11947.43997
1161.137546,41,11948.041971
1217.534735,52,11948.891566
1291.330994,76,11952.876487
95.791767,41,11953.540066
1251.598372,58,11954.390064
1255.421668,55,11955.295597
1261.395297,56,11956.20215
1241.446541,66,11957.199789
1222.973603,54,11957.990402
1276.647684,63,11958.987898
1296.079962,72,11960.115523
1238.510173,55,11960.965148
1293.864586,64,11961.884706
1270.700106,69,11962.899293
1260.351869,53,11963.692879
1202.018353,50,11964.485426
1234.687574,58,11965.365426
1273.950246,69,11966.401991
1280.359463,60,11967.27474
1228.779038,57,11968.190313
1285.978578,57,11969.087865
1177.373839,43,11969.790413
1241.556603,60,11970.687067
190.372765,66,11971.775612
1234.001968,52,11972.598235
1234.563743,62,11973.524881
1302.377681,72,11974.548525
1281.545074,68,11975.544075
1216.970578,50,11976.254076
1331.36572,66,11977.213705
1219.640356,56,11978.057251
63.662606,52,11978.7908
1164.49601,49,11979.495414
1202.875839,49,11980.137415
1270.40587,56,11981.00299
1203.779851,48,11981.765535
1296.675269,62,11982.763155
1210.712515,56,11986.563457
1208.138979,54,11987.428025
1271.752204,68,12016.40368
1228.053553,48,12017.172686
1270.034742,55,12017.969245
1199.321764,45,12018.644871
1241.011774,68,12019.704509
1205.581486,50,12020.488051
1218.726025,60,12021.389052
1353.092802,72,12022.433299
1312.73408,66,12023.452928
1316.567223,74,12024.559489
1274.83935,73,12025.711048
1239.141803,54,12026.541685
1273.735072,56,12027.391685
1213.622692,47,12028.091221
1223.89015,62,12029.030199
1166.509744,42,12029.70484
1242.188572,58,12030.581475
146.191045,49,12031.332476
1206.654763,49,12032.00503
1344.494372,68,12033.050669
1167.331602,56,12033.982218
1258.531371,71,12035.043767
1171.328422,44,12035.742393
1304.48236,62,12036.678936
1304.482604,71,12037.716367
1170.919406,46,12038.438908
1154.750864,37,12038.997907
1165.365933,44,12039.731467
1197.787446,50,12040.406467
1262.651477,58,12041.343103
1274.08697,71,12042.365689
1277.547587,58,12043.274241
1253.29954,57,12044.124863
1229.477759,54,12044.953437
1287.735628,63,12048.921045
1256.777858,74,12050.027606
1155.838771,38,12050.598257
1287.728188,64,12051.520879
190.376202,62,12052.493516
1238.844517,63,12053.44317
221.343335,65,12054.42075
1275.675386,67,12055.494377
1195.243208,48,12056.182378
1269.716012,60,12057.20103
1224.612511,59,12058.045577
97.901832,51,12058.847203
1215.084767,58,12059.731766
1205.393185,50,12060.484862
1170.036806,45,12061.157864
1289.404989,62,12062.117486
1305.214619,61,12063.058051
1314.794676,67,12064.07568
1245.416058,53,12092.811531
184.032959,66,12093.771084
1201.812527,51,12094.575645
1216.77466,54,12095.345642
179.864012,62,12096.277223
1317.242121,67,12097.168859
45.306012,39,12097.828485
1165.897789,43,12098.470051
1312.023,74,12099.568665
215.686417,69,12100.647287
1287.868032,65,12101.615883
1191.713037,57,12102.396884
1312.581389,71,12103.507756
1275.602552,62,12104.481309
1168.390748,46,12105.209309
1212.002894,48,12105.913894
1269.759219,71,12107.058495
1260.496806,58,12110.832265
1203.367588,45,12111.514833
1211.001979,46,12112.215834
1198.434677,48,12112.911463
1238.655752,52,12113.655086
1168.580549,42,12114.280086
1311.441804,68,12115.298643
1215.078733,51,12116.139196
1254.331573,61,12117.046782
1155.278209,38,12117.593346
1340.96591,70,12118.750394
1222.770141,45,12119.335395
1268.069002,59,12120.268326
1261.681154,56,12121.121898
1201.807747,57,12121.980531
1185.773885,45,12122.633168
1235.617538,59,12123.530734
1306.197565,64,12124.546288
1220.452022,49,12125.355287
1180.643834,42,12126.001913
1201.209857,48,12126.749461
1219.537414,57,12127.628041
1206.387235,60,12128.4986
1235.414357,64,12129.429152
1225.593241,59,12130.313154
1286.792674,65,12131.353719
1321.455775,80,12132.646822
1286.00065,57,12133.4734
1280.979635,56,12134.3754
1176.465757,43,12135.06698
1280.904531,67,12136.206542
1272.04479,63,12137.157869
1252.148871,80,12138.323419
1192.245663,45,12139.079965
1226.452968,52,12139.835593
1221.85936,56,12140.691133
1129.627981,48,12169.433777
1244.150606,52,12173.172513
1310.34136,69,12174.297136
1311.562201,75,12175.362681
1261.568211,57,12176.192026
1197.939915,54,12177.060567
1223.14216,49,12177.87119
1288.331329,66,12178.906736
1255.341343,56,12179.793514
1234.42208,50,12180.590139
1233.537472,59,12181.522763
1200.495272,45,12182.215762
1244.940163,62,12183.162317
1240.155366,59,12184.05789
1214.677409,50,12184.872509
1180.932116,56,12185.716145
1263.996135,58,12186.560787
1278.187525,59,12187.541413
1162.130478,38,12188.149413
1320.664264,76,12189.399039
1205.487275,53,12190.22767
1291.682258,75,12191.422916
1293.264892,66,12192.408916
1272.160571,59,12193.313552
1232.112498,49,12194.050101
1170.639957,49,12194.823656
1171.393495,57,12195.737196
1273.589119,72,12196.817736
1280.44134,57,12197.670297
102.358677,51,12198.441911
1334.348048,77,12199.694461
1278.696172,66,12200.625021
1262.770906,63,12201.592642
1273.322562,74,12202.849274
1277.471578,62,12203.862283
1196.077425,64,12207.799462
1329.562557,75,12208.985934
1247.680833,53,12209.812559
1246.529591,54,12210.62219
1293.618925,64,12211.538784
1280.607249,65,12212.57597
1282.295186,66,12213.593538
1296.824486,69,12214.697078
1234.666855,55,12215.530632
1195.504804,67,12216.629213
110.085169,48,12217.394213
1226.910168,54,12218.246828
1286.763045,68,12219.246377
1261.888294,60,12220.217045
1212.815324,61,12221.139632
1278.284112,76,12250.979643
102.978232,43,12251.685254
1260.412184,60,12252.59087
1296.489409,69,12253.620431
1158.783073,41,12254.30643
1243.347648,65,12255.200067
1161.932678,41,12255.879635
1253.047934,67,12256.867188
1152.101952,47,12257.542729
1231.118357,63,12258.512367
1287.277356,62,12259.420991
1281.357761,66,12260.438541
1252.848687,54,12261.295541
192.868784,66,12262.285202
1224.548727,61,12263.188822
1202.997664,58,12264.097242
1179.783711,46,12264.778793
1185.795188,47,12265.433336
1252.149657,73,12266.565891
123.413717,48,12267.301891
1260.15289,57,12271.134073
1291.559805,63,12272.146029
1303.388026,63,12273.022658
1192.995302,54,12273.831209
1160.609001,45,12274.559766
1164.868395,43,12275.204766
1216.557176,51,12275.97746
1217.095779,82,12277.232692
1238.819954,68,12278.267309
1226.03811,52,12279.058291
1244.893974,65,12280.068937
1242.127442,57,12280.924547
1326.859368,67,12281.940166
1249.905303,53,12282.723799
1223.273827,68,12283.781128
1295.314665,73,12284.839664
128.418069,48,12285.515222
1267.566363,60,12286.448781
1298.667549,68,12287.432413
1229.043935,53,12288.239413
1242.641603,64,12289.152957
1246.342898,52,12289.990293
71.671023,40,12290.614926
155.222596,51,12291.41855
1199.397849,47,12292.092548
1277.623054,59,12293.022114
1246.1947,56,12293.849753
86.812477,42,12294.50636
1310.581311,64,12295.436919
1165.561534,39,12296.087919
1267.726462,62,12297.030437
1212.56781,52,12297.76107
1266.615848,62,12298.681627
1264.91021,55,12329.94962
1323.315427,76,12331.124176
1145.985424,37,12331.715726
1200.159831,45,12335.337426
1318.396044,64,12336.297038
1200.451834,48,12337.012581
1271.717529,60,12337.94458
1245.026205,70,12338.982202
1283.499937,60,12339.856764
1257.277437,66,12340.951209
1259.501346,69,12341.920774
1163.70508,39,12342.496337
1216.363856,53,12343.278388
1166.597917,38,12343.860648
1270.469912,58,12344.713262
1182.058542,53,12345.604777
1254.464798,58,12346.492321
1239.661585,62,12347.438953
1196.857724,75,12348.475647
1172.072192,46,12349.144645
1273.055765,60,12349.95337
1207.990089,52,12350.805532
131.641022,50,12351.572074
1132.911769,34,12352.100072
1310.198287,68,12353.111614
1202.4744,59,12353.993191
1294.817145,61,12354.881797
1178.462834,44,12355.545407
1222.036029,56,12356.408407
1169.01749,42,12357.006037
1246.181494,64,12357.97965
1209.246587,59,12358.901234
1290.335145,61,12359.805865
1160.827499,40,12360.467711
1165.302525,40,12361.061713
1282.374413,61,12361.955266
1295.377996,74,12363.079891
1311.992785,63,12363.987393
1168.609869,45,12364.702032
1148.771529,42,12365.370032
1315.692567,73,12369.426849
1203.411045,50,12370.180848
1273.860044,62,12371.171467
1287.271011,61,12372.142097
129.495213,49,12372.838244
1270.050714,56,12373.719809
178.729008,54,12374.462448
1240.591066,61,12375.371446
1204.392157,57,12376.20409
1176.383857,52,12376.960643
1251.009598,61,12377.911244
1237.291581,64,12378.80881
1296.407638,64,12379.785676
1298.620597,63,12411.58703
1187.816742,48,12412.31803
1304.91173,71,12413.398585
1228.486683,52,12414.094131
1184.794913,43,12414.717772
1184.404531,44,12415.394771
1173.959767,44,12416.041431
1213.814605,52,12416.800031
1201.562846,49,12417.55279
1280.424395,62,12418.478349
1263.238635,62,12419.368349
1182.676819,45,12420.036997
1208.772571,51,12420.76958
76.683817,41,12421.362584
1219.705872,61,12422.243145
1313.832266,70,12423.270918
1275.903006,64,12424.23947
1286.355998,60,12425.146032
1298.536529,66,12426.092587
1245.629496,58,12426.956217
1277.355314,58,12427.792764
1208.285303,51,12428.548319
1280.326071,65,12429.575934
1220.349227,53,12433.384589
1149.786353,38,12433.890134
1300.522891,69,12434.888681
1181.579285,52,12435.667287
1219.538183,52,12436.468932
1289.738353,68,12437.448565
1219.899473,55,12438.294565
1257.607062,60,12439.156133
1175.658725,39,12439.685726
1282.612857,68,12440.720274
1234.985375,63,12441.665839
1272.791748,64,12442.684391
1194.505959,46,12443.388392
1278.787067,62,12444.320945
1181.712943,51,12445.051501
1301.552553,68,12445.997058
1268.676638,81,12447.122614
1200.74864,49,12447.791164
1189.84384,48,12448.453714
1233.858517,57,12449.272717
1273.231223,59,12450.137266
1177.461554,84,12451.352451
1263.796657,65,12452.311077
1290.923975,65,12453.199498
1238.495804,66,12454.21112
131.718948,50,12454.934721
1195.272,46,12455.533297
1211.693747,53,12456.348297
1281.327175,61,12457.265846
1273.578181,60,12458.14949
204.603882,65,12489.617465
1197.657029,52,12490.460042
1228.574393,58,12491.313043
1220.793287,51,12492.037637
1186.067348,50,12492.69519
1173.491207,42,12493.27119
1294.841727,64,12497.134433
1269.032641,65,12498.067151
1274.452532,61,12498.894703
1189.761343,64,12499.846257
1214.330377,48,12500.53282
1157.963528,50,12501.258821
1271.075255,60,12502.103705
1191.218606,59,12503.006265
116.88676,54,12503.821805
1298.670366,62,12504.698388
1316.757884,68,12505.618947
1203.801012,47,12506.3482
1201.999173,66,12507.30476
1254.149426,54,12508.082356
1307.597922,67,12509.086914
1186.814194,54,12509.934468
1269.836724,69,12510.929023
1339.625828,74,12512.055592
1257.599012,64,12513.01037
1158.238321,38,12513.518917
1286.125977,68,12514.557471
1258.893835,53,12515.394534
1247.025671,52,12516.180021
1280.077547,57,12517.001586
1235.927316,63,12517.945135
73.222794,46,12518.626694
1114.452613,37,12519.144692
183.859681,67,12520.119244
112.211617,46,12520.887777
1300.906494,72,12522.000316
126.880757,48,12522.769929
1227.494511,65,12523.740473
1224.4482,52,12524.538024
1257.727595,73,12525.50762
1279.085531,66,12526.461176
1250.380412,56,12530.252856
1222.712336,76,12531.356408
1214.30738,47,12532.054975
1170.915307,75,12533.243532
1251.697852,69,12534.309073
96.264038,49,12535.083631
1257.950723,58,12535.944183
1238.802578,83,12537.133745
1268.014143,60,12538.074303
1173.65822,64,12539.015182
1287.901016,63,12571.576875
1148.065816,46,12572.248456
1320.129185,75,12573.404116
1235.985335,64,12574.336632
1269.387061,59,12575.193196
1257.767146,69,12576.218854
1216.351918,47,12576.858438
1244.367453,67,12577.869213
1220.446724,59,12578.782128
160.461957,67,12579.765687
1269.25976,66,12580.699241
1193.569461,58,12581.552791
1174.18977,42,12582.187794
1264.543334,56,12583.009215
1206.419892,51,12583.76377
1159.953589,38,12584.292769
187.024606,73,12585.30234
1287.563518,62,12586.253895
1159.595741,60,12587.086449
1256.026202,64,12588.005076
194.688822,60,12588.866655
1207.241567,49,12589.596828
1147.440894,45,12590.312829
1219.291251,49,12591.046451
1265.271961,72,12595.095635
1280.28424,59,12595.964193
77.60954,38,12596.545737
1142.534622,36,12597.152737
1203.04838,56,12597.937291
187.240128,59,12598.802933
1205.328161,64,12599.734577
1314.185877,65,12600.790132
98.716476,44,12601.445674
1148.609652,52,12602.242674
1307.235429,66,12603.224227
1319.093095,65,12604.156807
1233.827541,54,12605.017412
1298.745729,66,12606.001978
1282.973455,60,12606.87056
1230.98057,67,12607.920099
1160.772401,48,12608.678657
1178.490425,46,12609.383657
1247.645512,54,12610.199206
1213.760218,55,12610.950829
1230.324499,55,12611.754457
1221.716855,60,12612.664078
135.051498,53,12613.446645
1226.972358,64,12614.380645
1288.89897,76,12615.454769
1265.179148,57,12616.241769
1194.792739,57,12617.090393
1283.127245,67,12618.063006
1218.808912,49,12648.743547
1166.625184,38,12649.297701
1223.485367,49,12650.016339
1254.178812,58,12650.834953
1151.317729,70,12651.882617
1297.725261,65,12652.869271
1195.912828,55,12653.708813
1335.881472,75,12654.725357
1283.496751,82,12658.934538
1259.917592,66,12659.841752
1301.607218,62,12660.741288
1280.320421,68,12661.727909
100.516417,61,12662.613669
1283.381447,68,12663.670315
1212.535859,50,12664.395312
1313.135045,78,12665.576662
165.486684,60,12666.523239
1324.18756,71,12667.432807
1218.686436,54,12668.254806
1225.99823,50,12668.986439
1220.119944,59,12669.872996
1160.846179,37,12670.394996
1230.377791,60,12671.318634
1232.52407,67,12672.368467
1145.06828,38,12672.878025
102.982761,46,12673.583649
88.762321,44,12674.232651
1184.958362,57,12675.095218
1190.624,46,12675.682764
1239.469657,51,12676.393764
1204.343552,51,12677.2173
1183.07916,37,12677.76992
1230.598885,53,12678.538223
1226.360701,66,12679.53985
1181.628041,46,12680.280849
1239.936568,61,12681.210408
1237.259998,61,12682.089707
1273.345395,67,12683.088346
1272.6835,56,12683.969
1187.739942,46,12684.604388
1243.192964,60,12685.506007
1161.724171,55,12686.342007
1246.919196,56,12687.241555
1239.517592,57,12688.081114
1192.006571,60,12691.917594
1127.443148,43,12692.584212
1266.847739,63,12693.617076
1173.706033,58,12694.571604
1250.139723,59,12695.428181
1240.00774,71,12696.537823
193.812007,70,12697.637466
1237.816633,48,12698.338464
1225.698737,54,12729.752441
1233.084968,57,12730.63001
1236.489114,61,12731.543625
1306.182158,68,12732.567228
1187.63311,46,12733.289237
1189.760169,52,12734.035784
1290.897417,66,12735.038361
118.043103,45,12735.713
1181.269044,58,12736.606653
1275.114169,60,12737.554196
1179.546849,43,12738.245196
1326.865403,68,12739.258757
1178.694745,54,12740.038373
1259.703881,64,12741.021928
1250.873292,61,12741.888463
1185.494559,60,12742.732026
1196.290893,48,12743.491581
1270.972996,63,12744.492133
1249.912899,68,12745.419719
1256.046673,56,12746.281722
1256.582765,64,12747.216356
1242.03614,54,12748.053939
1231.126453,79,12749.185509
1222.248673,51,12750.026057
1300.275378,73,12751.040661
135.356622,58,12751.952255
1178.362208,54,12752.863795
1243.820573,56,12756.654058
1241.6672,59,12757.542465
1338.681479,74,12758.641017
1261.425551,66,12759.663567
1208.648838,59,12760.476144
1211.191423,49,12761.250145
1210.839085,73,12762.309696
1283.318646,61,12763.172267
1281.984629,63,12764.146898
1244.865453,58,12764.986516
1242.80285,65,12765.993063
1264.940681,63,12766.93168
1274.368965,71,12767.988067
1252.026814,55,12768.801613
1274.063191,63,12769.731731
1315.056014,66,12770.718379
1276.300838,60,12771.55501
1232.006593,56,12772.37401
1206.38319,60,12773.342577
1275.585516,61,12774.249137
1242.769552,54,12775.103761
1253.599557,57,12776.010415
1173.070156,52,12776.810027
1212.378729,62,12808.090183
1123.317981,35,12808.624741
1189.913549,43,12809.313742
1246.05022,60,12810.182386
1222.643373,44,12810.864009
1233.75289,58,12811.743652
1163.491386,42,12812.36665
1192.461152,56,12813.302296
1237.290505,53,12814.153872
1234.744289,60,12815.13149
1256.266592,61,12816.069127
1259.502912,63,12817.026777
117.388902,49,12820.743994
1212.955201,54,12821.567618
1170.588846,40,12822.201478
1283.336755,61,12823.170028
1298.763456,65,12824.137584
1165.240587,40,12824.826151
1213.206934,48,12825.502708
1217.835793,61,12826.445333
1246.96072,72,12827.53089
1295.942622,75,12828.625439
1311.80151,64,12829.547057
1331.667949,69,12830.628628
152.572414,56,12831.529241
1218.624277,48,12832.259242
1275.800686,67,12833.322857
1292.064929,63,12834.230447
1162.377313,57,12835.085
1221.510301,64,12836.137568
113.18762,55,12836.97813
1250.803703,69,12838.08021
1295.585056,64,12839.101777
1187.209492,45,12839.767337
1216.552945,55,12840.584664
1208.148872,50,12841.382664
1230.831066,56,12842.195296
1242.653334,68,12843.296932
1316.111578,70,12844.365573
1294.872409,61,12845.297118
1255.96828,54,12846.076683
1258.817986,72,12847.212346
1253.94447,62,12848.203915
1205.405607,60,12849.050539
1246.480414,61,12849.97609
1258.838296,58,12850.887608
1231.802858,77,12854.942501
1276.298038,64,12855.925107
1303.567846,67,12856.976048
1131.34451,37,12857.513688
1223.040944,55,12858.324687
1259.872608,56,12859.138241
1183.072765,47,12889.807999
1236.720004,55,12890.548648
1314.276529,69,12891.528206
1204.369406,52,12892.340205
1185.192249,50,12893.108765
1200.247329,45,12893.695316
1220.813963,74,12894.747873
1195.364076,47,12895.405874
1256.851271,57,12896.296506
1161.094707,52,12897.107923
1329.743018,71,12898.135489
1285.989561,74,12899.287134
1222.189712,54,12900.102694
1262.517947,56,12900.903234
1255.878495,56,12901.721492
1269.45728,72,12902.824033
1293.899142,61,12903.764648
1158.871453,42,12904.370646
1231.980734,65,12905.380237
1272.334605,67,12906.459452
1226.854487,59,12907.270451
1132.249889,51,12908.016006
1239.083422,56,12908.84056
1192.095361,83,12909.999112
1161.159792,49,12910.791668
1290.036296,66,12911.79823
1218.364896,53,12912.610778
1277.505216,70,12913.611003
1195.010091,54,12914.472639
1141.195064,53,12918.190305
1279.139502,65,12919.133875
1252.400267,67,12920.128445
1246.502769,58,12920.996063
1175.253545,41,12921.62168
1257.245057,76,12922.702216
1236.435535,55,12923.557863
1285.515788,65,12924.585412
1260.681671,56,12925.412412
115.149638,43,12926.077969
1298.625478,66,12927.041013
142.102901,50,12927.819645
1240.72769,62,12928.733197
1209.313052,51,12929.486758
1177.21823,42,12930.193756
1265.736594,61,12931.046313
1238.312696,54,12931.813855
1219.405886,49,12932.503678
1215.99943,50,12933.29668
1159.508972,40,12933.874235
1246.599764,57,12934.65479
1226.892087,57,12935.484329
1185.169878,74,12936.625969
1191.354286,45,12965.673323
1231.684417,59,12966.515925
1294.229926,71,12967.553574
1288.653468,66,12968.505198
1183.045032,56,12969.366201
1150.211435,43,12969.96675
1224.617372,51,12970.765382
1288.780709,71,12971.907028
1254.726441,57,12972.737605
1134.232874,34,12973.258621
1297.340991,63,12974.224207
1262.9063,62,12975.133843
1269.822522,59,12975.992454
1168.90866,39,12976.59506
1186.87513,45,12980.360797
1210.603045,73,12981.369358
1294.930721,62,12982.318009
1288.838885,65,12983.302275
1339.450376,68,12984.402429
136.102338,58,12985.285473
1243.935059,53,12986.061036
1223.866765,57,12986.924663
195.956867,77,12988.035288
1216.897059,50,12988.776828
1224.225428,51,12989.558393
1308.992623,70,12990.545018
1285.027847,57,12991.31802
1213.339326,49,12992.096635
1213.806577,52,12992.877256
1267.930108,72,12993.86889
1293.082841,63,12994.839522
1288.192706,67,12995.762162
130.524005,55,12996.56972
1218.753025,58,12997.38272
1197.881099,48,12998.051268
1232.139442,64,12999.000823
1273.172441,67,13000.065438
1159.703513,41,13000.711071
1254.436197,68,13001.73471
1209.692884,55,13002.576261
1207.073332,47,13003.259263
1180.349325,46,13003.907818
1233.919371,54,13004.735376
1266.160218,56,13005.546026
1248.934881,63,13006.433643
1284.019208,65,13007.421211
1225.466579,65,13008.391222
1277.644573,57,13009.229839
1187.108718,44,13009.852458
1326.290336,66,13013.844664
1209.435535,83,13015.024286
1302.921746,72,13044.253277
1288.581988,71,13045.348816
1179.669709,40,13045.953366
1207.172008,77,13047.113022
1201.042264,51,13047.870576
1297.878862,61,13048.790132
1251.132831,59,13049.689692
1191.130528,62,13050.637257
1195.975975,48,13051.342258
1275.400624,54,13052.130809
1217.100329,58,13053.015368
1287.747747,69,13054.095808
1143.21732,36,13054.672459
1269.733163,78,13055.82001
1219.395651,52,13056.679648
1220.012871,63,13057.588217
1238.511265,62,13058.479804
1301.037665,67,13059.491357
1142.013572,40,13060.083354
1242.84299,53,13060.871915
1199.133661,45,13061.597477
149.71922,53,13062.369478
1300.747268,71,13063.414678
1146.583094,46,13064.11368
1294.510536,63,13065.017362
1239.054615,54,13065.852866
1195.283874,48,13066.552516
1293.178757,65,13067.518066
1203.003346,49,13068.174066
1241.722395,54,13068.954615
1157.810449,39,13069.544256
1193.092432,45,13070.230256
1279.917944,62,13071.11583
1319.528594,66,13075.046021
1302.010108,69,13076.107666
1203.577298,63,13077.003224
168.939651,56,13077.772785
1182.310396,50,13078.584417
1305.769759,67,13079.540024
1340.558942,72,13080.579811
1225.18392,54,13081.36181
152.985791,66,13082.312368
1218.091222,59,13083.162768
1261.342551,58,13084.041414
1292.493855,72,13085.096986
1215.392535,56,13085.910546
1227.197748,50,13086.623086
1179.001346,41,13087.144086
1206.36829,59,13088.077641
1255.555928,65,13089.107192
1249.816022,55,13089.876752
1300.854883,67,13090.90137
1222.550721,58,13123.766513
1220.733193,47,13124.44916
1219.97439,51,13125.129158
69.28225,40,13125.72772
1300.735391,65,13126.65934
1158.538809,40,13127.25034
159.191771,55,13128.014917
1240.45387,53,13128.867524
1235.93722,55,13129.655075
1190.523619,41,13130.251075
1293.552756,60,13131.049643
117.049881,47,13131.777263
1296.983129,61,13132.646834
1263.770802,73,13133.721457
1346.317342,76,13134.819088
1267.685467,57,13135.632639
1242.999682,75,13136.757262
1294.115499,64,13140.649672
1189.459134,44,13141.341672
1237.179779,69,13142.363244
1201.909448,46,13143.012891
1285.507851,59,13143.864981
1250.029925,54,13144.584519
1175.551284,50,13145.37452
1254.11224,58,13146.244102
1237.247611,74,13147.256608
1245.857164,52,13148.005164
1353.75228,71,13149.03371
1182.055316,45,13149.624251
1256.744079,65,13150.636863
1192.12222,56,13151.477408
1247.756897,54,13152.314407
1136.067896,33,13152.812909
162.348383,57,13153.653537
1191.40181,46,13154.316536
126.387073,70,13155.373084
1183.765466,52,13156.125732
1282.55689,66,13157.133335
1339.996688,71,13158.118965
63.053449,65,13159.149501
1267.761936,65,13160.105037
1328.938563,66,13161.071589
1197.965709,58,13161.989147
1235.885942,69,13162.954779
1151.858006,40,13163.562393
1262.549372,55,13164.401392
1290.316848,61,13165.248028
1294.659372,62,13166.164571
1266.393159,61,13167.100137
1288.453606,64,13168.060737
1271.955489,61,13168.954291
1263.206576,69,13169.970863
1227.846547,50,13204.902
1305.202965,67,13205.855616
1225.261014,54,13206.632179
141.398964,55,13207.444729
1206.161002,44,13208.136729
1200.289867,49,13208.775299
1208.778155,55,13209.527877
1140.499577,34,13210.089876
1238.721335,55,13210.856428
1287.016626,65,13211.779981
1195.602089,45,13212.395981
1312.022418,69,13213.436557
1210.98922,51,13214.215554
1149.984369,40,13214.833138
1202.722118,56,13215.587717
1179.458576,45,13216.303716
1248.938671,61,13217.21126
85.240733,73,13218.253823
1201.284178,48,13218.971421
1240.34474,59,13219.879029
1162.149583,46,13220.521577
1258.316815,72,13221.615602
146.882037,52,13222.448144
160.211096,51,13223.233143
107.120338,45,13223.915698
46.604066,34,13224.343699
212.430703,61,13225.316331
112.970152,44,13225.974968
166.442421,56,13226.788561
176.538668,56,13227.664129
175.07704,57,13228.587687
105.530335,54,13229.412687
134.742471,49,13230.163329
143.404015,67,13231.157964
149.518232,50,13231.930587
32.852078,41,13231296.17849129.610264,50,132331276.2153104.609428,46,13234.1266.126641,64,13238.250202
1192.160823,63,13239.198766
1258.012807,57,13240.082404
1173.290995,44,13240.766404
1158.917174,36,13241.271048
1351.275803,71,13242.24767211163.464256,51,13242.969236171287.328169,77,13244.169771191284.082859,68,13245.211427
1246.785971,67,13246.269069
1301.287789,68,13247.263681
1232.894114,55,13248.074288
1237.835557,59,13248.889841
1260.896534,60,13249.760842
1243.353459,65,13250.758379
1179.444045,185.43979,79,13251278.469466,70,13252.439563
1309.121924,70,13282.563105
1296.997434,78,13283.686651
1196.857511,48,13284.430264
1309.738576,68,13285.436864
1229.332277,56,13286.311414
1185.826388,45,13286.999983
1287.022767,73,13288.06359
1216.856836,55,13288.918106
1306.779947,72,13290.080653
1283.160065,65,13291.015266
1213.32045,55,13291.888894
151.511617,58,13292.809895
1215.225432,53,13293.596536
1239.062035,53,13294.416609
1183.31171,44,13295.051181
1322.622744,72,13296.199737
1250.345188,61,13297.0983
1248.418046,60,13301.010578
1277.584644,61,13301.931192
1231.84981,64,13302.915231
1242.29815,59,13303.81123
16.523389,59,13304.717309
1167.153596,59,13305.57285
1233.442801,51,13306.342393
1266.859513,63,13307.287966
92.859821,43,13307.943516
1206.216257,50,13308.720516
1206.372203,58,13309.560985
1156.562099,35,13310.094528
1322.452691,69,13311.089943
1212.456839,56,13311.912579
1303.837483,68,13312.983195
1306.470951,73,13314.016748
1192.815504,49,13314.769745
1235.426725,73,13315.843014
1262.059517,57,13316.721011
1311.582284,65,13317.67662
1257.956619,73,13318.845732
1273.591054,56,13319.667729
1257.178914,62,13320.566355
1247.871358,56,13321.479898
1253.64418,58,13322.36598
1182.270723,43,13322.899535
204.163137,73,13324.058114
1272.264814,71,13325.106731
1194.917197,46,13325.815842
1229.63464,55,13326.591356
1248.650034,57,13327.501916
1154.433148,42,13328.139543
1264.721219,62,13329.076841
1224.521617,54,13329.84839
1240.011008,69,13359.711167
1211.910213,47,13360.404454
1231.746826,61,13364.181157
1235.178978,56,13364.944716
1225.073059,51,13365.705716
1299.91721,63,13366.663352
1231.054011,59,13367.511876
1292.391078,65,13368.459437
1265.657342,56,13369.326056
1305.144226,68,13370.316646
1314.0558,70,13371.333306
149.000593,54,13372.157867
188.759651,61,13373.071439
216.035334,64,13374.040016
210.576652,64,13375.011571
213.504888,65,13375.961173
100.580093,42,13376.577174
193.095459,62,13377.464719
164.857216,52,13378.226291
92.240018,36,13378.655287
103.841205,42,13379.320974
231.299626,69,13380.29855
1180.292448,41,13380.894111
1165.912331,43,13381.541112
1328.061211,70,13382.572743
1316.903839,63,13383.442393
1310.81207,72,13384.552024
48.629226,44,13385.126647
1285.121407,68,13386.058275
1198.599243,54,13386.848903
1262.143096,61,13387.7779
1301.949297,65,13388.73748
114.964181,48,13389.451045
1215.099662,55,13390.276586
1223.370561,52,13391.015058
1272.713076,57,13391.856719
1235.440719,69,13392.933982
1217.749041,47,13396.58935
1181.0277,48,13397.361988
1283.970156,66,13398.248537
1305.481034,65,13399.178105
121.566393,51,13399.927668
164.479779,54,13400.703668
1185.524852,50,13401.463275
1225.450513,60,13402.35688
1260.460645,58,13403.295431
1192.948925,53,13403.991045
1252.538643,65,13404.974589
1242.012849,52,13405.790245
1226.138654,49,13406.5108
1292.449372,62,13407.444337
1186.389449,53,13408.1613
1233.108945,58,13436.779639
110.396139,53,13437.548928
214.784917,63,13438.406548
1316.676151,68,13439.405102
1146.553983,38,13440.013632
1306.781805,70,13441.007205
1226.677556,53,13441.804204
1277.301915,62,13442.652833
1257.685583,55,13443.489386
1241.457592,51,13444.217936
1174.525777,55,13445.028521
1333.14322,74,13446.162141
145.592587,53,13446.87569
1215.901314,45,13447.569692
1282.39902,69,13448.574321
217.874235,61,13449.53387
1261.895954,68,13450.51817
1293.671543,67,13451.505768
1242.583755,51,13452.26141
104.882708,44,13452.982043
1125.525832,34,13453.425044
101.99814,46,13454.121594
1167.437328,38,13457.699223
1203.548875,72,13458.762776
1228.430655,48,13459.494388
1281.270761,66,13460.443998
1181.160785,48,13461.192552
1213.672724,47,13461.820099
1262.02875,57,13462.651099
1169.638933,39,131286.87359,71288.12969,81,131337.906271,1232.788208,63,131189.624465,1175.309549,42,131214.018109,1267.498789,75,131326.6273031267.134776,56,13467.852703
1224.343171,52,131257.298496,1285.644728,81,13469.794263
1181.355783,47,13470.489819
1195.337696,51,13471.254462
1167.354295,46,131253.686092,1260.252665,62,131265.40196,61164.938611,64,13473.724558
1268.743602,72,13474.80937
1264.052242,60,13475.707927
197.570681,70,13476.637503
1200.410416,46,13477.265053
1188.281226,47,13477.959605
1312.254162,70,13478.962252
1296.138949,74,13479.976795
1224.763876,52,13480.684796
112.805093,65,13481.65394
179.102063,76,13482.766583
1271.122983,63,13511.985564
1150.659283,39,13512.520564
90.517608,51,13513.333082
1142.32374,37,13513.850702
1293.668669,61,13514.780704
1228.361719,53,13518.515611
1301.314467,63,13519.432254
1235.04085,51,13520.123934
1279.469771,56,13520.952481
1150.775881,39,13521.52348
1303.227771,66,13522.488109
1232.237069,55,13523.340679
1290.886205,70,13524.290437
1289.155623,76,13525.361079
1271.622601,59,13526.154766
1220.29804,52,13526.917398
1186.327525,44,13527.577344
1147.809903,61,13528.438897
1174.766581,45,13529.033509
1301.526048,72,13530.096122
1296.433386,63,13531.048747
1241.513707,74,13532.112306
1219.544543,45,13532.777361
1243.148809,51,13533.564468
1238.857489,65,13534.506092
1289.550051,62,13535.396537
1185.715151,55,13536.18712
1197.090347,55,13536.96574
1219.242551,63,13537.861241
1294.088078,68,13538.820466
1292.224938,73,13539.842726
1279.078567,60,13540.753727
1173.749832,46,13541.447276
1294.565086,65,13542.384916
1320.699016,66,13543.320579
1318.512366,69,13544.277145
1222.514492,61,13545.172778
1184.520654,47,13545.869099
1191.237006,49,13546.569099
1191.146033,48,13547.234652
1211.902257,56,13551.074886
1199.174614,52,13551.808839
1231.131699,63,13552.691468
1207.978915,49,13551261.329711174.345244,40,13551225.386051297.226932,64,13551215.504901258.296968,57,1355192.3867181262.233402,79,1351244.8679961168.379371,37,131242.588833,1271.973633,61,11299.292574,61266.22358,67,131288.999354,1189.922627,49,131269.501573,1287.822817,73,131190.655531221.738008,68,1351235.3719491249.16543,61,13591216.987821198.535042,47,13591217.841451306.103585,69,13591225.368051214.415872,49,13591219.372071220.024812,54,13591245.9655286.801684,50,13595.1249.7021239.163142,56,13591349.349471258.618257,62,13591244.857681278.59966,66,135981241.79551221.384013,57,135991285.1697112.033856,63,13600.1249.8411297.719131,73,13601.1188.324240.814136,75,13602.31225.071265.352534,59,13603.11284.061263.66602,71,13604.21300.731246.549787,60,13605.01198.491173.411145,69,13606.1268.5041295.716934,67,13607.057873
1227.464787,53,13607.862522
1278.756663,72,13608.906149
1227.27521,59,13612.703807
1248.243486,75,13613.773446
1241.358583,60,13614.619987
141.475497,51,13615.411537
156.996584,56,13616.254092
70.959536,39,1361228.16556126.33997,54,13617212.081561270.909084,60,1361170.8444261236.06182,64,13611332.31266133.892119,50,136201326.182229,67,13620.49842
1242.2661311.405024,78,13621.1313.703566,76,13622.431499
133.94771,52,13623.212501
1303.502125,66,13624.200606
1232.487648,79,13625.378194
1311.285876,68,13626.343744
1329.942872,69,13627.388366
181.918844,61,13628.220006
95.229855,62,13629.120581
1112.617319,56,13629.974185
1207.996599,50,13630.700759
142.09135,61,13631.549361
1273.45365,63,13632.503938
1242.602996,63,13633.392938
1288.668549,77,13634.529703
114.123973,72,13635.515342
148.821884,55,13665.445168
1173.276922,45,13666.161169
1163.031521,53,13666.920709
1130.406716,36,13667.420333
109.825375,45,13668.056333
1244.48979,80,13669.291199
98.334749,45,13669.923809
1268.684764,73,13673.983042
1254.278254,54,13674.778602
166.818694,59,13675.726164
1234.912979,54,13676.465735
1232.836589,58,13677.373735
1306.222829,73,13678.395296
1160.271308,40,13679.037922
1276.437663,58,13679.921496
1253.655889,68,13680.933046
133.646349,49,13681.639605
1087.017878,41,13682.312605
1212.719282,62,13683.176209
147.303812,52,13683.959761
236.382196,68,13684.940307
1210.039998,59,13685.753937
1290.010659,70,13686.736495
1200.301893,59,13687.617042
1211.424637,72,13688.686672
1237.39481,54,13689.493243
1264.304606,60,13690.360244
1278.746674,66,13691.392246
162.579342,77,13692.572171
1290.663229,71,13693.541802
1257.869642,56,13694.355805
1197.775676,55,13695.177356
1320.421212,66,13696.126984
1238.886312,58,13697.024536
175.79215,68,13697.998077
1295.17212,66,13699.064579
1246.816733,57,13699.903132
1147.742027,40,13700.482681
1186.494187,48,13701.091681
1194.769993,46,13701.834231
1251.662974,61,13702.742785
93.282715,43,13703.357785
1305.424932,65,13707.313837
174.892499,57,13708.198835
110.98942,76,13709.27539
1263.364235,58,13710.128051
187.118438,56,13710.940601
1332.401396,72,13711.927207
157.36244,57,13712.817758
1154.063517,38,13713.342757
1195.324113,51,13714.103379
1161.372971,66,13715.068781
1168.776467,46,13744.537189
1301.349537,66,13745.473749
195.262343,65,13746.4763
1264.710367,62,13747.354298
1281.355391,66,13748.323857
144.314077,65,13749.295416
96.245794,48,13750.010057
1231.8449,50,13750.85065
91.572681,45,13751.523204
1202.325301,50,13752.258202
1257.022468,57,13753.064844
148.249782,49,13753.807498
1221.67576,57,13754.686114
179.687165,55,13755.493728
1261.640347,57,13756.329728
1167.488585,49,13756.988285
1190.029988,49,13757.711898
1295.000114,60,13758.55154
198.612006,63,13759.469092
180.014062,63,13760.376092
1230.752499,55,13761.192667
203.046088,71,13762.211868
1148.292153,38,13762.811436
163.275484,58,13763.676029
1262.691716,65,13764.684647
1229.990581,67,13765.631269
210.255082,63,13769.517229
1304.464625,70,13770.556862
1188.59931,61,13771.455481
228.689993,66,13772.363481
1268.268897,62,13773.313048
1205.904247,49,13774.060597
1316.818152,75,13775.237224
92.00458,42,13775.831871
1224.951106,50,13776.579962
1283.35521,58,13777.398962
1275.244937,56,13778.253595
1217.188702,52,13779.021149
1203.44928,45,13779.708685
227.774488,64,13780.653464
1243.342046,69,13781.680103
1252.512882,54,13782.527643
176.905804,64,13783.492283
157.346564,52,13784.277282
1191.629602,59,13785.188862
102.794712,59,13786.06841
130.495377,54,13786.908079
1259.639001,62,13787.833593
1302.106123,68,13788.84218
160.238116,75,13789.996814
253.271817,78,13791.177435
1223.272512,55,13821.707159
1288.98282,66,13822.620735
169.088192,56,13823.491354
1223.432813,50,13824.311467
1321.016067,77,13825.448861
181.71667,61,13826.333861
216.435214,69,13827.361481
1243.415072,64,13828.297842
1260.564365,60,13829.232384
1204.648419,54,13832.959254
1198.056597,50,13833.715816
217.961424,66,13834.676363
1153.965188,60,13835.635819
1272.240188,68,13836.564453
1283.317308,68,13837.576087
122.086166,54,13838.376086
207.808444,81,13839.634174
144.329978,50,13840.346174
1255.387709,69,13841.375736
203.426816,67,13842.309371
1175.482286,41,13842.872932
1170.143729,40,13843.465488
1143.961057,34,13844.001781
1232.225399,53,13844.843402
1248.824521,58,13845.762245
1274.282295,69,13846.677801
169.140597,59,13847.560404
1291.384972,74,13848.626955
1191.036287,41,13849.272956
1253.628228,56,13850.125595
1199.123758,55,13850.971843
1294.970549,66,13851.919402
112.235634,48,13852.650046
1256.438078,59,13853.561664
1320.724286,70,13854.517212
197.364769,62,13855.401215
1266.491768,63,13856.446284
1298.4589,60,13857.318284
1279.870955,69,13858.260833
1195.513208,52,13859.053954
1327.321231,77,13860.130583
1224.264605,55,13860.971298
1155.314717,39,13861.579858
1150.811682,37,13862.115858
1199.132656,49,13865.799041
204.624612,66,13866.739612
1294.187963,77,13867.923769
1196.289042,46,13868.686329
1164.034542,42,13869.272331
1176.002836,46,13870.032234
1225.25703,50,13870.732779
1236.366695,48,13871.453388
1176.361554,55,13903.964703
200.414754,60,13904.856336
1260.018768,75,13905.967887
111.278943,46,13906.717527
1192.408554,56,13907.558349
1199.140339,47,13908.330349
1174.260122,56,13909.189889
1218.605539,54,13910.030463
1211.977004,66,13911.016014
1200.907206,51,13911.804653
107.119763,44,13912.412277
189.333869,66,13913.420907
1246.815033,61,13914.374906
1206.970445,49,13915.037466
1218.236928,50,13915.740084
1226.807285,60,13916.552631
163.427138,61,13917.553256
1249.401297,52,13918.354256
247.655166,70,13919.408454
117.808139,48,13920.090454
147.185401,52,13920.934011
1246.877135,60,13921.808573
125.475504,50,13922.495129
1184.065426,59,13923.333221
113.613706,44,13924.064843
1158.381782,54,13924.845385
1250.474868,55,13925.729921
223.389536,64,13926.600536
1245.649027,81,13927.867171
170.604117,52,13931.571871
1265.378811,56,13932.418423
1293.543143,64,13933.421985
1117.044008,64,13934.385986
1273.66649,58,13935.270545
1280.305469,75,13936.436684
101.392278,51,13937.241685
1310.457487,73,13938.400327
161.349852,59,13939.283923
1289.365825,62,13940.265169
1169.973591,39,13940.893717
172.938304,61,13941.783254
1203.338445,62,13942.689795
1175.777809,48,13943.393795
74.230706,49,13944.11842
221.44505,68,13945.099972
1179.901159,53,13945.900537
1216.151103,57,13946.7711
1188.403755,54,13947.623719
1310.312458,64,13948.595308
1177.517718,45,13949.296305
216.830017,76,13950.418506
1191.155158,74,13951.524063
156.985474,64,13984.360808
1201.38107,47,13985.079503
1235.627641,79,13986.250345
1260.805315,57,13987.056924
1189.768132,55,13987.899504
1144.576152,40,13988.556141
1190.106627,44,13989.177141
1301.644339,71,13990.32371
1232.767483,56,13991.22189
1172.615377,49,13991.942442
1249.662261,61,13992.885011
1264.663893,56,13993.777551
1235.024199,52,13997.568398
1298.007248,62,13998.539965
1292.830398,66,13999.509512
1148.487472,35,14000.10974
1238.232799,79,14001.411003
1177.660673,45,14002.108009
1218.040881,52,14002.939609
1248.278583,56,14003.82816
1263.635291,65,14004.793716
1189.947173,51,14005.596276
1287.520086,69,14006.636892
1176.899456,61,14007.546228
1242.968871,57,14008.47477
1232.632991,61,14009.432311
1201.200212,49,14010.209312
1245.284429,58,14011.105875
1287.785559,69,14012.100446
176.965,54,14012.946986
114.997485,62,14013.861985
1227.736257,59,14014.844604
1268.903236,59,14015.759028
1261.024332,70,14016.785612
1267.204409,63,14017.742774
1229.118735,69,14018.839467
1231.282268,50,14019.571019
1237.241672,58,14020.508659
1262.403731,68,14021.525211
1185.045405,44,14022.26821
1235.342962,71,14023.387106
1283.923776,64,14024.433298
1324.062828,77,14025.605951
1227.861816,74,14026.7755
1186.608114,56,14027.67213
1257.693716,59,14028.57076
1333.015157,71,14032.62797
1219.767752,49,14033.436528
1203.763183,52,14034.278483
1241.768746,53,14035.121702
1290.479547,69,14036.198257
39.796846,50,14068.718989
1251.639536,56,14069.549211
1244.426815,71,14070.656809
1191.24654,46,14071.368807
191.073468,66,14072.40236
76.076886,76,14073.573034
1296.085989,62,14074.559582
1288.792695,68,14075.644667
1243.563767,54,14076.41724
1259.224006,58,14077.263238
1252.177673,65,14078.306884
1228.641331,51,14079.045436
1283.85112,77,14080.303696
1276.822147,76,14081.37226
171.633061,59,14082.348888
1221.72917,58,14083.286509
1283.182043,65,14084.237229
1343.042137,71,14085.356755
183.619679,83,14086.593592
1249.991104,75,14087.77313
1289.98339,68,14088.800682
1183.67688,46,14089.481232
1116.854437,35,14090.073832
1256.863268,64,14091.075391
165.971543,75,14092.175647
1182.86964,43,14092.835467
1164.84626,57,14093.691065
1274.417697,60,14094.53771
1181.327108,45,14095.202711
1207.462018,49,14098.875088
1279.737068,67,14100.008335
1242.428173,73,14101.148893
1242.975977,60,14102.033529
1189.782024,44,14102.733793
1166.612117,43,14103.423424
1145.280964,53,14104.211425
1276.345254,62,14105.175121
1290.168316,67,14106.20442
168.911331,80,14107.435633
1274.592153,58,14108.305633
123.094952,68,14109.377295
1192.385137,49,14110.129859
1278.906607,68,14111.133474
1169.194799,48,14111.896087
1212.661354,47,14112.636652
191.598596,59,14113.554204
1275.675529,62,14114.480824
1254.801675,62,14115.406394
1301.079251,60,14116.361394
1256.199572,58,14149.962228
1204.102571,49,14150.708783
1264.861457,63,14151.685429
1202.252619,50,14152.480921
1201.40397,51,14153.328919
1256.107105,60,14154.256548
35.623748,41,14154.897199
1279.300834,62,14155.88478
1178.966178,57,14156.774338
1271.780988,71,14157.789564
1229.307678,70,14158.915157
1295.202476,72,14159.99769
1262.902324,57,14160.910242
116.67761,53,14161.782867
1175.571985,45,14162.507677
1269.768784,79,14166.66807
1263.829816,60,14167.558623
1238.675065,60,14168.556253
1190.883861,46,14169.259355
1173.327408,44,14169.92712
1236.542037,53,14170.770778
1232.282977,60,14171.753435
1269.958105,55,14172.611048
1177.102167,64,14173.566546
1284.103345,65,14174.528107
1114.956179,35,14175.119109
1265.767971,75,14176.238797
1204.296265,53,14177.105302
1134.824458,72,14178.206866
1252.179765,60,14179.07551
1225.189204,54,14179.950101
1188.521907,54,14180.811667
1172.502519,40,14181.384225
1237.110998,81,14182.680439
1154.692237,39,14183.292655
1278.686113,65,14184.276243
1212.552036,67,14185.265933
1262.374614,70,14186.358558
1141.81712,37,14186.904091
1208.502208,46,14187.623647
1271.917963,64,14188.605561
1272.469062,66,14189.623173
1221.731743,62,14190.546764
1192.226286,52,14191.298764
1271.753589,59,14192.232991
1291.989837,68,14193.236548
1263.635748,53,14194.091097
1266.041639,71,14195.173691
1238.841671,66,14196.269286
1171.679055,41,14196.855864
1245.57309,56,14200.656044
1231.05331,57,14201.5776
1161.048286,56,14233.457909
1189.973628,52,14234.286384
1332.622247,80,14235.499552
1243.445256,65,14236.477444
1289.330314,59,14237.312444
1286.661224,71,14238.453643
1242.034106,56,14239.275643
1283.815345,66,14240.301269
1283.458032,63,14241.269901
1250.650592,54,14242.12245
95.831223,47,14242.859999
1312.183047,78,14244.077566
1225.011779,55,14244.884123
1147.924253,39,14245.399945
1144.590578,40,14246.002483
1312.296739,72,14247.09603
1212.676897,52,14247.88858
1283.773219,70,14248.918213
122.993476,52,14249.71283
1247.366231,54,14250.577478
219.897087,61,14251.441024
1259.137458,69,14252.466586
1296.236765,66,14253.529196
1259.317889,59,14254.343193
163.508481,72,14255.382785
1339.175753,76,14256.521968
1180.746469,39,14257.122969
1302.024196,62,14258.099594
1248.356464,54,14258.94421
1268.809692,66,14259.933469
1275.872779,59,14260.843577
1214.976399,55,14261.683224
1192.861886,48,14265.347376
1242.432758,66,14266.34403
1272.962218,69,14267.442285
193.190258,79,14268.571868
1235.259936,57,14269.478432
1189.504586,45,14270.151434
1290.486456,63,14271.059037
1208.850922,58,14271.94359
1188.232014,56,14272.788214
160.328358,68,14273.762793
1223.839295,73,14274.854429
1193.101826,55,14275.694057
1141.230741,49,14276.424604
1315.173566,62,14277.374602
1309.544232,65,14278.364146
1195.185275,67,14279.455309
179.782655,60,14280.409414
1178.228757,46,14281.096925
1233.62615,58,14313.142178
1195.053415,67,14314.187712
1228.526881,59,14315.08835
1208.719109,56,14315.936911
1178.962674,44,14316.621015
1143.139116,36,14317.190013
1280.193278,62,14318.13459
1179.506912,40,14318.790249
1259.396871,60,14319.689801
1277.635813,60,14320.636369
1275.451018,64,14321.50894
1253.190536,68,14322.525561
1320.351796,72,14323.58418
1281.41996,63,14324.554732
1274.563794,71,14325.620308
80.102542,46,14326.259274
1300.717511,80,14330.521386
1180.749893,47,14331.149385
1184.511596,48,14331.88297
1204.852278,55,14332.730582
1194.557804,57,14333.587125
1230.864151,51,14334.335125
1221.414934,51,14335.12186
1345.376508,78,14336.32828
1239.275383,54,14337.127835
1218.771292,62,14338.060442
1219.111058,49,14338.891056
1298.709693,68,14339.875707
1243.603265,60,14340.83431
1308.560573,69,14341.840905
1289.441912,61,14342.749454
1269.457681,57,14343.635021
1305.038593,62,14344.584624
1126.48259,35,14345.069624
1195.137696,53,14345.851949
1279.835369,63,14346.856589
1230.518623,51,14347.665145
1196.415127,43,14348.274146
1223.060344,48,14349.002681
1231.431062,56,14349.890308
1177.181218,41,14350.516875
1181.677781,66,14351.500516
1125.384201,41,14352.159517
1144.135367,37,14352.729074
1265.155853,70,14353.763292
1312.501129,78,14354.978821
1246.04996,69,14356.003375
1223.013578,57,14356.851008
1195.588062,39,14357.434557
1228.462982,55,14358.267557
1268.117243,66,14359.325189
1228.989201,58,14360.228344
1258.802726,74,14361.338925
1300.125543,72,14396.515797
1268.822942,60,14397.456463
1217.566531,50,14398.213466
1272.111711,66,14399.154059
1226.190582,53,14399.948666
1237.80443,54,14400.738277
1244.264341,70,14401.821888
1191.404098,56,14402.673454
1170.942449,42,14403.344454
1182.227217,44,14403.993077
1198.978602,62,14404.925638
1242.693037,55,14405.823269
1232.820359,59,14406.723821
1270.248814,59,14407.564404
1180.744316,55,14408.462037
1229.013779,49,14409.196037
1272.35262,57,14409.981598
1256.168168,70,14411.002224
1333.083966,67,14411.972818
1224.432736,56,14412.787403
1201.49872,54,14413.635941
1229.612012,53,14414.44749
1207.476344,48,14415.09949
1279.447455,74,14416.265051
1205.676548,49,14416.920608
1284.139319,61,14417.852197
1289.212589,64,14418.762841
1177.641105,47,14419.395841
1247.473823,67,14420.423088
1249.473524,60,14421.318088
1314.937283,77,14422.420244
1256.052108,64,14423.423799
1240.548579,52,14424.140394
1208.995008,50,14424.870017
1245.235926,53,14425.703375
1294.219817,67,14429.685559
1279.510473,56,14430.539867
1211.770448,48,14431.268867
1230.083028,50,14431.999496
1175.376084,52,14432.85008
1228.356632,50,14433.643634
1162.20256,39,14434.235634
1212.078522,66,14435.196199
1208.506087,58,14436.178766
1240.451004,59,14437.00632
1248.63772,61,14437.889923
1189.624193,53,14438.672472
1314.380357,66,14439.644037
1216.125219,48,14440.362037
1247.976878,80,14441.597236
1191.65451,43,14442.217236
1223.462912,61,14443.188405
1203.100271,56,14473.411401
199.837639,63,14474.336403
1291.289446,61,14475.290399
1227.851302,52,14476.039032
1261.7012,65,14476.978595
1190.685399,67,14478.072166
1274.704905,70,14479.096726
1275.359,57,14479.982268
1236.399273,53,14480.796878
1267.375795,56,14481.643469
1261.905449,60,14482.532019
1317.814253,73,14483.617646
1287.62332,70,14484.661197
1298.478989,61,14485.620805
154.471295,52,14486.453364
1319.003279,66,14487.481483
1195.717723,62,14488.406483
178.474932,64,14489.339125
1150.555584,41,14492.86132
1225.107148,55,14493.708868
1301.578628,68,14494.677484
1319.044354,71,14495.741955
1213.686077,48,14496.475575
1202.406615,50,14497.300575
1248.255681,57,14498.184131
90.379561,47,14498.874687
178.736974,64,14499.773314
1292.512999,61,14500.689126
1186.838219,49,14501.511772
1242.390629,61,14502.434443
1240.751681,58,14503.336443
1211.06768,51,14504.169084
1266.372586,71,14505.291731
1276.765063,59,14506.200848
1230.606601,67,14507.19041
1156.999508,49,14507.886965
1306.507291,68,14508.929593
1284.659806,65,14509.885144
172.630698,58,14510.763762
1238.05588,62,14511.701378
1234.120826,61,14512.676925
1186.832689,44,14513.276855
1241.740189,57,14514.155416
1279.679342,68,14515.245981
1235.65455,63,14516.222615
222.565008,80,14517.393239
1191.83501,46,14518.070843
208.347461,64,14519.076469
1336.687664,73,14520.089018
1248.384143,67,14521.137238
1207.059078,48,14550.962235
1218.807767,67,14551.99842
1262.153413,67,14556.003595
1207.675537,54,14556.823147
1285.333302,64,14557.806702
1215.02457,50,14558.608303
1322.874655,66,14559.625866
1194.153752,49,14560.409251
1255.424143,59,14561.320879
175.555383,54,14562.184433
225.753389,68,14563.184006
1239.148269,56,14564.030653
1254.580952,55,14564.868272
1284.089349,70,14565.883907
121.690256,57,14566.728933
1124.152917,40,14567.356933
1229.224813,48,14568.135552
1157.051511,39,14568.703187
1217.234869,52,14569.440808
1274.735461,63,14570.367807
1318.114755,68,14571.373362
1321.44937,77,14572.454464
1211.185634,56,14573.310465
1225.827409,61,14574.287067
1218.735223,50,14575.10265
1215.585628,51,14575.840186
1229.536828,54,14576.646576
1221.401092,68,14577.690211
1147.301157,48,14578.40121
1279.143785,61,14579.333842
1249.188634,67,14580.381403
1217.734642,51,14581.083956
1205.21417,57,14581.900518
217.494019,66,14582.883082
1200.772567,50,14583.641629
181.575096,54,14584.440194
1182.703346,42,14584.993194
1209.51847,46,14585.728806
1293.933791,63,14589.594031
1251.162382,57,14590.493608
1263.539896,83,14591.797234
1265.138055,56,14592.585862
1258.491799,58,14593.529405
1177.69714,42,14594.188404
1206.762604,46,14594.847969
1259.792209,75,14595.947542
1145.455481,38,14596.55217
1285.123309,66,14597.536721
1303.263778,73,14598.691352
1268.66727,65,14599.638909
1229.534878,72,14600.728534
1291.274039,75,14629.123646
197.45537,69,14630.149789
1174.795475,49,14630.913338
1330.605555,69,14631.973967
1232.73706,61,14632.922619
1220.471304,54,14633.756233
1175.243704,46,14634.520551
1176.632025,45,14635.223551
1306.257631,66,14636.132163
1166.191872,52,14636.922715
1269.015926,62,14637.882296
1185.571505,47,14638.607401
1239.945535,68,14639.630961
1195.919221,48,14640.405539
1245.518662,74,14641.509117
1227.893661,57,14642.399115
1286.903851,66,14643.371659
1302.705982,61,14644.288272
1222.099032,50,14645.057828
1206.359613,64,14646.001439
1295.562721,69,14646.997572
1225.539527,52,14647.805212
1266.502189,66,14651.742646
1270.581068,73,14652.85029
1304.0605,71,14653.849844
1300.033573,73,14654.930458
1236.874646,59,14655.804011
1202.237373,52,14656.584566
1249.958451,56,14657.472139
1259.533682,76,14658.631749
89.53342,39,14659.273748
121.346987,47,14660.008378
192.691936,56,14660.935941
131.410381,51,14661.672544
121.785757,44,14662.335542
102.899702,45,14663.000183
183.197526,58,14663.870748
-33.380456,54,14664.741303
141.993565,64,14665.774955
34.460146,32,14666.180956
167.492241,61,14667.132499
112.205058,59,14668.03712
129.968788,50,14668.793839
67.242675,39,14669.415395
160.003654,54,14670.208395
87.122832,45,14670.911943
202.803074,67,14671.942558
209.588784,62,14672.905899
93.278363,49,14673.705521
249.929886,72,14674.794074
179.189501,64,14675.813632
89.561079,38,14676.351631
138.768045,58,14677.264366
37.481846,33,14706.410898
86.18568,45,14707.125896
144.030519,57,14708.031451
138.041219,61,14709.006028
148.479757,49,14709.756606
152.444461,53,14710.601166
182.23807,63,14714.478645
107.529019,58,14715.397645
153.128507,53,14716.201262
100.919705,44,14716.969388
151.616276,49,14717.719925
107.579482,47,14718.422477
45.738763,33,14718.93848
132.317687,50,14719.766902
81.824501,35,14720.360904
107.425304,48,14721.031456
245.153513,77,14722.147001
170.872221,55,14722.987644
154.229811,53,14723.800353
186.113443,63,14724.808906
225.177705,76,14725.993516
130.833471,66,14727.064073
229.331178,63,14728.057625
217.919517,64,14729.052258
52.187226,35,14729.54367
170.676534,66,14730.585283
98.939418,44,14731.290282
82.521418,36,14731.922925
101.079924,38,14732.458924
181.54095,65,14733.450484
201.513915,58,14734.411033
168.329407,63,14735.387033
196.916682,60,14736.303625
111.993287,44,14737.07015
104.822112,48,14737.747702
88.71085,41,14738.406702
94.336703,44,14739.05686
185.877993,66,14740.05541
98.792568,72,14741.206971
187.920282,65,14742.224035
163.191024,60,14743.169459
128.608212,51,14743.966017
65.867668,35,14744.562594
132.112797,51,14745.361592
78.406731,48,14749.030035
67.862836,40,14749.709621
126.06681,57,14750.524233
174.18851,61,14751.473839
86.209998,42,14752.084839
170.038648,65,14753.084399
233.945492,71,14754.139943
153.717954,54,14755.009588
208.153128,64,14756.019187
145.281134,49,14756.848738
119.620358,45,14757.524291
145.546018,52,14758.32629
213.500167,60,14790.213773
120.320719,48,14790.926409
153.528228,56,14791.795963
171.033726,63,14792.732522
150.020099,63,14793.651403
172.591432,63,14794.55797
195.559416,57,14795.421521
163.953268,66,14796.501144
-0.65235,73,14797.541084
122.429155,46,14798.260084
133.375234,48,14798.928655
72.90872,39,14799.512207
191.861044,62,14800.486749
158.886755,57,14801.339749
206.558051,61,14802.292344
130.600951,74,14803.363902
94.227683,44,14804.017468
185.641913,57,14804.917024
102.088112,43,14805.561576
114.133648,58,14806.489598
193.306047,65,14807.421851
171.625152,60,14808.391851
151.926675,64,14809.377478
176.452894,61,14810.292114
110.712447,59,14814.193395
200.996786,63,14815.17702
87.938789,39,14815.740645
58.592521,36,14816.302642
131.731296,60,14817.288295
128.705157,49,14818.059912
159.470415,65,14819.071467
158.934294,53,14819.896096
147.435724,54,14820.774846
176.441405,57,14821.706394
208.979369,68,14822.708948
194.481467,63,14823.644554
108.804298,49,14824.375554
100.141314,47,14825.153747
70.54463,39,14825.78936
181.187467,56,14826.605011
170.039597,74,14827.739579
183.779489,61,14828.669219
156.340318,69,14829.751839
146.984728,60,14830.705477
113.816548,46,14831.437123
98.291437,43,14832.112123
153.270911,70,14833.170686
72.887734,43,14833.852304
245.535523,65,14834.88186
169.104577,58,14835.883476
105.10053,44,14836.560108
116.62299,49,14837.28311
78.029876,38,14837.939701
176.270729,62,14838.88274
185.626257,54,14870.70918
160.695793,61,14871.604734
174.003043,53,14872.378732
123.118012,48,14873.079383
196.737427,60,14874.040046
193.524223,65,14875.047605
119.785821,45,14875.714151
202.535009,70,14879.682887
172.037987,72,14880.725424
124.621294,58,14881.651049
135.538364,53,14882.417379
101.971978,41,14882.985379
134.285027,50,14883.795991
169.523619,53,14884.616554
184.090541,62,14885.608111
112.240843,53,14886.361112
110.429699,48,14887.12667
102.800013,41,14887.766309
143.378364,59,14888.662316
150.728258,56,14889.479866
152.077297,51,14890.227868
100.626425,45,14890.899516
179.029584,58,14891.808136
103.177129,42,14892.410687
109.0686,42,14893.078686
60.477774,41,14893.754351
207.09451,64,14894.753914
42.181322,32,14895.271915
132.084241,68,14896.374579
153.225692,57,14897.260215
96.553414,47,14898.01577
39.355642,29,14898.405399
119.45421,52,14899.221401
150.794149,52,14900.05902
121.051786,47,14900.829558
78.73474,39,14901.379559
162.60019,56,14902.286174
150.408571,69,14903.333716
179.301783,69,14904.457825
131.363191,49,14905.190826
189.244891,61,14906.151467
146.994651,50,14906.907025
154.805204,70,14908.050643
180.663894,54,14908.897264
163.52774,62,14909.921875
86.666286,38,14910.506546
204.176788,68,14914.571976
134.41059,49,14915.323975
135.114372,49,14916.112608
169.093756,70,14917.197212
91.474018,41,14917.893769
211.794728,63,14918.928388
238.776041,69,14919.944934
40.466988,30,14920.465504
149.914215,59,14921.389503
117.556579,43,14922.043128
138.91547,48,14953.947809
81.741149,44,14954.614362
162.088917,51,14955.396363
189.482682,57,14956.272924
213.486765,65,14957.317556
182.862636,61,14958.328182
182.937779,56,14959.208807
173.163182,56,14960.0724
168.534766,74,14961.177029
138.466474,53,14962.028689
47.611565,32,14962.536324
151.084801,58,14963.415992
62.547429,38,14963.966991
161.942396,55,14964.88021
167.822032,59,14965.738852
191.437014,56,14966.565389
189.182156,69,14967.635007
81.099881,47,14968.366005
114.622769,45,14969.005555
142.788464,70,14970.101113
145.970057,51,14970.859665
142.568701,53,14971.689294
63.137876,35,14972.208295
118.014648,47,14972.888871
124.154215,46,14973.572476
149.135527,52,14974.374474
68.866257,41,14975.037031
146.711496,60,14975.937585
96.498914,58,14976.775158
167.622152,64,14980.708579
155.104299,51,14981.475127
114.201733,45,14982.204126
92.634063,48,14982.927909
167.468341,69,14984.030474
94.667763,40,14984.650029
55.795265,34,14985.175029
195.504269,58,14986.000941
182.697314,57,14986.851579
237.959663,66,14987.836134
87.819793,49,14988.65169
218.427168,64,14989.63345
184.82973,59,14990.534062
182.134964,59,14991.358063
195.085948,64,14992.378609
103.019673,46,14993.009212
210.174536,65,14994.019767
173.673016,59,14994.911321
200.17026,62,14995.866948
254.085161,73,14997.008458
167.866663,53,14997.843009
37.268271,32,14998.35301
206.593463,70,14999.36964
163.650534,51,15000.183187
110.338993,52,15000.986816
61.125163,36,15001.564453
214.426706,61,15002.41445
85.562087,40,15034.06121
130.093234,47,15034.773846
101.227054,43,15035.427658
146.87851,46,15036.081656
126.240834,58,15036.982215
165.006189,54,15037.826846
156.067597,53,15038.696483
184.467199,55,15039.536018
92.82872,43,15040.15502
174.193022,60,15041.028579
189.229172,62,15041.954198
173.771902,52,15045.690959
227.733312,66,15046.737586
175.492386,54,15047.484154
223.317601,62,15048.484742
179.1657,66,15049.486308
198.286805,60,15050.452862
109.649112,51,15051.258862
179.536274,55,15052.098432
117.200049,52,15052.963976
185.49794,57,15053.853585
221.927005,61,15054.768894
149.994544,50,15055.532496
176.898147,62,15056.424054
72.401449,38,15057.076056
189.066309,56,15057.939604
189.657268,60,15058.874444
113.806128,47,15059.613996
176.486594,63,15060.592624
228.211511,65,15061.570189
231.454843,67,15062.587807
238.701216,66,15063.582376
45.718104,34,15064.112375
251.638295,69,15065.125935
90.72997,49,15065.87448
146.479737,51,15066.666039
139.585045,76,15067.799746
170.408669,54,15068.627301
175.827858,67,15069.668841
143.696792,50,15070.446804
148.38111,60,15071.405811
215.078526,67,15072.41498
104.852147,44,15073.097979
147.437919,54,15073.913649
128.501619,47,15074.702203
99.469047,41,15075.261204
112.975563,47,15075.91984
49.854107,34,15076.509395
136.113406,50,15080.280088
63.132354,39,15080.907659
112.80453,43,15081.550238
189.232673,62,15082.539816
228.935493,62,15083.532496
201.332846,62,15084.491741
173.315983,56,15085.35268
200.363836,57,15116.772768
78.191876,39,15117.310767
98.661297,55,15118.197636
199.972518,58,15119.123227
217.945104,68,15120.14109
151.706167,52,15120.909342
58.361065,38,15121.518973
186.727702,65,15122.512661
170.974549,54,15123.400657
66.268775,41,15124.022315
142.022804,49,15124.782581
141.274128,50,15125.516118
142.241752,50,15126.300117
115.696046,47,15127.02973
207.116774,67,15128.058372
1137.337136,37,15128.673904
1150.660501,57,15129.477071
1181.201347,43,15130.148071
1252.470319,58,15131.023691
1202.374804,52,15131.846243
1196.577377,59,15132.772866
1266.72657,65,15133.830425
1238.266397,53,15134.641981
1212.708377,53,15135.472564
1238.748109,59,15136.368563
1191.31966,47,15137.124206
1236.371266,60,15138.043961
1190.591154,57,15138.871521
1239.45819,50,15139.597086
1292.252239,69,15140.60963
1213.089416,57,15141.488165
1212.663988,51,15145.268804
1250.6408,64,15146.269429
140.107787,62,15147.186018
1261.496436,61,15148.136586
1174.930814,58,15149.067159
1119.22694,35,15149.582759
1154.106323,46,15150.278761
1224.197179,75,15151.429875
1295.211027,62,15152.408432
1261.673184,80,15153.622987
1267.873612,58,15154.50864
1219.000038,51,15155.31764
1310.37359,69,15156.377213
1162.100511,41,15157.051771
1244.212943,56,15157.902336
1295.659254,61,15158.804174
1272.943354,63,15159.769731
1171.106276,51,15160.584354
1231.175063,59,15161.463923
1207.798216,50,15162.216922
1198.452945,46,15162.934235
1326.74266,64,15163.910794
1294.82731,67,15164.891356
1136.518572,37,15196.767469
1181.060318,44,15197.431025
1212.629289,72,15198.586636
1265.32591,59,15199.452194
1266.293213,62,15200.478817
1334.436745,73,15201.603479
1304.237216,78,15202.844109
1311.121383,70,15203.933654
1208.070367,62,15204.925194
1245.229175,76,15206.011741
1307.782745,64,15206.964298
1314.733743,71,15210.96951
1287.468571,59,15211.91831
1233.863592,63,15212.846898
1213.116957,48,15213.680547
1247.815175,71,15214.752089
1178.778899,48,15215.476685
1162.071919,44,15216.164685
1255.859014,66,15217.139323
1202.40746,50,15217.86988
1236.325097,53,15218.646311
1212.059871,70,15219.67486
1163.600787,38,15220.201859
1171.339195,38,15220.7475
1272.607749,70,15221.809094
1239.847507,55,15222.626652
1231.685879,56,15223.45322
1270.039809,61,15224.38322
109.139313,75,15225.545408
1254.276236,55,15226.423602
1112.601395,38,15226.960602
1291.896625,64,15227.928249
1256.864785,55,15228.783636
1223.938217,51,15229.580189
1185.162746,44,15230.274189
1241.333128,67,15231.288823
1225.986949,52,15232.123379
1185.382452,43,15232.808739
1336.924504,73,15233.875365
1270.4981,58,15234.61195
182.053605,80,15235.849543
1230.172485,52,15236.631129
1234.077473,52,15237.400131
1172.031873,46,15238.058676
1173.907501,44,15238.711227
1269.287318,59,15239.572782
1244.010915,61,15240.458386
214.056715,75,15244.57976
1276.07937,64,15245.533743
1263.339934,62,15246.473387
1140.580753,47,15247.107385
1278.876786,59,15276.049111
1295.259142,67,15277.045665
1240.413764,55,15277.95571
1203.756937,47,15278.565274
1221.720865,53,15279.37267
1229.583351,54,15280.219222
1270.917705,63,15281.255838
1295.723282,74,15282.266391
1252.858359,74,15283.393044
175.417414,59,15284.254601
1258.450369,62,15285.145152
1321.480032,71,15286.261707
1261.160738,59,15287.093287
1205.750425,52,15287.891843
1248.721812,68,15288.85744
1214.988489,53,15289.703766
1202.985264,45,15290.448378
1336.880104,68,15291.508929
1291.817067,63,15292.444484
1170.570405,46,15293.187483
154.15131,56,15294.008054
1270.424135,62,15295.002606
1275.548895,59,15295.911163
1327.957849,70,15297.006746
1249.753061,57,15297.89536
1211.741373,49,15298.641996
1188.941162,66,15299.587114
1257.035669,59,15300.474721
1137.216645,44,15301.18572
-2.62359,42,15301.830266
1175.27222,43,15302.470833
114.117298,44,15303.127833
1253.579843,56,15306.868056
1270.962703,63,15307.813675
1196.074122,49,15308.473306
1240.835311,54,15309.319306
1224.67909,51,15310.053912
1246.536166,54,15310.863556
1296.263857,64,15311.821097
1264.621712,61,15312.788694
1231.143133,52,15313.569283
1256.309001,62,15314.434859
1231.520416,52,15315.234858
1167.409918,41,15315.857274
231.584958,82,15317.041836
1250.700161,58,15317.917399
1322.712499,78,15319.119958
1268.814166,71,15320.216498
1205.935995,58,15321.064086
1162.57124,41,15321.738621
1223.239487,65,15322.756023
1245.518404,55,15323.595515
1312.867842,67,15353.817672
1271.241605,60,15354.730358
1271.852794,63,15355.62957
1234.745356,59,15356.501753
1255.289896,63,15357.371753
1305.49951,68,15358.407541
1192.609266,48,15359.10455
1294.554047,70,15360.10583
251.901615,77,15361.268493
1209.70649,46,15362.018716
167.324447,63,15362.940316
1218.328636,43,15363.652872
1235.023798,60,15364.581502
1230.878553,54,15365.384504
1299.808471,61,15366.326344
106.703329,47,15369.934938
1211.970751,48,15370.671617
1282.892191,79,15371.830261
170.208335,56,15372.717484
1289.969178,62,15373.668622
123.09214,54,15374.499245
1280.84985,61,15375.394246
249.168243,70,15376.502976
1195.783517,44,15377.158976
1281.609742,63,15378.053593
57.07524,77,15379.231215
1249.017319,59,15380.067762
247.091679,72,15381.140325
1267.750008,69,15382.104875
1249.281725,58,15383.019435
208.13512,62,15383.961
1198.563805,46,15384.683634
1310.57907,69,15385.763234
1184.985008,45,15386.446774
1259.215001,56,15387.253776
1260.981931,62,15388.233473
1214.656855,51,15388.961026
1286.151515,73,15389.965578
1306.186116,64,15390.966867
1257.709904,83,15392.185198
1252.009362,68,15393.168818
1273.457071,59,15394.092455
1276.636742,62,15394.953647
1289.656692,58,15395.881259
1295.733875,69,15396.905842
1219.396129,52,15397.69305
1290.743317,61,15398.590921
1288.129624,60,15399.42356
1158.438863,45,15403.020193
1283.608976,73,15433.26911
1186.469096,44,15433.888671
1330.511878,69,15435.022875
1192.948051,48,15435.743432
1216.590574,51,15436.474973
1321.397387,75,15437.629585
194.311739,66,15438.54938
1216.290658,52,15439.330379
1271.615765,64,15440.277945
1343.655501,71,15441.265568
1304.496206,77,15442.3707
1292.187727,62,15443.370464
1245.669809,55,15444.107035
1229.51615,53,15444.867759
1269.394971,58,15445.692372
1328.47949,66,15446.744915
1248.546487,54,15447.529477
1222.628065,50,15448.216477
1297.252512,67,15449.211111
1272.469061,62,15450.109668
128.009224,56,15450.936046
1175.414849,52,15451.710629
1326.729084,68,15452.754143
1270.763955,62,15453.624762
1304.810913,77,15454.784312
1196.92527,49,15455.477312
1248.739167,51,15456.19127
1302.338079,64,15457.201823
214.063209,73,15458.253447
1188.112646,51,15459.037018
1273.873571,58,15459.901047
140.753313,57,15460.725661
1311.726878,64,15461.640304
1190.42439,53,15465.373864
198.291706,61,15466.264494
1132.059473,56,15467.128002
1277.957991,70,15468.181548
1266.683051,68,15469.198792
1345.30886,74,15470.295993
1303.02819,63,15471.165973
1215.362133,53,15472.071592
1333.062224,70,15473.062265
1157.970117,44,15473.66882
1264.658032,58,15474.502422
1302.89846,65,15475.441154
1260.163767,58,15476.227155
1299.189433,72,15477.361787
1303.532472,67,15478.323345
1205.05804,51,15479.012901
1188.672151,44,15479.70426
1236.286177,52,15508.727808
1168.266384,44,15509.362852
1230.697149,51,15510.08449
1168.418431,63,15511.043987
1220.299144,50,15511.731586
1218.107927,51,15512.481179
1241.574403,54,15513.27318
1262.100908,60,15514.159418
1205.132441,52,15514.930013
1210.967749,49,15515.603631
1305.221069,76,15516.789215
1244.185042,57,15517.606217
1271.063179,79,15518.763902
1313.064772,71,15519.835525
1290.847714,59,15520.727116
1260.963137,65,15521.723628
1201.179972,47,15522.387628
1291.206144,63,15523.30624
1216.626203,52,15527.011427
1255.565186,54,15527.828043
1273.424999,67,15528.796596
1144.270584,40,15529.389596
1158.265173,40,15529.952522
1233.684963,55,15530.830719
1361.673002,78,15531.975286
1141.097562,38,15532.600899
1230.452624,51,15533.369899
1231.553527,78,15534.5401
1154.935969,43,15535.209141
1322.614698,76,15536.344386
1309.511544,71,15537.368876
1053.347459,60,15538.272433
1261.640566,63,15539.272318
1217.44242,75,15540.425132
1268.59693,80,15541.551733
1266.848028,66,15542.588355
1194.199029,47,15543.287357
1335.325309,67,15544.292981
1226.655793,58,15545.152138
1225.162574,56,15546.032709
1278.328814,67,15546.989264
1286.688917,60,15547.896839
1129.931407,35,15548.413741
1248.707105,58,15549.275687
1141.41963,39,15549.889315
1239.294867,54,15550.679862
1216.219916,46,15551.347898
1187.203512,47,15552.017416
1288.363429,62,15552.967663
1183.795056,45,15553.592271
1275.514266,62,15554.519892
1249.931647,55,15555.274898
1194.934384,55,15584.786923
1294.021207,66,15588.719094
192.8846,69,15589.781649
1162.705893,39,15590.357624
1294.406371,63,15591.336201
1194.394969,57,15592.226799
1196.935513,46,15592.913361
1208.759767,50,15593.660667
1314.001208,70,15594.682315
1236.720113,53,15595.414835
1256.555968,62,15596.341469
1228.497381,65,15597.322006
1256.652042,57,15598.159697
1312.938301,75,15599.278275
1209.474772,59,15600.202133
1297.796386,72,15601.345748
1236.273937,49,15602.099578
1260.901532,59,15602.993256
1307.398462,68,15603.923761
1215.11468,47,15604.630313
1238.348782,55,15605.517859
1218.525856,50,15606.201858
1182.821304,45,15606.808573
1282.311322,67,15607.87613
1217.268171,62,15608.883353
1291.265389,64,15609.844076
1350.790396,75,15611.024712
1285.231804,65,15611.959375
1207.03598,49,15612.721866
1214.806806,57,15613.570469
1200.092812,45,15614.296468
1256.390069,62,15615.273074
1305.459714,62,15616.229838
1284.879814,61,15617.155386
163.373248,58,15618.071942
1290.978821,65,15619.059576
1170.103426,42,15622.706428
1252.032925,65,15623.690058
1221.816624,76,15624.838559
1321.592682,71,15625.914113
1183.150532,46,15626.56468
1297.137311,60,15627.488398
1229.691847,66,15628.503646
1134.177006,37,15629.098648
1297.796564,67,15630.093194
1273.471769,64,15631.141772
1307.707658,67,15632.077996
1244.685866,62,15633.012546
1145.583313,37,15633.567094
1187.566584,48,15634.325257
15.675062,39,15634.913811
1281.164656,64,15635.839364
1203.675738,53,15665.59375
1264.92834,56,15666.44631
1259.245236,58,15667.35631
1268.743412,55,15668.137619
1276.113775,60,15669.121513
1283.827559,63,15670.017068
1301.036233,68,15671.048693
1319.021426,65,15672.101123
1247.29508,69,15673.112766
1286.914177,58,15673.994307
1214.841891,49,15674.832307
1192.353731,43,15675.448851
1309.22729,65,15676.436405
1234.291755,56,15677.280407
1258.326289,56,15678.092044
1218.409318,57,15678.926248
1312.604573,64,15679.888873
1302.011816,63,15680.837071
200.428864,73,15681.983608
1213.103189,50,15685.701873
1246.744017,63,15686.647817
1279.032628,69,15687.683432
1222.295784,52,15688.488991
1300.977629,63,15689.447541
1311.786673,65,15690.413903
1323.111232,77,15691.585486
96.350977,44,15692.282484
1322.974141,68,15693.317056
1289.708867,60,15694.15468
207.12347,77,15695.318319
1278.549645,61,15696.166881
209.81917,66,15697.154491
145.805911,58,15698.061107
111.216842,51,15698.756747
1189.595237,46,15699.491296
1247.176853,55,15700.233296
248.905295,71,15701.304923
1236.735072,68,15702.359536
1344.597083,68,15703.423756
1318.584881,71,15704.487314
1268.739401,63,15705.479778
1234.528876,52,15706.304778
129.715563,54,15707.143415
1243.356517,63,15708.005958
1285.030331,60,15708.946516
174.8074,59,15709.807095
1257.183741,56,15710.652713
1310.608608,75,15711.766262
1296.354237,71,15712.881895
1257.38576,69,15743.442735
1301.256325,69,15744.551288
187.689865,59,15745.423861
1227.859429,59,15749.250526
-1.052545,36,15749.817078
1188.148045,42,15750.458693
1241.620787,53,15751.225694
1277.310612,80,15752.431892
1247.352994,55,15753.28089
1316.786325,70,15754.324451
1272.541841,61,15755.257055
1187.602723,46,15755.964604
1229.294135,57,15756.820148
1219.071903,54,15757.610785
1283.633048,67,15758.599468
1247.972104,62,15759.570017
1171.238277,45,15760.290017
1188.76255,45,15760.973622
1135.631347,38,15761.541183
1225.373138,60,15762.420749
1256.831889,71,15763.462364
1177.684242,45,15764.196365
1145.219366,40,15764.81794
1244.063378,57,15765.667577
1266.088054,61,15766.593124
1188.700625,47,15767.298124
1288.977398,67,15768.286796
1217.192245,52,15769.06739
1186.169682,56,15769.925244
1127.941503,38,15770.552882
1317.485274,75,15771.648432
1220.623651,49,15772.357435
1257.425244,67,15773.321079
1313.676596,63,15774.302708
1234.612433,54,15775.057105
1107.21982,33,15775.575662
1278.826898,58,15776.488266
1157.469956,38,15777.059266
1217.118117,53,15777.902814
1267.328464,65,15778.896481
1315.503937,68,15779.931049
1306.772792,73,15783.923216
1209.65912,58,15784.831831
1283.74427,78,15785.904374
1323.689479,65,15786.908926
1232.691727,49,15787.741613
1204.315963,48,15788.482182
1236.77886,54,15789.344183
1266.721286,57,15790.163728
1240.543834,53,15790.91905
1323.51714,68,15791.920687
1234.474515,59,15792.80026
1158.39278,40,15793.450809
1301.118292,63,15825.55028
1243.240837,59,15826.41088
1197.169946,49,15827.122879
1178.867661,51,15827.903496
1191.000205,47,15828.588053
1203.220212,46,15829.258053
1291.18315,70,15830.230636
1180.692317,43,15830.853215
1321.21115,69,15831.903832
1228.341828,50,15832.646448
1235.563361,57,15833.548019
1252.747008,65,15834.54762
1256.385856,59,15835.447169
1238.118656,59,15836.410721
1129.175306,57,15837.220722
1297.012756,64,15838.181819
1262.54734,57,15839.067455
1284.439195,69,15840.164007
1242.287921,58,15841.025864
1265.346363,64,15841.960497
1208.764766,49,15842.768123
1298.132136,65,15843.705658
1221.030155,65,15844.718154
1287.20093,74,15848.812356
1247.27023,57,15849.611921
1321.442634,69,15850.666569
1247.063621,80,15851.792204
1110.339849,37,15852.437848
1238.674438,54,15853.317848
1244.935172,56,15854.131439
1238.07014,62,15855.032994
224.002598,65,15855.971607
1314.755543,67,15857.002242
1246.712655,56,15857.770782
1150.935156,40,15858.423413
1214.120674,52,15859.176414
1281.382293,60,15860.112071
1267.416856,60,15861.00564
1214.267405,56,15861.858195
1294.30015,66,15862.919802
1203.818687,48,15863.567376
1185.859824,46,15864.299038
1206.045817,70,15865.399599
197.615514,61,15866.310226
1254.955044,60,15867.246885
1325.734304,76,15868.374525
1257.492559,75,15869.522726
1157.497122,38,15870.059726
1276.249416,61,15871.060303
1123.481039,36,15871.562908
1235.81329,51,15872.266908
1248.340823,57,15873.12153
1231.420497,65,15906.158994
1195.20957,47,15906.783624
1196.681351,86,15908.141246
1299.922133,69,15909.147799
1196.795503,47,15909.874356
1273.55079,60,15913.749773
1204.626189,50,15914.530384
1349.844669,75,15915.651967
1286.062616,60,15916.639581
1185.495497,40,15917.223581
1291.715216,66,15918.145136
1281.110098,69,15919.162771
1306.082272,67,15920.174353
1223.944722,48,15920.857987
1210.899545,52,15921.65062
1282.284421,68,15922.666171
1265.321972,60,15923.595718
1274.11155,71,15924.694293
1295.390403,60,15925.564908
1218.03046,51,15926.259908
1299.007635,65,15927.25536
1215.124366,50,15928.005897
1301.142669,66,15929.01646
1284.632389,64,15929.936096
1281.152303,65,15930.938316
1294.786387,63,15931.852872
1293.858949,71,15933.031494
1226.845682,52,15933.718946
1140.358412,41,15934.428538
1182.670258,46,15935.142536
1214.269039,50,15935.931091
161.986488,59,15936.804644
1197.575645,40,15937.395642
1247.808672,62,15938.34518
1277.192738,65,15939.260731
1325.434526,70,15940.336365
161.897463,67,15941.306933
137.754669,51,15941.999549
58.745996,39,15942.6301
133.76517,59,15943.489652
97.65402,41,15944.132651
109.102893,49,15947.834621
240.426643,73,15948.861247
150.576604,51,15949.66081
164.6443,58,15950.507446
192.140401,64,15951.487069
112.271173,51,15952.235061
220.065664,63,15953.230614
226.776527,72,15954.24818
126.163056,47,15954.987733
97.317441,44,15955.663347
177.301222,54,15988.36576
180.150043,55,15989.141302
162.98315,53,15989.886901
229.882822,62,15990.887665
118.940715,43,15991.566289
212.576486,62,15992.496838
86.496894,45,15993.243838
145.876403,50,15994.019475
227.339588,60,15994.923083
190.858019,62,15995.913715
231.33548,65,15996.930255
209.211411,73,15998.040024
196.568955,54,15998.833575
163.257814,58,15999.752186
213.88632,62,16000.640743
79.875883,42,16001.345503
95.86261,47,16002.006055
216.934797,70,16003.090699
61.54845,35,16003.695457
174.818153,54,16004.492092
123.741922,52,16005.31709
197.347442,59,16006.28371
125.297711,46,16006.987279
128.257454,49,16007.725817
147.676098,59,16008.6914
239.018365,65,16009.641934
259.256227,69,16013.532351
96.528271,43,16014.214349
204.892705,57,16015.084991
106.112581,54,16015.918541
191.147604,55,16016.8061
58.557246,37,16017.3681
89.275403,42,16018.055659
113.286405,45,16018.772264
116.112659,46,16019.418895
95.960381,44,16020.109893
204.801347,62,16021.066517
242.779834,67,16022.121063
195.155459,59,16023.026463
96.242702,43,16023.718014
101.360307,47,16024.472649
189.833984,62,16025.420237
97.412269,41,16026.072239
189.970725,58,16026.934849
195.256149,59,16027.850411
138.521959,64,16028.863969
200.442765,60,16029.849862
109.702761,42,16030.469412
122.102644,50,16031.222412
186.036381,60,16032.16405
185.863449,70,16033.199609
110.565051,42,16033.873265
206.669412,73,16034.950901
84.034318,45,16035.655536
51.09415,34,16036.200536
232.615937,67,16037.212166
160.386879,72,16070.108779
192.032328,64,16071.110344
105.32762,60,16072.056961
238.471332,70,16073.120587
122.274285,48,16073.853207
139.548252,49,16074.583771
166.424395,56,16075.432395
129.93514,52,16076.300396
175.904319,58,16080.127676
230.042267,67,16081.203233
116.536584,50,16081.996891
156.563095,57,16082.834858
141.989922,51,16083.720478
179.93354,55,16084.53503
90.330142,47,16085.251029
123.812953,52,16085.980587
211.789549,65,16087.008104
194.313743,62,16087.903736
76.695003,39,16088.538306
157.065481,56,16089.372305
211.687818,63,16090.333866
116.277134,53,16091.141425
127.371415,47,16091.805223
143.937359,51,16092.537846
210.041357,58,16093.428401
211.209367,64,16094.370401
256.306723,71,16095.466605
177.393426,57,16096.317606
134.079448,49,16096.996161
152.135383,60,16097.931694
140.698223,55,16098.77324
177.230135,58,16099.667007
223.615602,63,16100.652649
226.057147,63,16101.595884
188.782118,58,16102.498442
94.954096,43,16103.12644
185.366839,55,16103.940979
124.972363,51,16104.747533
130.065098,54,16105.593159
183.865924,59,16106.453804
169.943623,61,16107.415435
226.168863,65,16108.390436
136.191327,62,16109.389137
163.237435,57,16110.255609
139.92449,49,16111.005166
36.359477,37,16114.506448
95.980674,54,16115.360447
185.124942,70,16116.374085
134.345511,48,16117.078732
205.598763,65,16118.064291
214.047205,65,16119.107301
79.11656,39,16119.691911
197.578485,61,16120.614558
127.018255,52,16150.472518
194.010517,68,16151.506108
202.24982,67,16152.564649
218.013642,64,16153.581286
176.446828,62,16154.514921
213.258864,76,16155.597548
196.657414,74,16156.625357
80.661539,36,16157.172357
108.461145,44,16157.858898
102.425628,44,16158.542502
150.595021,53,16159.289502
103.087249,44,16159.943057
142.767644,55,16160.803732
146.284842,51,16161.565276
198.294997,79,16162.805897
124.913808,42,16163.414538
176.292268,61,16164.310543
141.757754,52,16165.122168
94.192935,39,16165.736706
238.942733,68,16166.725336
194.121482,66,16167.757897
159.252854,58,16168.567456
216.136952,71,16169.670618
93.485982,43,16170.343617
126.469677,45,16171.064171
172.262568,71,16172.070975
153.661427,51,16172.792574
191.009074,60,16173.675173
137.93329,50,16177.437856
176.801145,67,16178.429404
168.562703,61,16179.347097
161.725619,54,16180.170657
60.181493,35,16180.765297
252.63042,69,16181.801919
47.229314,35,16182.301916
183.517424,62,16183.274452
207.412928,62,16184.217988
80.412002,42,16184.833614
229.761615,65,16185.82218
66.363221,35,16186.351224
181.54949,63,16187.313727
116.967224,44,16188.011325
180.956554,62,16188.897382
183.705186,66,16189.91695
228.317068,65,16190.935263
75.089008,53,16191.741871
223.090514,66,16192.807421
148.521593,57,16193.69804
138.613823,51,16194.417589
220.852729,63,16195.36559
138.413046,49,16196.086235
161.30528,57,16196.920838
230.569967,77,16198.087464
195.665109,59,16227.567598
188.113754,58,16228.482225
131.769938,62,16229.475435
175.609434,60,16230.369436
251.379958,70,16231.379017
181.866703,55,16232.241209
180.247595,69,16233.244808
244.048244,77,16234.336422
141.445814,54,16235.154957
163.2901,48,16235.892514
110.33096,50,16239.508724
145.841406,61,16240.472324
148.160276,57,16241.293325
195.702355,56,16242.137874
96.580581,40,16242.78643
205.481894,61,16243.719967
149.174508,48,16244.434515
110.216697,48,16245.086516
101.958936,48,16245.818053
196.74043,63,16246.799602
118.277379,49,16247.505158
142.594646,54,16248.390158
194.687011,56,16249.202749
168.640534,63,16250.152306
186.119265,58,16251.017846
144.824535,46,16251.719469
203.048891,59,16252.616006
228.289385,71,16253.731566
105.193719,45,16254.371566
184.037229,69,16255.470674
207.583279,63,16256.423261
160.212615,54,16257.244262
152.190074,49,16257.975808
148.116559,56,16258.850128
122.323351,52,16259.642756
186.964875,55,16260.481438
191.814207,57,16261.347439
230.366398,64,16262.285011
180.745809,55,16263.043809
207.081314,64,16263.987403
115.913009,47,16264.714951
260.673785,69,16265.710756
192.077645,69,16266.729332
18.861487,81,16267.885929
262.694194,74,16268.993515
214.940842,64,16270.006171
93.594027,50,16273.725093
252.580172,77,16274.948645
77.4257,58,16275.881269
192.028684,60,16276.836825
77.440505,38,16277.459956
154.949188,55,16306.587601
174.043788,65,16307.589158
188.233686,55,16308.386159
210.435618,70,16309.450473
81.311859,41,16310.075473
147.681506,73,16311.221002
157.878888,54,16312.049639
145.294611,51,16312.767232
132.732145,46,16313.478803
184.525676,56,16314.367802
199.688525,73,16315.465996
71.066821,39,16316.090998
120.722412,49,16316.866545
166.929081,72,16317.940101
211.87415,72,16318.99269
194.413873,58,16319.885314
214.328921,67,16320.920956
250.07944,70,16322.000604
129.465003,47,16322.726376
234.773067,73,16323.827016
172.590394,61,16324.740625
118.239937,46,16325.517237
173.682698,54,16326.303193
-103.308516,65,16327.35482
227.33506,73,16328.464944
60.315768,43,16329.168161
74.071319,36,16329.724708
112.71887,45,16330.465266
228.707806,74,16331.574888
185.007908,57,16332.524684
134.968071,60,16336.324333
264.167009,72,16337.472629
193.859256,61,16338.37263
91.250614,40,16339.029249
137.26527,46,16339.810802
134.11414,59,16340.651388
144.8471,51,16341.429603
227.584913,66,16342.468228
140.402393,65,16343.465789
206.341696,69,16344.494343
172.202083,66,16345.454908
33.737315,46,16346.200908
145.196781,58,16347.094468
228.87353,62,16348.074076
92.506213,44,16348.743708
140.101174,46,16349.430321
189.193599,60,16350.391363
107.230049,52,16351.157867
79.505433,45,16351.779622
230.649244,71,16352.825264
65.743285,40,16353.464811
116.858636,43,16354.099621
141.281402,52,16354.890178
104.375085,53,16384.15015
210.012313,61,16385.098786
185.389363,65,16386.02042
145.852486,50,16386.780795
196.34801,57,16387.673368
271.680396,72,16388.750926
145.230752,53,16389.600544
67.056801,36,16390.178414
210.023151,78,16391.368968
145.230028,54,16392.140584
174.906021,51,16392.906126
243.284434,71,16393.966751
156.08782,55,16394.78132
202.991057,61,16395.672877
81.630613,46,16399.273516
167.478317,54,16400.163667
144.401138,50,16400.954273
172.437246,54,16401.692891
133.174251,45,16402.332894
168.313756,55,16403.087453
151.691389,73,16404.228038
115.94997,45,16404.938689
143.192295,51,16405.691553
147.840356,51,16406.449115
159.529696,57,16407.358114
148.2618,49,16408.166768
125.758676,50,16408.927386
179.00997,57,16409.807953
184.416062,53,16410.633572
113.946394,47,16411.26057
203.943083,63,16412.245181
140.590933,53,16413.06773
175.793991,53,16413.845769
137.52825,50,16414.580405
212.51331,71,16415.67296
197.351848,65,16416.661519
245.752561,71,16417.758072
1265.451094,58,16418.634698
1201.469449,66,16419.611321
1267.558735,56,16420.446857
1235.995194,63,16421.375857
1284.100764,73,16422.424052
1209.90876,49,16423.16905
1282.600041,58,16424.089587
1214.202264,58,16424.964225
1237.658234,58,16425.860863
1144.17617,40,16426.435421
1283.492612,64,16427.403423
1254.245935,59,16428.279056
1251.468913,61,16429.230699
1278.405372,57,16433.003111
1223.572186,56,16433.839734
39.135829,41,16434.464313
1207.1459,56,16464.787721
1271.732165,60,16465.62934
1343.121755,70,16466.623937
1290.485349,65,16467.571548
1309.561315,70,16468.608828
189.933131,83,16469.795482
1231.176461,61,16470.675107
1215.246222,54,16471.528651
1255.347778,51,16472.232653
1302.291565,68,16473.25642
1303.929481,72,16474.224052
241.183916,69,16475.146549
1243.152008,54,16475.878174
1216.614933,60,16476.807747
1233.827549,53,16477.572309
1289.446522,71,16478.624876
1230.811049,49,16479.325877
1317.101103,71,16480.3385
1259.377552,65,16481.272053
1302.506468,67,16482.298613
1237.917782,59,16483.217231
107.36874,67,16484.248115
1225.511329,50,16484.952659
1327.767343,64,16485.924339
1255.599811,66,16486.880915
1286.112506,60,16487.7695
1254.726872,66,16488.754136
1304.271814,61,16489.666781
1187.085613,48,16490.38778
1272.605516,58,16491.149329
1207.136722,58,16494.99702
1203.234235,54,16495.776569
1289.264388,69,16496.823127
1255.690584,58,16497.672748
1246.163781,54,16498.480303
1273.365348,57,16499.387303
1280.253629,67,16500.378865
1246.800413,60,16501.233415
1234.609925,63,16502.263034
1269.189729,54,16503.020572
1221.435638,58,16503.846123
1317.350266,66,16504.876096
1242.297467,52,16505.639708
1268.327014,62,16506.570271
1230.633564,53,16507.35027
1202.435884,51,16508.055826
1173.546494,45,16508.758473
1239.112718,62,16509.731015
1275.800038,62,16510.699094
1222.39001,51,16511.46571
1305.594205,78,16543.54631
1182.481224,54,16544.280261
1226.793147,54,16545.053807
1282.083084,64,16546.003551
1167.609951,44,16546.711097
1287.641438,63,16547.658425
1276.065292,55,16548.402426
1280.518295,59,16549.230047
1267.494003,61,16550.164595
1172.077951,69,16551.203761
1279.684287,65,16552.173746
1260.134975,58,16553.050324
1153.70262,46,16553.756874
1294.444608,65,16554.749527
1282.607778,75,16555.842876
1192.383842,47,16559.478882
1297.017817,60,16560.399883
1336.142921,68,16561.408977
1203.201165,49,16562.209978
1233.979556,60,16563.129527
245.89459,78,16564.297076
54.577458,45,16564.997624
1250.03512,58,16565.894228
1217.470871,52,16566.636829
226.112152,72,16567.717452
1343.105741,74,16568.752099
1320.237409,65,16569.714646
1309.613,64,16570.665192
1155.501172,51,16571.448731
1171.231607,43,16572.049731
1260.881632,55,16572.893847
63.72636,58,16573.73842
1282.169714,74,16574.87197
1311.873499,66,16575.726545
1117.796609,56,16576.588163
1327.675461,68,16577.583721
178.862191,70,16578.627251
1163.17328,51,16579.348252
1286.187454,74,16580.409875
1239.144826,56,16581.262459
1235.985675,57,16582.107011
1333.8905,66,16583.129556
1162.676636,38,16583.610411
1233.099603,49,16584.386411
1268.701105,60,16585.251954
1113.047337,89,16586.531118
1335.212791,68,16587.572687
1220.677759,58,16588.40169
1160.763018,48,16589.148247
214.116621,71,16622.933659
1238.439931,59,16623.786039
1209.70983,44,16624.41359
1175.438374,44,16625.137589
150.480707,65,16626.062205
1209.208373,54,16626.875763
1187.975231,48,16627.610343
1309.313233,70,16628.664546
78.902885,55,16629.496085
1210.42819,49,16630.300228
1180.73,41,16630.935778
1148.718521,35,16631.465344
1333.534997,66,16632.466903
192.077186,60,16633.370903
1176.520119,46,16634.115478
161.190529,73,16635.248058
1275.653542,59,16636.113654
1248.294029,53,16636.923215
1176.931363,46,16637.661815
113.397918,53,16638.404816
1314.913649,67,16639.388396
1122.181468,36,16639.887011
1309.979015,65,16640.90289
1240.849003,55,16641.72945
1168.626157,42,16642.37745
1203.317076,49,16643.095989
32.455773,45,16643.795563
42.104324,39,16644.391561
83.552226,82,16645.605766
1283.901093,60,16646.552389
1230.85083,55,16647.369389
1309.137538,74,16648.485651
154.144418,76,16649.589208
1225.100939,58,16650.488776
1271.984765,65,16651.481319
1242.424692,54,16652.324319
1270.860632,67,16656.311519
1235.755793,53,16657.169157
1252.620897,54,16658.002707
59.185684,54,16658.820268
250.962205,82,16660.003342
145.33626,54,16660.785996
1310.354903,62,16661.8156
1158.2856,41,16662.423152
1306.278891,62,16663.349151
1177.659802,54,16664.17271
1323.38137,62,16665.123304
1241.407881,57,16665.906978
1260.124465,57,16666.738613
1311.119536,73,16667.797211
1199.177997,49,16668.591763
1202.842016,42,16669.228762
1289.770799,63,16670.151374
1323.257651,71,16701.2178
1254.550826,57,16702.048439
1306.457735,64,16703.078086
1265.371585,59,16703.961088
1234.088332,46,16704.745721
1242.112116,52,16705.529279
1311.467802,70,16706.594827
1341.951547,67,16707.577462
1332.113049,68,16708.677093
1162.722652,55,16709.492694
1253.20834,67,16710.532523
206.751436,70,16711.614079
200.834494,63,16712.562716
1193.571477,51,16713.324715
1164.229412,47,16714.065258
152.297505,73,16715.191807
1143.034856,44,16715.800441
1201.2194,56,16716.632008
1298.796342,66,16720.577334
1218.295786,52,16721.363333
1276.443768,65,16722.325974
1248.023425,63,16723.23361
1214.769347,52,16724.020165
1282.810471,56,16724.886775
1223.850211,74,16726.009407
1213.05374,43,16726.626035
1311.515406,62,16727.570596
1197.985431,49,16728.313594
96.681852,63,16729.230216
1279.860769,62,16730.154784
1232.05061,57,16731.038406
1169.158247,79,16732.168021
123.504962,54,16733.032574
112.003194,52,16733.922146
1240.769227,50,16734.694713
1335.589551,78,16735.930274
197.294643,72,16737.179861
1215.134571,50,16737.944432
1182.966025,47,16738.612989
1203.142082,60,16739.538555
1193.959867,75,16740.727106
1206.115468,57,16741.650743
1181.75969,56,16742.517315
82.128688,45,16743.233315
1173.881587,40,16743.863898
1296.016595,69,16744.919488
1200.642884,47,16745.719053
214.05386,70,16746.810715
1296.101255,61,16747.753318
147.077951,54,16748.587878
1197.562906,56,16749.450437
238.112506,75,16781.754921
1248.366682,62,16782.883365
1269.842899,69,16787.016366
1217.877964,45,16787.733251
193.139483,65,16788.69694
1249.502116,60,16789.597496
1182.414791,46,16790.539688
1189.233509,46,16791.205688
1267.297869,60,16792.32189
1225.259563,66,16793.744906
1210.52369,45,16794.60112
1214.163125,49,16795.791021
1147.729205,41,16796.36602
148.347108,64,16797.429178
1186.961175,75,16798.794027
133.71368,70,16799.967689
1174.391534,51,16800.71331
214.98188,84,16802.00493
1254.0788,61,16802.896495
1202.137482,47,16803.639452
1185.57672,45,16804.30845
216.669026,70,16805.361012
1217.527303,66,16806.344606
1258.757343,58,16807.213603
1173.113706,52,16807.955783
1276.864527,60,16808.843345
52.165781,57,16809.646885
1328.650261,66,16810.643437
1250.309566,70,16811.683043
1276.516841,60,16812.56202
142.919954,66,16813.526622
1215.106604,47,16814.286622
167.181057,61,16815.146248
1287.879619,68,16816.181254
231.260514,66,16817.168806
174.370872,62,16818.095433
1284.642312,62,16821.981724
1178.839246,44,16822.650381
1301.946799,68,16823.617986
162.844865,71,16824.613606
1182.157557,47,16825.358604
1243.751243,57,16826.204165
1270.076931,62,16827.128718
143.345825,56,16827.958277
37.066299,83,16829.151829
1204.127454,48,16829.88243
1256.20809,60,16830.794995
1117.236469,41,16831.376995
95.760476,54,16832.209618
203.766582,71,16833.202179
1192.553739,43,16833.833812
59.961288,38,16863.124642
1266.582208,62,16864.019384
1247.375664,59,16864.858008
1198.011409,46,16865.550238
1231.266531,52,16866.315239
216.579598,72,16867.333803
1311.482795,68,16868.292362
1289.017445,60,16869.18498
217.013669,66,16870.154451
1274.254052,57,16870.995055
1160.320641,36,16871.510617
112.291228,59,16872.355279
1240.684029,57,16873.172888
1234.757589,53,16873.940436
1156.761744,35,16874.42
1296.8393,62,16875.290002
1167.717746,40,16875.909611
103.072624,54,16876.710245
1240.820567,61,16877.584784
1201.822762,54,16878.352521
1243.944853,55,16879.132145
202.292488,67,16880.114691
1303.612616,64,16883.918186
1270.601889,60,16884.814052
1192.527001,51,16885.542603
1190.027383,49,16886.257604
1194.774759,47,16886.971244
1287.805008,63,16887.904804
1233.377024,50,16888.660442
1206.387115,45,16889.34812
1217.984691,68,16890.328659
1142.855777,37,16890.908213
1166.181697,43,16891.493836
1271.410372,73,16892.638404
1259.322301,58,16893.508951
1130.867502,37,16894.024954
1277.720753,63,16894.979537
1282.446655,65,16895.914104
1329.521754,63,16896.844839
1277.459714,62,16897.737397
1165.800797,43,16898.382398
1344.807181,67,16899.34705
1285.082812,65,16900.318602
1230.151764,53,16901.054159
1296.590637,67,16901.961708
1165.634473,47,16902.664269
1236.453896,63,16903.619823
1232.883918,64,16904.603365
1136.161184,40,16905.238365
1278.264376,55,16906.08093
1276.62969,67,16907.054469
1190.858753,46,16907.751107
1271.630886,63,16908.738674
1296.641261,77,16937.562598
1220.156845,53,16938.359596
1213.683013,44,16939.014193
1218.049249,53,16939.800741
1171.584283,46,16940.43009
1227.708866,53,16941.230731
1339.983938,68,16945.187985
1319.451267,71,16946.223543
1310.633053,67,16947.168108
1136.216034,62,16948.108742
1211.795718,55,16948.872316
1346.464353,69,16949.857875
1260.662165,68,16950.940494
1243.566497,55,16951.712107
1209.226624,54,16952.457755
1243.707557,57,16953.301755
1210.60415,45,16953.935306
1319.506741,80,16955.120862
1204.605212,51,16955.839409
1276.179818,75,16956.918018
1146.422901,44,16957.574631
1228.92897,57,16958.314631
1193.798848,49,16959.058189
1293.230503,60,16959.973745
1219.812202,56,16960.812293
1236.645278,51,16961.512846
1269.920016,67,16962.488407
1146.943232,35,16963.008406
1213.028848,54,16963.761477
1176.843512,45,16964.446066
183.927573,75,16965.490631
1191.116028,47,16966.275054
1150.906062,45,16966.974664
211.697484,66,16967.906239
1286.619228,62,16968.840796
1290.503745,69,16969.895436
1178.963093,43,16970.523014
1192.071697,44,16971.159012
1138.011208,40,16971.685591
1278.310901,72,16972.707242
1239.979289,56,16973.513798
1328.632946,67,16977.446025
1247.56808,63,16978.410584
1187.951402,50,16979.149583
1238.930766,67,16980.173133
1292.462523,64,16981.088681
1137.715558,38,16981.700298
1242.816208,52,16982.44893
1174.536348,47,16983.055931
1241.35728,51,16983.797478
1320.066274,71,16984.819094
1207.973808,64,16985.715639
1339.899136,78,16986.878209
1205.986109,51,17014.781549
1285.805519,57,17015.653117
1231.177137,60,17016.46176
1180.165947,46,17017.125722
1330.677515,68,17018.078273
1184.310528,47,17018.797826
1150.259524,43,17019.435435
1249.17069,64,17020.367436
1299.566357,64,17021.324989
1172.441634,43,17022.023618
1216.810537,62,17022.941316
1199.942249,47,17023.646892
1256.283972,58,17024.461457
242.27381,69,17025.463011
1213.648429,63,17026.383011
1323.486588,68,17027.348581
1118.468613,36,17027.891118
1310.880503,64,17028.778673
1278.401994,64,17029.683714
1149.617821,39,17030.300714
1260.947766,61,17031.155475
1204.167184,62,17032.083179
1267.930518,59,17032.863739
1243.628323,65,17033.822287
44.865427,41,17037.311425
1124.077473,36,17037.799056
1225.941425,51,17038.569668
1179.24054,61,17039.471229
1205.053362,47,17040.180229
1316.846231,72,17041.262797
1206.63334,55,17042.079356
1248.529,54,17042.831915
1194.151106,41,17043.408475
1265.235466,53,17044.232296
1187.337437,61,17045.112873
1222.050019,53,17045.819444
1241.048731,52,17046.635027
1308.007707,68,17047.60767
1242.37708,60,17048.48523
1259.985665,58,17049.387656
1217.633859,50,17050.086293
1296.353036,60,17050.956937
1228.523976,61,17051.79951
1221.845117,66,17052.764097
1248.429422,55,17053.54173
1341.027522,77,17054.728287
161.752687,62,17055.635927
1252.986011,55,17056.441551
222.149681,67,17057.417126
1262.339667,53,17058.212124
1293.321143,66,17059.15974
1286.547333,64,17060.104293
1182.120024,46,17060.655882
1236.193429,50,17090.040568
1293.338321,66,17091.036168
1295.569898,64,17092.040719
1327.206659,64,17092.915363
1161.858755,47,17093.595911
1276.422082,57,17094.477467
1299.556165,60,17095.364465
1125.814093,39,17098.932204
1154.969943,53,17099.699772
148.208002,72,17100.705369
1336.485581,78,17101.805923
2.232165,92,17103.144589
1231.253771,59,17104.027296
1180.547091,43,17104.735922
131.19537,53,17105.502479
1273.044244,62,17106.459746
1289.65177,61,17107.314749
179.773021,80,17108.397355
1273.281892,61,17109.331897
1246.866217,65,17110.259461
1249.366703,53,17111.061101
1198.59831,45,17111.750659
1224.288183,53,17112.621544
1335.98727,68,17113.636181
1146.747206,36,17114.131903
1289.651036,63,17115.081473
1226.262549,56,17115.927029
1225.708965,65,17116.850577
1313.410309,74,17117.858121
1259.069234,60,17118.747684
1287.519109,62,17119.645233
154.297392,69,17120.62177
1265.492813,69,17121.644309
1188.268134,48,17122.389308
1323.566553,67,17123.311856
154.255868,85,17124.598
1196.8876,52,17125.370999
1241.058699,55,17126.166558
1225.749391,63,17127.121187
1181.586732,37,17127.68375
1195.034114,46,17128.39575
1275.350637,68,17132.348993
1317.622693,63,17133.347627
1202.41305,48,17134.120178
1205.551405,46,17134.785741
1337.275075,73,17135.829379
216.22035,67,17136.794994
1262.255071,73,17137.944694
1148.700012,43,17138.561314
1281.611202,62,17139.470867
1252.403868,54,17168.026493
1144.06612,38,17168.629138
182.050691,73,17169.674415
1298.309963,68,17170.604976
1183.049874,46,17171.347976
1157.317989,41,17172.00956
1266.616479,63,17172.944633
1223.590916,61,17173.800188
1295.121433,59,17174.731432
1218.851371,48,17175.403433
1204.855442,53,17176.151356
241.903437,73,17177.212004
1288.652782,67,17178.156222
1241.441061,75,17179.308846
1265.144122,64,17180.199403
62.468367,41,17180.748006
1304.603367,72,17181.84355
1187.388971,46,17182.480355
1227.099888,61,17183.389355
1275.700962,73,17184.451936
1233.3774,59,17185.325933
1326.481946,75,17186.447133
100.747828,49,17187.137132
1246.743694,57,17187.944778
1176.699112,47,17188.664466
27.156293,40,17189.249468
1223.049724,47,17192.843683
1280.65781,62,17193.716244
1264.552833,67,17194.747135
1209.243818,50,17195.499685
1207.479109,56,17196.312686
1193.355626,51,17197.080239
1180.28964,43,17197.737791
1302.847166,78,17198.952347
1264.141717,70,17199.961902
1258.603362,58,17200.870448
1248.976197,66,17201.816008
1297.375789,64,17202.749639
1300.633958,61,17203.72958
1150.508679,41,17204.250581
1258.431839,74,17205.364131
1265.537038,60,17206.283859
1160.240777,45,17206.991396
1138.639701,39,17207.515951
1172.586313,44,17208.10995
1271.639401,60,17209.035496
1310.3327,60,17209.924124
1254.956781,66,17210.913671
1291.893419,62,17211.879205
1252.852681,59,17212.827807
1165.297583,55,17213.622367
1264.286206,58,17214.525319
1281.14822,66,17246.978224
1221.520825,52,17247.727784
1243.016587,52,17248.503336
46.949565,57,17249.309336
1221.070972,59,17250.207892
1241.029159,62,17251.091432
1229.79076,51,17251.833969
1293.825879,65,17252.820554
1301.200022,63,17253.816101
1262.508473,79,17257.884374
1124.961927,40,17258.562008
1186.856379,76,17259.691554
1279.108367,81,17260.884103
1222.296591,51,17261.710737
1190.535744,47,17262.481393
1269.67008,69,17263.518963
1314.644096,72,17264.507598
1276.958378,58,17265.415692
1217.811579,57,17266.223693
1272.076587,64,17267.171253
1179.942351,43,17267.747912
1219.262907,53,17268.594457
1174.342696,41,17269.232456
1299.574792,70,17270.245045
1297.187939,63,17271.219647
1172.119788,49,17271.958196
1274.500434,75,17273.037368
1293.128764,75,17274.181009
1272.989176,53,17274.954567
1218.582937,59,17275.866148
1267.567634,57,17276.707686
1272.518223,58,17277.59731
1246.351086,58,17278.418404
1228.836259,51,17279.186402
1261.086085,60,17280.05594
1292.690612,67,17281.025573
1177.169547,45,17281.776188
1299.134944,66,17282.761817
1263.335769,59,17283.625386
10.377024,37,17284.131387
1245.799162,57,17284.981937
1149.364658,59,17285.9012
1272.632344,64,17286.905745
1303.224126,60,17287.776298
1208.388256,53,17291.499146
1226.79087,56,17292.346005
1210.163784,52,17293.157551
1177.283767,60,17293.980131
1268.869598,57,17294.860727
1307.946027,69,17295.73329
1235.623014,50,17296.472834
1259.539207,54,17327.949478
1302.606582,63,17328.834634
1212.731242,59,17329.713255
1179.159482,43,17330.295255
1304.524973,66,17331.282301
196.85405,75,17332.387854
1271.144067,75,17333.460108
1322.84076,70,17334.527676
1114.513922,44,17335.158677
1192.608323,52,17335.916312
1260.641127,61,17336.874859
1294.97462,60,17337.704414
1244.539336,83,17338.921045
1302.118179,67,17339.933621
1264.109383,63,17340.777176
1219.085969,57,17341.650738
1224.924583,54,17342.407191
1194.911563,57,17343.25019
1294.350532,64,17344.133742
1312.499962,75,17345.25986
1197.535591,55,17346.073421
1268.638794,73,17347.055063
1248.192442,66,17347.997619
1242.49724,51,17348.675253
1339.822919,68,17349.656824
1236.188394,53,17350.424378
1319.231994,63,17354.26401
1195.973438,45,17354.956571
1230.509317,55,17355.731126
213.912415,74,17356.702756
1311.684385,70,17357.703397
1146.875486,41,17358.303396
1238.943726,60,17359.162957
1132.512615,35,17359.693522
1184.918013,51,17360.396385
1203.104781,55,17361.191018
1265.663751,58,17362.07258
1143.883449,53,17362.836124
1316.697497,64,17363.747692
1210.597432,48,17364.38069
1217.798832,59,17365.18626
1183.089726,49,17365.87681
1340.321216,73,17366.836473
1245.119123,56,17367.650027
1250.453983,63,17368.55658
136.716682,58,17369.395581
1252.461116,60,17370.26413
1237.872538,61,17371.129677
1233.242884,63,17372.07229
1292.900485,75,17373.073831
1244.754367,48,17403.147404
1208.191451,45,17403.769013
1241.046038,57,17404.606616
1336.02196,74,17405.694172
1248.156633,57,17406.556799
1286.945257,68,17407.484361
66.074046,52,17408.310361
1311.82547,69,17409.283909
1182.105602,51,17410.04954
1294.584535,71,17411.05319
1333.199698,73,17412.136041
1272.950468,63,17416.040224
1190.020833,48,17416.753778
1164.091792,42,17417.365779
1202.972107,54,17418.151082
1145.806647,48,17418.893707
1258.045681,61,17419.824265
1284.685895,66,17420.781914
1159.679213,39,17421.379914
1245.917683,57,17422.258476
1272.455363,56,17423.038044
1224.274319,58,17423.8446
1221.029579,53,17424.668228
1270.231646,57,17425.489793
1254.217743,75,17426.613438
1200.259985,48,17427.33344
1174.391349,47,17427.960998
1213.671324,50,17428.756552
1178.924239,45,17429.444168
1218.84739,46,17430.11817
1218.858948,65,17431.066805
1211.783529,56,17431.906359
1190.008987,50,17432.672243
1255.164263,55,17433.481795
1236.001954,65,17434.468354
1275.36979,59,17435.317522
1168.580745,50,17436.018174
1280.713132,62,17436.885408
1266.91497,63,17437.776965
1326.731528,63,17438.68153
1217.609956,54,17439.443165
1220.899813,53,17440.254166
1259.734956,66,17441.227787
1214.894553,56,17442.048345
1168.055202,37,17442.547017
1215.103139,44,17443.117014
1268.549999,68,17444.160652
1210.635763,60,17445.017571
1163.310483,39,17445.599142
1285.835318,74,17449.654773
1195.283777,50,17450.412902
155.930126,67,17451.344903
1237.151164,54,17452.111462
1185.896261,48,17480.051162
1226.741295,78,17481.183878
1218.633679,58,17482.076265
1206.541902,47,17482.741829
1263.747522,69,17483.736388
1285.705545,68,17484.71094
1208.986097,51,17485.492492
76.435889,49,17486.224493
1200.772455,42,17486.854109
1212.70874,65,17487.824747
135.142612,68,17488.800293
1241.581859,59,17489.685842
1238.901373,53,17490.412842
1249.529562,54,17491.198296
1169.767861,57,17492.033959
1327.717944,68,17492.968526
1234.313272,65,17493.900159
1167.173454,53,17494.679721
1293.774867,68,17495.62873
1321.173958,67,17496.587289
179.487238,73,17497.674873
1237.349851,52,17498.387873
1224.36223,61,17499.185611
1262.809222,76,17500.362165
1177.660675,47,17500.96273
1272.196122,61,17501.905283
1277.371859,76,17503.00082
1260.419184,53,17503.764369
1191.884141,46,17504.411919
1253.912037,76,17505.549861
1278.281515,66,17509.428232
1238.399006,56,17510.253231
1234.033432,60,17511.128806
1178.59212,44,17511.768433
1198.59196,53,17512.545987
1287.140038,62,17513.441153
1140.365316,42,17514.068153
1209.0112,60,17514.888729
1290.115372,65,17515.801307
1179.527203,49,17516.544949
1219.214448,52,17517.300948
1176.002656,45,17517.921514
1232.958791,54,17518.749098
1315.04923,62,17519.61473
1292.576744,62,17520.532363
1153.97435,49,17521.177365
1170.342476,46,17521.811981
1156.306353,42,17522.460544
1275.185037,54,17523.247544
1264.595802,54,17524.027107
1313.600571,66,17524.965659
1230.115849,56,17525.798234
1292.704727,67,17555.142155
1207.764565,48,17555.817915
1236.940177,63,17556.746475
1305.664697,65,17557.661041
1272.733768,58,17558.542696
1289.914409,69,17559.497236
172.448297,76,17560.627599
1140.841329,37,17561.090598
1269.914413,62,17561.972159
1271.68712,69,17562.961809
1214.995045,51,17563.666359
1282.038358,73,17564.737919
1308.43783,70,17565.733557
1233.536739,64,17569.567838
1264.449121,60,17570.4164
187.254972,73,17571.450933
1213.39147,66,17572.425561
1318.703258,77,17573.549116
1221.648358,53,17574.323116
1235.652714,53,17575.029679
1287.423954,61,17575.890239
1308.401208,62,17576.773792
1330.885762,71,17577.828345
1216.061449,54,17578.559916
1257.246241,54,17579.234162
1199.520763,54,17579.99178
1204.277213,50,17580.760334
1156.746156,46,17581.449915
1192.888859,61,17582.269915
1315.332253,69,17583.246507
1278.517605,75,17584.327061
1172.561992,49,17584.987606
1255.680455,58,17585.840171
1287.185593,66,17586.744787
1327.279205,67,17587.671347
1268.531841,67,17588.627259
1330.85223,66,17589.612813
1228.749108,56,17590.454432
1255.462645,61,17591.340432
1272.186136,82,17592.554556
1230.281112,50,17593.289557
1150.266911,39,17593.816114
1232.967256,60,17594.695746
1196.188952,46,17595.446313
1194.00776,48,17596.113313
1158.552152,47,17596.849867
1239.172152,52,17597.554483
1174.979721,43,17598.173482
1204.077617,49,17601.821692
187.758069,64,17602.784317
1251.288782,79,17634.889855
1272.072963,66,17635.851402
1273.339542,67,17636.817969
1285.90729,63,17637.787609
1164.365473,35,17638.29561
1304.331863,68,17639.261176
1260.341387,61,17640.180734
1284.542111,74,17641.280307
1245.751041,58,17642.104872
1151.959901,37,17642.675481
1172.646152,45,17643.33748
1239.577759,51,17644.037303
1197.451908,48,17644.757848
1251.912247,53,17645.530403
1172.427404,46,17646.174403
1218.128791,49,17646.867038
1182.7691,43,17647.499579
1236.940683,50,17648.18388
1247.850892,57,17649.082512
1262.119748,56,17649.86907
1177.890906,44,17650.560635
1229.671002,56,17651.401634
1235.958834,50,17652.175268
1310.344266,66,17653.116815
1243.285991,82,17654.378378
1191.487789,51,17655.054992
1224.864665,64,17655.990546
1301.543626,74,17657.022154
1206.430652,50,17657.751755
1213.888782,51,17658.531299
1312.796832,76,17659.680284
1178.650222,72,17660.75787
1287.55612,59,17661.605424
1258.721582,63,17662.59304
1266.323459,63,17666.471458
1282.554448,61,17667.378458
1219.895304,68,17668.409034
1263.121841,66,17669.412227
1271.075458,71,17670.46084
1164.939453,47,17671.15984
131.981537,53,17672.010401
1275.12004,70,17673.058953
1315.352648,73,17674.109526
1249.608237,61,17675.018411
1185.853633,49,17675.807989
1285.836669,69,17676.752613
1260.443743,56,17677.56118
132.02274,57,17678.407728
1275.780093,58,17679.303726
1263.820517,79,17680.419817
1268.51944,68,17681.46309
1216.736902,56,17713.856177
158.864575,58,17714.710435
1260.818485,58,17715.531048
1181.392046,75,17716.664585
1330.796406,68,17717.678158
1257.158376,55,17718.504717
1248.099634,62,17719.423292
1312.135466,75,17720.560359
1205.790889,56,17721.40836
1275.448954,56,17722.217999
1210.040562,46,17722.887605
1238.358552,56,17723.756211
227.920313,69,17724.791873
1279.293816,72,17725.898492
1197.183466,45,17726.606052
1276.382863,65,17727.580603
1235.374932,52,17731.300995
1195.547564,60,17732.148636
1281.058547,65,17733.092052
1183.078086,45,17733.741607
1314.233367,75,17734.871232
1204.619807,47,17735.569784
1230.953492,75,17736.682347
1322.476655,75,17737.792886
1289.13935,58,17738.691505
1175.916557,48,17739.407506
1196.178939,57,17740.223142
175.936448,61,17741.098785
56.059029,51,17741.865422
1267.528989,69,17742.878997
1165.306603,60,17743.75754
1274.643978,62,17744.678103
1275.788653,61,17745.584656
1205.3289,47,17746.345654
1285.954185,60,17747.197211
1299.450518,68,17748.195845
1223.424498,52,17748.988389
1288.802491,64,17749.887023
1334.820376,68,17750.900579
1157.261161,33,17751.373583
1282.483698,65,17752.341125
1232.314069,58,17753.155682
1166.491665,39,17753.688313
1301.69582,80,17754.871854
1273.641234,57,17755.695425
1243.368183,66,17756.616998
70.669174,42,17757.246999
1217.181474,49,17757.923532
197.037068,70,17758.982083
1278.094639,62,17759.940969
1254.543574,62,17792.74468
1217.289874,61,17796.557337
1145.539121,72,17797.596986
1230.451155,58,17798.4296
1266.715203,64,17799.370602
1288.443349,59,17800.184181
1253.246748,63,17801.130746
1112.849419,35,17801.671327
1197.323425,49,17802.331602
1228.44662,57,17803.208156
1336.717985,68,17804.122701
1260.254719,70,17805.239274
1218.881094,53,17805.998836
1312.577273,75,17807.092512
1292.779701,66,17808.090077
1290.367398,69,17809.129385
38.63164,39,17809.692931
1260.000497,68,17810.721083
172.349813,64,17811.613642
1196.445223,55,17812.478264
1198.874202,54,17813.306264
1208.028879,58,17814.217888
1190.680193,46,17814.899513
1265.067524,59,17815.817076
1177.317659,69,17816.799638
1264.440768,61,17817.644687
1170.486513,75,17818.75034
1222.12719,52,17819.5019
1234.452235,55,17820.272897
1169.316219,42,17820.887453
1262.995379,55,17821.739238
1197.715386,46,17822.409786
1272.781762,57,17823.301785
180.102558,71,17824.324415
1163.909654,41,17824.875048
1255.17449,54,17825.69369
1268.079903,69,17829.685669
1285.364678,68,17830.736283
1239.200861,60,17831.644916
1170.027984,42,17832.231916
1198.500539,45,17832.914475
1312.377999,66,17833.878033
1308.083293,65,17834.835579
1196.84488,50,17835.586139
1233.011017,64,17836.473473
1238.741715,68,17837.456074
1234.563649,57,17838.327074
1260.501549,66,17839.297621
1201.156036,46,17839.963167
1251.983159,51,17840.696724
1253.222314,55,17841.496272
1205.72259,47,17842.178272
1240.117259,53,17874.372452
1195.877057,57,17875.153006
1281.417766,69,17876.178158
121.12221,83,17877.470513
1190.462927,47,17878.189513
1306.344636,69,17879.116181
1300.72808,66,17880.12577
1224.834642,54,17880.871413
89.82466,46,17881.517974
1154.841093,51,17882.254971
1186.95917,48,17883.02052
1296.386971,62,17883.904072
175.24218,67,17884.854618
1196.811505,47,17885.599244
166.364644,72,17886.637797
68.290382,40,17887.263797
207.613878,69,17888.273353
1175.092905,42,17888.882965
1274.604118,62,17889.785522
1165.381432,59,17893.645849
1171.620764,44,17894.332849
1221.232509,57,17895.116423
1202.101407,72,17896.138051
1243.937925,54,17896.952584
192.996577,68,17898.014241
1173.965607,41,17898.564808
138.782826,74,17899.654442
1227.508924,52,17900.456999
1284.417799,70,17901.468646
1202.780109,76,17902.615209
1280.146536,86,17903.767835
1249.76356,68,17904.736895
1284.150418,73,17905.749499
1282.364834,68,17906.72115
1210.590661,54,17907.470703
1301.295,65,17908.48626
134.483924,78,17909.489857
129.05248,53,17910.261858
154.110169,67,17911.217419
259.521025,77,17912.391005
92.653802,45,17913.036634
1279.639482,75,17914.149261
1302.950237,71,17915.17889
1194.317979,50,17915.861444
1126.455784,35,17916.351444
1222.305868,51,17917.103018
1252.321332,65,17918.052278
1286.927721,62,17918.981935
113.943135,85,17920.224545
214.789992,82,17949.975115
1291.216793,59,17950.795673
1253.775881,69,17954.740951
1307.001753,72,17955.744147
186.079769,85,17956.985776
1163.591879,42,17957.630412
1217.237612,54,17958.472053
1186.878413,48,17959.120053
1326.842564,69,17960.115089
1167.467009,48,17960.829728
1265.556808,55,17961.574288
1290.760928,67,17962.511825
1257.506663,74,17963.480386
1290.615882,64,17964.416926
1288.577445,66,17965.368934
1278.551842,60,17966.229483
1286.640192,66,17967.128123
1297.871294,67,17968.117685
1323.291539,68,17969.048296
1290.329894,61,17969.973919
1223.635422,69,17970.958462
1275.181908,59,17971.804093
166.567504,68,17972.774712
1294.047479,59,17973.70827
1191.08732,45,17974.381266
1253.517068,56,17975.132813
1181.664615,40,17975.680364
1199.623783,60,17976.579917
1193.367464,47,17977.242917
1335.483685,67,17978.377558
1172.969206,45,17979.020122
1299.072733,62,17979.908725
1245.003224,69,17980.884274
1163.234515,44,17981.540922
1214.35789,47,17982.232923
126.951372,60,17983.119473
1266.466211,56,17983.997046
156.276023,58,17987.845633
1273.278982,71,17988.791215
1295.062767,68,17989.816765
152.492449,56,17990.688427
1192.781945,55,17991.449997
1245.234948,54,17992.18966
1295.738866,64,17993.102222
1193.223632,52,17993.910776
1200.222081,54,17994.678331
1249.943654,75,17995.814876
1158.234494,49,17996.467061
1267.80936,61,17997.4277
1295.050793,62,17998.304697
1229.671538,56,18027.677018
1271.240148,71,18028.72666
144.428782,64,18029.719218
1293.688491,66,18030.614768
1270.816382,62,18031.551402
228.148107,66,18032.439962
50.70329,43,18033.11496
1179.686694,46,18033.851589
1169.499934,42,18034.539144
82.914808,43,18035.200141
1189.328838,46,18035.812712
83.334591,63,18036.769268
1272.408966,57,18037.608918
1133.472922,40,18038.255203
1136.0882,51,18039.007825
1280.44787,60,18039.988417
157.637865,62,18040.911968
219.927413,62,18041.802356
1163.322408,47,18042.463906
1211.191932,54,18043.280906
73.122508,57,18044.10854
1304.130619,72,18045.162102
1239.469117,79,18049.249369
213.006389,65,18050.139924
1173.064214,42,18050.713526
198.701617,72,18051.747105
1317.276375,73,18052.804662
1293.352585,59,18053.623285
1324.876776,69,18054.653787
1214.516334,63,18055.533345
97.469436,54,18056.336347
1187.410073,53,18057.119901
176.920524,60,18058.057055
1237.567862,53,18058.888602
1224.107429,54,18059.632152
1217.940702,55,18060.466696
1190.975631,44,18061.095695
1224.782168,64,18062.019942
1242.161779,55,18062.842484
1302.649813,72,18063.840664
1267.645337,58,18064.740303
1151.350023,40,18065.306303
1219.097076,80,18066.475511
1288.43444,68,18067.495057
1206.929386,55,18068.254575
1242.167663,66,18069.246124
1262.95523,64,18070.106757
1264.496699,70,18071.108305
1221.172434,60,18072.014862
110.76395,67,18072.962488
1179.312592,47,18073.689089
1286.458655,62,18102.121022
1181.993284,55,18102.884593
1307.12491,70,18103.89115
1229.857955,57,18104.709704
1233.846951,77,18105.835267
1205.364864,58,18109.640898
1224.627508,83,18110.884534
1245.380602,56,18111.746177
1289.876123,69,18112.789736
1267.745234,66,18113.669311
1273.220866,66,18114.642852
1291.951915,60,18115.556478
1162.00802,42,18116.146476
1227.610761,56,18117.012059
1277.809504,57,18117.841616
1260.230337,71,18118.817259
1251.343907,57,18119.700816
104.223906,50,18120.419438
1331.783504,71,18121.452979
1211.327921,49,18122.189978
1298.554861,80,18123.349529
1182.024178,52,18124.129086
1173.001951,55,18124.923728
1183.69631,41,18125.435353
1300.994818,71,18126.493961
1123.187344,37,18127.044911
1225.628869,55,18127.880004
1271.154768,71,18128.946598
1283.124674,64,18129.878152
1199.628268,53,18130.695709
1301.979209,78,18131.84227
1242.099236,78,18132.96992
1225.632791,52,18133.775488
1301.368233,69,18134.798051
1252.793347,52,18135.52961
1305.127981,64,18136.51616
1253.969731,63,18137.434742
1195.943927,44,18138.089659
1317.25302,64,18139.121276
1289.520947,78,18143.256486
1287.875682,73,18144.34004
1242.288492,57,18145.155606
1154.70814,37,18145.714163
1203.847225,48,18146.461787
1220.208481,50,18147.20079
1206.78458,53,18147.97942
1295.277763,65,18148.934019
1269.203227,63,18149.813637
1213.122253,49,18150.551258
1289.126539,61,18151.470812
1229.555379,63,18180.547394
1254.288038,58,18181.41894
1198.623252,53,18182.211941
1238.708857,52,18182.960517
1151.070743,39,18183.558061
1215.606544,45,18184.240059
1201.58444,54,18185.104533
1176.329964,46,18185.709099
1258.368292,58,18186.573652
1346.941487,71,18187.567213
1116.870702,36,18188.127373
182.1313,82,18189.249013
1255.164371,67,18190.249631
1250.614408,60,18191.172197
1268.043591,62,18192.064748
1235.626422,58,18192.953506
151.968143,54,18193.768061
1111.835953,37,18194.274062
1198.492112,49,18194.968678
1204.921503,49,18195.717304
1302.337678,68,18196.695863
1283.004724,58,18197.568453
1255.754812,61,18198.440034
1179.37551,43,18199.073034
1224.701965,72,18200.136607
1239.613792,76,18204.157205
1187.522941,50,18204.903836
1280.529208,56,18205.759473
1265.924218,69,18206.738111
1131.329535,37,18207.28711
1254.21147,57,18208.103725
200.785328,82,18209.345346
1244.046308,55,18210.137963
1224.276627,62,18211.052553
1249.877975,60,18211.938163
1328.325168,67,18212.830718
1211.338746,59,18213.717337
1214.838808,49,18214.389334
1265.90966,65,18215.32998
1264.58996,81,18216.549086
1204.815728,56,18217.379084
1147.559816,38,18217.858369
1228.737132,50,18218.669906
1330.339386,70,18219.719464
1199.372526,66,18220.668066
1228.72266,57,18221.532166
1234.154918,67,18222.513553
1154.023574,70,18223.525108
1190.628238,48,18224.208106
1149.113298,41,18224.878742
1221.417364,47,18225.523376
1221.375321,66,18226.496937
1203.236465,52,18258.054656
1236.782486,62,18258.893861
1236.507645,53,18259.625466
1252.525294,59,18260.490564
1312.745267,63,18261.361565
1181.315847,44,18261.959112
1285.136662,76,18263.088722
1131.911936,42,18263.691268
1174.074336,46,18267.301925
1215.748866,56,18268.191457
1175.501006,54,18268.98213
1179.590588,43,18269.589647
1207.705083,49,18270.287102
202.887636,66,18271.281753
1195.868933,51,18271.992397
1225.481796,53,18272.81004
1243.852285,54,18273.554594
1176.364023,46,18274.18435
1110.615945,36,18274.725907
1235.449312,57,18275.564823
1292.576688,64,18276.440443
1274.859503,59,18277.265443
1218.476713,50,18277.97306
1264.137204,64,18278.95161
1164.239932,44,18279.606167
1141.607933,47,18280.228321
1254.245961,65,18281.098866
1284.259804,66,18282.045165
1219.995604,66,18282.99372
1205.709881,53,18283.659276
1217.590845,50,18284.44282
1219.403207,65,18285.39182
1298.61711,60,18286.282441
1221.475024,46,18286.97779
48.609368,37,18287.533418
1310.342304,71,18288.518051
1214.628294,54,18289.298051
1124.740831,43,18289.880595
1151.120896,40,18290.461224
1182.108419,47,18291.121221
1288.461047,59,18292.003887
1194.81694,47,18292.676404
1214.352011,52,18293.44098
1291.021669,68,18294.410981
1336.61336,74,18295.415156
1159.379747,44,18296.037163
1200.083454,55,18299.800543
1260.809905,56,18300.534094
1286.705859,68,18301.466689
1176.168186,52,18302.246143
1243.914697,58,18303.144764
1330.752324,68,18304.159374
1251.332161,54,18304.912998
1281.734885,59,18305.797608
1199.325427,47,18306.569838
1193.449959,54,18336.928191
1152.500593,42,18337.517426
1233.190561,58,18338.360426
1240.475599,74,18339.456659
1304.444177,76,18340.509219
1185.510407,50,18341.301218
1200.499223,59,18342.143811
1274.284014,55,18342.944381
1157.223304,43,18343.594443
1292.954851,66,18344.538992
1280.026396,64,18345.498187
1238.298827,58,18346.387188
1244.744837,66,18347.401749
1190.765383,47,18348.112311
1209.817393,58,18348.942899
1160.540568,39,18349.453473
1248.291929,68,18350.493083
1298.882587,69,18351.502729
1327.347785,74,18352.522281
1245.352809,72,18353.589908
1239.892705,64,18354.561531
1239.179344,60,18355.407531
1302.340796,68,18356.401068
1255.663837,53,18357.189619
1256.081596,76,18358.334162
1277.265119,62,18362.189915
1187.999125,87,18363.428038
64.302762,63,18364.395038
1280.793485,63,18365.334661
1245.003667,76,18366.373221
1313.499542,73,18367.507347
1225.31204,54,18368.344346
1239.760149,54,18369.196946
1182.680256,44,18369.826511
1304.950816,64,18370.711065
1276.998367,57,18371.536709
1330.854168,64,18372.549763
161.048426,77,18373.678313
1277.858586,57,18374.503861
1267.408701,62,18375.464486
1171.717906,40,18376.101486
1334.991584,75,18377.195791
1227.043748,52,18377.957343
1289.513757,60,18378.844963
1204.427584,55,18379.654013
1227.302918,57,18380.490502
1261.139024,61,18381.429052
1174.428385,45,18382.067052
1190.508944,46,18382.787657
1298.643741,68,18413.128605
1247.869543,58,18413.953328
1259.53392,72,18415.037354
1261.666983,55,18415.843358
1356.413488,73,18416.909955
1309.432451,70,18417.8445
1268.750008,62,18418.776062
1254.021124,58,18419.656612
1296.393605,59,18420.437483
1196.890714,46,18421.132486
1273.719072,77,18425.193691
1243.629535,53,18425.979252
1340.439109,70,18427.079818
1219.247414,53,18427.850871
1248.440209,67,18428.845451
1243.94024,53,18429.621053
1266.913713,61,18430.511595
1261.840795,68,18431.455161
1186.552061,49,18432.175159
1257.091769,56,18432.97871
1238.060366,59,18433.825581
1159.469535,53,18434.652133
1173.043498,50,18435.394133
1215.690504,51,18436.083759
1315.747668,69,18437.149323
1222.737061,57,18438.015886
1222.950032,81,18439.195447
1208.601265,52,18440.034077
1318.798853,72,18441.128689
1197.501759,48,18441.795243
1288.765396,67,18442.752787
1339.097109,78,18443.841347
1293.702979,63,18444.788888
1306.599244,62,18445.708446
1175.214969,43,18446.320824
1185.297873,51,18447.054391
1292.20862,60,18447.955941
1170.56386,50,18448.672505
86.011938,63,18449.564138
1158.69011,42,18450.189138
1210.574044,53,18450.900692
1324.939723,70,18451.879244
1196.673132,56,18452.68881
114.950839,58,18453.56441
1212.35228,59,18454.457383
1200.523434,56,18458.210063
1299.795616,59,18459.073533
1321.035798,64,18460.01708
1169.426341,45,18460.691648
1257.318688,57,18461.468205
1231.415422,60,18462.330804
1175.896633,43,18492.22973
1182.425889,47,18492.916345
1196.129142,47,18493.561884
1152.849832,42,18494.186882
1285.966677,63,18495.18443
1338.212051,67,18496.132969
1221.108311,51,18496.91253
1164.661126,38,18497.511172
1278.312064,63,18498.53573
1227.279538,53,18499.323732
1161.480492,38,18499.91439
1253.107545,58,18500.736014
1179.553569,47,18501.465518
1202.981059,49,18502.234517
1321.046075,64,18503.205122
1337.164912,69,18504.216666
1231.089449,55,18505.025314
1203.818952,51,18505.785864
1247.677213,60,18506.769415
1314.430544,61,18507.644053
1301.36467,62,18508.527601
1212.170783,60,18509.477157
1177.445455,42,18510.033157
1289.349171,64,18510.973707
1319.830826,70,18511.956354
1201.719902,55,18512.777941
1124.83159,39,18513.306941
1222.998016,65,18514.2455
1202.551439,50,18514.947152
1192.900531,47,18515.642711
1287.500496,67,18516.636406
1344.485853,76,18520.727587
1305.293705,71,18521.808187
1248.591014,55,18522.671825
1189.204996,46,18523.291826
1202.752368,55,18524.068469
1278.819853,60,18524.983025
1158.976537,46,18525.647608
1201.343896,48,18526.325608
1234.922867,54,18527.128228
1308.654178,65,18528.096823
1310.571772,72,18529.109866
1229.378794,61,18530.011417
1180.000898,46,18530.695297
1316.895406,66,18531.685849
1170.450437,35,18532.192849
1275.801108,66,18533.10146
1255.057675,59,18533.95808
1241.486358,55,18534.762694
231.437905,72,18535.728249
1267.860061,58,18536.58281
1285.862148,63,18537.535443
1287.531725,61,18538.374443
218.542632,69,18567.437594
1220.254554,56,18568.260592
1100.281147,35,18568.800141
1189.072398,45,18569.374171
1251.353988,57,18570.18272
1319.9266,73,18571.282274
1161.016944,41,18571.803915
1256.371288,71,18572.832554
186.75814,56,18573.635078
1200.276349,62,18574.493654
1299.838651,61,18575.376654
1249.453366,52,18576.162311
1307.653228,68,18577.150911
1227.892926,62,18580.978598
1275.144796,71,18581.917232
1303.374289,72,18582.906774
1335.547471,70,18583.86439
1336.293231,72,18584.87102
1343.669067,69,18585.887634
1257.434016,55,18586.624341
1238.218632,63,18587.531954
1319.266214,65,18588.464562
1163.29152,43,18589.112508
1225.310192,58,18589.943055
188.795271,76,18590.947651
1188.716212,46,18591.650229
1276.756691,61,18592.556772
1174.132217,42,18593.188769
1277.88097,62,18594.047329
1182.011215,48,18594.691389
1283.298399,59,18595.51494
1279.516515,71,18596.61152
1219.028632,44,18597.22252
1239.915577,79,18598.357074
1321.516971,67,18599.394687
1289.94424,66,18600.237729
1297.881813,68,18601.165295
1235.089911,56,18601.987926
1155.50516,54,18602.802994
1232.817779,66,18603.696558
1218.778226,45,18604.356558
1273.642913,64,18605.309271
1325.810078,68,18606.309828
1351.203038,76,18607.444028
1325.801749,66,18608.359031
1297.389088,61,18609.168574
1250.581714,58,18612.970444
1301.539217,67,18613.966001
1248.025252,69,18614.944547
1273.659415,61,18644.605238
1321.041503,66,18645.596865
1247.802359,57,18646.432406
1298.926728,63,18647.271407
1334.015645,75,18648.358949
1288.07312,61,18649.234496
1277.634372,64,18650.114983
1232.649664,64,18651.062546
1265.010391,56,18651.832153
1328.461362,76,18652.878707
1292.837264,72,18653.947141
1331.019515,75,18655.070694
134.593478,52,18655.83437
101.770501,44,18656.404371
88.276642,43,18657.076918
203.1924,69,18658.090482
141.873531,75,18659.183113
95.280313,45,18659.820668
83.865674,40,18660.365929
137.050791,54,18661.17149
170.225991,59,18662.005104
110.952073,39,18662.530653
187.384053,61,18663.439268
47.507825,33,18663.930266
155.021776,55,18664.726821
191.823462,55,18665.486372
133.463055,56,18666.310374
187.176305,53,18667.113975
122.496762,49,18667.873569
171.413097,71,18668.905854
169.8452,54,18669.684394
179.234283,63,18670.54602
162.160197,61,18674.438938
169.865543,75,18675.483166
150.624571,63,18676.353166
193.416658,72,18677.384787
194.214886,61,18678.318444
156.181317,59,18679.145125
117.76854,44,18679.808766
183.915392,61,18680.669388
97.096264,62,18681.600952
102.422801,41,18682.149955
119.349365,52,18682.978588
97.28904,41,18683.574229
94.163454,43,18684.17823
185.917863,58,18685.011779
218.376884,63,18685.944332
200.502718,62,18686.837888
110.177903,42,18687.443451
190.741052,69,18688.422008
163.638177,57,18689.239007
178.863477,54,18690.048556
153.858138,70,18718.4292
41.844502,34,18719.009199
94.252801,49,18719.753364
162.394058,53,18720.485004
199.503113,62,18721.357007
102.84957,40,18721.983645
187.586149,64,18722.918208
160.557955,56,18723.689765
154.828276,56,18724.563434
84.359613,52,18725.325435
210.116238,65,18726.26399
107.994179,43,18726.838773
149.435143,69,18727.874325
197.661388,59,18728.719667
111.734516,44,18729.34367
66.125262,40,18730.006323
127.269119,63,18730.907855
223.034507,76,18734.939162
87.928119,39,18735.575723
97.38736,45,18736.223723
145.911354,61,18737.121264
71.586705,39,18737.751909
199.33603,56,18738.592521
147.846462,51,18739.375444
184.796286,59,18740.301993
165.180037,52,18741.047548
103.364349,45,18741.739187
125.260741,46,18742.387187
101.386184,49,18743.127824
99.379029,48,18743.878426
112.617873,53,18744.704977
81.863508,41,18745.309975
99.128287,41,18745.953576
96.2384,46,18746.606152
192.259807,59,18747.445714
170.411737,55,18748.301715
90.265824,45,18748.954344
122.071583,67,18749.916893
92.244179,44,18750.569528
220.84494,69,18751.615075
57.878288,33,18752.080073
193.82476,60,18752.951633
186.733008,56,18753.775173
217.735811,65,18754.711798
149.602471,61,18755.661347
144.267204,55,18756.407348
140.936185,48,18757.127925
73.993623,48,18757.82248
249.913425,79,18758.980039
98.610106,45,18759.668638
146.745674,52,18760.411636
225.583006,73,18761.436803
206.091865,60,18762.406377
182.594314,61,18763.294919
158.042794,53,18764.020501
1146.944859,38,18767.498677
172.453264,73,18797.217079
1267.709017,63,18798.137622
1170.505062,48,18798.900245
1148.141867,58,18799.733887
1240.046099,70,18800.738523
1240.813498,59,18801.589081
1215.673491,55,18802.42265
1292.22691,68,18803.51027
150.978727,53,18804.297642
1251.58071,60,18805.187277
118.876044,62,18806.148888
1236.684767,60,18806.960466
1292.306185,68,18807.879107
1244.193594,55,18808.783721
1288.084962,65,18809.71316
1245.845903,59,18810.561712
1258.426098,57,18811.479336
1258.894031,70,18812.528987
1267.475555,61,18813.371987
1211.363925,47,18814.121609
1132.721517,39,18814.800246
1261.015014,57,18815.60542
1235.540247,52,18816.419974
1126.673357,34,18816.879976
1139.811413,37,18817.411976
1301.831552,74,18818.512234
1266.354799,68,18819.544845
1258.707187,57,18820.394845
1195.806627,43,18820.98539
1148.13879,37,18821.53795
1317.780511,66,18822.551511
1211.218947,57,18823.423189
1240.071097,53,18824.25919
1297.901818,70,18825.281746
1218.843677,54,18826.057409
1171.68273,44,18829.728598
162.883678,70,18830.716676
1174.776219,48,18831.450284
1190.189504,53,18832.257285
1272.938223,57,18833.146877
1248.95948,59,18834.064437
1230.865934,54,18834.851071
73.464116,58,18835.771696
1165.447622,39,18836.347699
1219.684181,64,18837.309314
1189.179223,44,18838.000924
1291.4163,67,18839.032581
1244.807427,54,18839.865144
1324.882397,70,18840.88271
25.669704,39,18841.433234
1177.62837,51,18842.203234
1256.887102,56,18843.035878
1291.316805,61,18843.933532
1287.91417,73,18873.776585
1289.386918,58,18874.680875
1214.51662,58,18875.563491
1185.926659,43,18876.140494
1286.525623,59,18877.075032
1286.505456,63,18878.067609
1293.166003,69,18879.077808
1241.666845,55,18879.925423
1267.342133,57,18880.81805
1279.324959,78,18882.010592
109.980275,55,18882.888158
1244.327413,60,18883.81371
1270.196398,60,18884.793301
1249.455064,68,18885.850003
1219.020515,60,18886.753542
1211.15345,60,18887.653105
1277.344467,60,18888.615736
1259.952442,62,18892.463933
1181.293439,44,18893.108933
1293.197963,74,18894.279569
1303.075021,61,18895.198165
1305.983481,70,18896.249785
1317.193719,67,18897.238333
1144.289529,62,18898.219889
1228.500044,54,18899.04748
1337.408949,71,18900.09346
1189.256088,45,18900.813081
1273.106555,69,18901.823687
1203.772589,52,18902.63225
1223.836882,56,18903.410289
1325.134281,65,18904.423536
1326.367562,73,18905.517103
1155.185817,40,18906.206104
1235.325548,59,18907.09973
1180.983315,42,18907.7213
1200.008189,62,18908.689856
1236.480333,53,18909.509505
1157.657707,39,18910.084502
1231.231382,61,18911.052053
83.224634,57,18911.970597
1131.662542,36,18912.456175
1294.56496,61,18913.355172
1152.633236,34,18913.950717
1330.450431,71,18914.990275
1301.698729,61,18915.886835
1303.881428,67,18916.877462
1314.889681,69,18917.867023
1257.887622,64,18918.852655
1235.994117,50,18919.572213
1253.588094,73,18920.627821
1128.906827,37,18921.172822
1202.427964,47,18921.890446
1280.85457,72,18950.931574
1118.165257,49,18954.598837
1267.811894,61,18955.516942
1172.02888,54,18956.313946
1228.852745,61,18957.209582
1259.281379,58,18958.035134
1148.914263,74,18959.125692
1280.242464,61,18960.021305
1225.296455,61,18960.915819
1320.025986,71,18961.958434
1297.012046,60,18962.760022
1199.32135,50,18963.544585
1153.109644,41,18964.133175
1289.708221,64,18965.114816
1313.45517,63,18966.087368
1208.627726,48,18966.838918
1161.38288,38,18967.394918
79.457835,42,18968.029536
1218.047279,49,18968.663177
1231.655871,50,18969.479761
1181.025337,44,18970.179761
1195.745088,51,18970.936385
1331.017319,71,18972.053027
115.213801,60,18972.849113
1170.482614,39,18973.412719
1259.208195,83,18974.702268
1120.02223,36,18975.170269
1255.412805,68,18976.13282
1228.267955,52,18976.896367
1274.067165,61,18977.778992
74.614262,65,18978.777551
1273.176163,60,18979.63055
1220.092226,48,18980.370552
1275.00399,73,18981.452748
1308.405992,74,18982.500312
1321.316748,69,18983.512869
1293.643778,74,18987.522875
1173.737941,44,18988.173878
1208.58939,57,18989.049532
184.840689,57,18989.90908
1161.780133,45,18990.569631
1135.882143,38,18991.143327
1208.208839,48,18991.870886
1298.836309,66,18992.860446
1210.543114,46,18993.486081
1188.822357,46,18994.17608
1157.738809,47,18994.893706
1243.39881,53,18995.671265
1215.364045,60,18996.573844
1233.030781,58,18997.405845
1155.972342,39,18998.035465
1333.446234,80,18999.086018
1262.082119,60,19000.019566
1178.890856,44,19028.948886
1298.857281,74,19030.015456
1235.532579,60,19030.972101
1290.585618,68,19031.975734
1295.5938,62,19032.918362
1301.350841,69,19033.955068
1261.663675,73,19035.077694
1274.950432,66,19036.036274
1245.524333,67,19037.095852
1276.969685,67,19038.052476
1274.955288,59,19038.895031
187.571111,62,19039.872581
1227.647681,52,19040.676122
101.074876,54,19041.503736
1201.144442,49,19042.237736
1260.601654,59,19043.169358
1243.045436,54,19043.96891
164.890261,76,19045.088786
1241.162154,58,19045.972355
1348.984616,70,19049.982559
1292.858529,59,19050.817194
1289.396975,64,19051.803736
197.135413,70,19052.795295
1282.634234,72,19053.854917
1284.699854,66,19054.823481
1301.39571,70,19055.816045
1318.330343,64,19056.711595
1260.164497,61,19057.700158
1235.33811,52,19058.485085
1149.001067,42,19059.153085
1290.477256,60,19060.034647
1225.891333,63,19060.969279
1313.05015,63,19061.902894
1293.838195,75,19063.015459
1205.702807,49,19063.691082
1270.929583,76,19064.804641
1204.920522,58,19065.617404
1302.278999,78,19066.799041
47.314459,39,19067.385042
1177.117374,43,19068.000641
1188.807255,48,19068.70925
1336.41233,72,19069.746811
1213.930706,55,19070.54837
1275.248537,63,19071.491975
1354.124473,74,19072.618592
1308.450273,74,19073.69319
1228.427863,54,19074.445753
1275.140685,57,19075.344756
1240.677229,71,19104.62059
1199.797864,52,19105.446233
1280.802508,60,19106.315233
1198.7242,55,19107.140791
1300.422047,66,19111.100012
1229.708723,56,19111.924625
1257.47628,62,19112.868178
1242.095124,51,19113.624807
1200.673027,49,19114.365806
1188.763144,48,19115.160323
1242.897571,56,19115.944875
1200.037408,53,19116.766433
1171.322376,42,19117.370433
1201.992179,49,19118.133978
1232.988207,68,19119.130512
1205.110283,49,19119.824062
1173.882737,63,19120.75062
1217.182781,48,19121.509225
1249.730729,57,19122.32085
1315.862763,71,19123.414396
1292.339188,64,19124.354246
1321.546189,66,19125.333854
1171.418972,44,19125.980482
1170.737531,57,19126.858111
1201.530731,45,19127.568731
1199.5666,44,19128.198861
1306.481679,77,19129.38949
1290.029582,61,19130.260115
1324.979242,71,19131.266678
1274.14737,65,19132.250244
1138.045129,35,19132.776116
1177.012363,43,19133.359119
1258.337839,60,19134.24074
1233.900462,60,19135.151301
1161.153219,47,19135.838858
1322.968187,69,19136.909428
1265.748569,66,19137.838988
1252.583821,60,19138.730558
1204.861695,48,19139.47911
1291.102893,60,19140.321925
1250.914815,52,19141.098483
1217.586798,58,19144.905217
1211.489963,52,19145.683792
1300.884363,66,19146.631812
1281.410375,58,19147.498444
1180.907924,44,19148.061445
1230.838915,65,19149.059049
1243.217457,65,19150.067641
1144.971224,45,19150.686469
1234.181162,56,19151.55704
1236.356802,55,19152.302041
1239.578092,54,19153.10758
1318.698911,75,19154.258152
1279.55044,63,19183.902782
1339.888526,80,19185.01433
1252.926412,66,19186.021876
1288.769655,75,19187.147138
1332.836947,73,19188.163691
1299.774496,70,19189.166239
1234.94114,52,19189.903787
1231.425607,57,19190.672435
1206.127557,49,19191.389435
1314.464314,68,19192.342964
1185.411699,41,19192.980045
1285.690445,62,19193.897663
1267.025533,61,19194.784281
1253.965213,63,19195.697898
1192.702167,47,19196.399898
1117.73817,36,19196.840446
1210.86442,57,19197.680985
1179.974048,62,19198.576547
1169.430807,42,19199.200547
1271.684118,63,19200.100106
1271.201016,68,19201.081658
1344.781702,72,19202.192123
1254.401283,70,19206.170212
1318.792502,63,19207.088809
1193.286892,52,19207.835375
1308.914713,69,19208.852954
1332.905162,71,19209.888513
1247.892232,62,19210.843121
1316.112523,65,19211.780675
1257.354942,55,19212.577323
1250.035409,57,19213.433874
1261.063831,67,19214.442463
1143.611579,37,19214.999461
1211.487775,45,19215.688891
1285.076748,71,19216.714544
1209.022114,46,19217.391896
1223.006222,50,19218.092483
1275.95415,58,19218.947036
1169.700277,41,19219.589699
1187.768468,52,19220.365699
1217.285562,57,19221.195255
1191.874545,56,19221.991091
1322.714023,74,19222.97172
1106.287473,36,19223.51136
1281.410201,70,19224.536933
1249.158877,55,19225.350933
1264.529951,59,19226.200491
1258.993139,60,19226.983046
1347.086828,70,19227.975622
1276.539391,57,19228.779263
1167.061929,42,19229.421884
1186.006518,40,19230.004884
1237.619089,53,19258.522278
1191.459966,60,19259.416844
1320.536149,70,19260.427393
1262.239354,57,19261.312393
1245.611417,65,19262.284379
1278.720912,60,19263.15694
1279.551925,60,19266.95811
1231.361552,62,19267.870675
1199.580051,54,19268.598297
1141.768981,39,19269.240297
1196.888604,59,19270.109851
1302.451427,68,19271.100463
1316.447039,67,19272.057014
1288.1361,61,19272.978551
1265.854775,56,19273.749123
1214.190246,58,19274.541677
1263.470331,59,19275.384676
1174.792801,44,19276.006295
1224.450773,51,19276.744927
1238.402889,54,19277.555125
1226.809586,53,19278.314128
1172.794948,48,19279.07378
1284.289975,69,19280.022346
1272.139989,66,19280.997908
1188.280818,41,19281.600475
1314.832274,63,19282.541028
1336.126144,70,19283.525667
1310.493758,75,19284.644225
1279.68342,58,19285.472857
1185.354443,46,19286.112856
1297.511218,62,19286.998469
1272.404273,61,19287.891021
1292.359567,64,19288.873571
1304.222108,66,19289.758198
1249.076585,56,19290.57675
1192.07065,45,19291.21775
1205.178816,57,19292.037359
1181.933254,50,19292.756743
1239.116969,51,19293.449364
1309.596508,67,19294.404366
60.406989,37,19294.937015
1261.311491,59,19295.77463
1267.132933,71,19299.773053
1320.927956,79,19300.962607
1285.920421,62,19301.826188
1315.299184,65,19302.732752
1318.029939,63,19303.647309
1188.318955,44,19304.272309
1249.833489,54,19305.052867
1191.086396,48,19305.806404
1182.873596,47,19306.414404
1305.759783,62,19335.747269
1294.775794,75,19336.881822
1263.030965,62,19337.805472
1214.557726,51,19338.50763
1225.068382,59,19339.37363
1156.996062,46,19340.016682
1227.113463,66,19340.985233
1274.855459,59,19341.788794
1315.12474,67,19342.777351
1198.420416,47,19343.467995
1234.992035,52,19344.17066
1118.091436,46,19344.835275
1239.989491,72,19345.782934
1303.682242,62,19346.659497
1257.832756,54,19347.472183
1291.36944,66,19348.391183
1232.727826,64,19349.368739
1246.232132,62,19350.239316
1288.470834,59,19351.033956
1214.203932,55,19351.856577
1187.137991,55,19352.675296
1328.457543,64,19353.586378
1257.960025,69,19354.579009
1265.046621,68,19355.553553
1315.789085,64,19356.481663
1310.218551,66,19360.365321
1214.885133,55,19361.207876
1307.771678,81,19362.380441
1303.368706,72,19363.394037
1132.018631,35,19363.893574
1267.719771,67,19364.847137
1305.41639,73,19365.855549
1305.076408,62,19366.793194
1161.866324,57,19367.583733
1305.158456,61,19368.497342
1262.097339,56,19369.247342
1161.656535,44,19369.915838
1299.902572,61,19370.773413
177.720362,57,19371.521997
1194.025596,49,19372.26803
1289.735764,59,19373.053583
1104.792897,55,19373.870158
1115.648523,36,19374.365157
1239.431574,55,19375.138711
1256.066682,62,19376.061301
1163.401151,48,19376.787874
1318.480348,75,19377.807499
1275.981646,64,19378.754061
1247.105844,52,19379.447691
1170.585802,44,19380.090691
1211.286448,50,19380.796316
1221.89151,53,19409.463034
1223.691434,55,19410.272031
1210.457377,49,19410.958647
205.365619,68,19411.903281
1218.873514,48,19412.611837
1333.764323,67,19413.531913
1262.060891,62,19414.396913
1294.018935,64,19415.295448
1291.74914,66,19416.270111
1215.331665,52,19420.004299
1319.30222,67,19420.96484
1214.225936,64,19421.853395
1296.303498,61,19422.755012
1224.876621,53,19423.51924
1259.446419,62,19424.425799
1216.211304,54,19425.155799
137.9528,82,19426.294375
1208.385384,75,19427.397004
1246.072907,62,19428.256535
1148.243993,53,19429.021162
174.040338,80,19430.137103
1176.001794,52,19430.924678
1205.736773,46,19431.576307
1237.688066,53,19432.348307
1326.720693,76,19433.417429
1253.951114,58,19434.210429
1215.362114,51,19434.945991
1199.325171,41,19435.550628
1298.186295,64,19436.473193
1189.383666,47,19437.133193
1230.808126,50,19437.824798
1188.999298,52,19438.59235
1301.638394,64,19439.430959
1264.890889,64,19440.380707
1307.92954,63,19441.372343
1198.181297,48,19442.104897
1286.576334,58,19442.881107
1295.176925,60,19443.786742
1143.009824,59,19444.688332
1182.386645,46,19445.296288
1218.720182,72,19446.335879
1254.637487,67,19447.293437
1314.605755,65,19448.207988
1310.677778,66,19452.201185
1294.273835,60,19453.091749
1183.515282,57,19453.900261
1219.510696,48,19454.58744
1248.657445,56,19455.385438
1195.777032,52,19456.146079
1257.556191,71,19457.186714
1264.996094,62,19458.025322
1259.784256,59,19487.53867
1149.589913,39,19488.09267
175.757169,61,19488.958285
1182.178746,49,19489.706834
1202.148057,57,19490.493428
1100.223229,40,19491.098475
139.518905,51,19491.821038
1215.95151,59,19492.702661
1204.051657,51,19493.425545
1225.775639,53,19494.188545
1205.543315,50,19494.952091
160.772802,53,19495.752634
215.442275,66,19496.704285
1264.931232,62,19497.608887
1314.354697,68,19498.631443
158.365448,66,19499.574091
1206.364884,51,19500.342089
1169.38031,55,19501.126644
1239.539211,50,19501.910196
1254.4071,72,19502.933751
1112.554047,43,19503.569306
1276.703232,59,19504.407307
1341.902971,71,19505.401858
1236.718868,52,19506.144491
1309.302324,69,19507.186048
1243.71472,59,19508.003663
1283.632994,65,19509.0232
1197.091052,44,19509.656841
1212.757409,67,19513.602307
1178.203809,48,19514.262307
1192.122351,66,19515.273947
139.723122,74,19516.350604
1186.267742,55,19517.145159
1269.01258,57,19518.029716
1300.77722,68,19519.074343
1294.471041,67,19520.010945
1197.952198,55,19520.861498
1253.337197,54,19521.633144
1257.835479,54,19522.481781
1279.598801,78,19523.6114
1213.777686,48,19524.344493
200.788142,66,19525.333124
1136.503088,45,19525.998767
1181.786392,47,19526.739367
1168.445968,42,19527.303322
207.056624,69,19528.362879
1248.846148,63,19529.240819
1223.345228,47,19529.952473
1244.591357,60,19530.846016
1282.625289,59,19531.742643
1298.650683,69,19532.745278
1157.666576,51,19533.548673
196.752096,61,19562.913432
1266.591389,59,19563.707884
1180.734515,44,19564.299313
1190.940369,51,19565.019865
1279.664563,67,19566.029414
1221.00031,55,19566.796974
1303.938868,62,19567.748533
1277.648655,61,19568.615158
1263.583487,55,19569.482709
1227.395049,54,19570.186709
1240.262901,64,19571.129253
1247.424714,52,19571.906798
1323.725538,73,19575.976335
1218.467609,59,19576.780896
1256.952435,55,19577.57652
1280.05981,63,19578.537066
1231.012562,50,19579.278066
1236.735413,60,19580.128612
1326.9848,72,19581.141161
1270.034255,60,19582.028713
1275.800099,61,19582.906333
1270.494727,76,19583.977885
1154.491628,43,19584.650401
1190.439625,48,19585.437932
1158.694884,41,19586.028936
1334.299011,68,19586.980495
1257.978957,55,19587.816044
1225.897016,54,19588.589588
1182.303044,56,19589.346588
1213.154066,59,19590.190203
1268.794198,62,19591.119824
1272.907302,55,19591.901441
1272.090221,62,19592.847774
1207.668759,52,19593.569326
1267.352603,58,19594.510919
1272.215602,58,19595.339919
1300.807109,63,19596.213476
1237.602239,53,19596.999033
1271.656895,72,19598.049586
1245.963037,51,19598.771461
1176.255066,45,19599.458021
1204.317124,58,19600.359021
1227.27922,53,19601.157574
1172.95902,55,19601.878203
1261.652057,58,19602.749796
1155.236922,44,19603.345796
1197.529696,47,19603.979441
1191.46009,72,19607.985618
1214.945401,61,19608.813181
1279.618909,60,19609.659735
1183.309471,42,19610.289736
1222.95592,59,19611.113293
1302.367577,72,19639.889893
1221.387428,49,19640.620521
1165.256889,41,19641.244521
97.727644,46,19641.907145
1335.010837,68,19642.93576
1208.324863,58,19643.795177
1255.292009,54,19644.562709
1264.683875,67,19645.518328
1209.961059,67,19646.45393
1287.956606,62,19647.329931
1331.930979,74,19648.439029
1180.651481,51,19649.177029
1136.120014,36,19649.659578
1201.594501,52,19650.414577
1225.360402,66,19651.315137
1270.854304,58,19652.180687
1318.392803,63,19653.071279
1242.329633,53,19653.84483
1237.603656,58,19654.693474
1169.021227,51,19655.452027
1214.884153,51,19656.188028
1247.139555,55,19657.027572
1294.578489,64,19657.969124
1203.641064,57,19658.733689
176.92332,79,19659.917251
1209.457315,52,19660.670801
1192.354753,57,19661.460341
1234.423499,59,19662.254341
1321.314191,64,19663.187524
1328.933903,69,19664.163069
1276.660424,60,19665.038609
1225.417665,53,19668.829827
62.911265,44,19669.511408
1181.428563,44,19670.151634
1164.268598,40,19670.742279
1252.946383,58,19671.677908
1346.95397,72,19672.667503
1306.518143,71,19673.681332
1300.096218,63,19674.598884
1284.397624,77,19675.755479
1214.683043,54,19676.571033
1293.490318,64,19677.427588
1272.066066,58,19678.280588
1221.41911,56,19679.015209
1251.233323,62,19679.923858
1262.826825,54,19680.737464
1222.798052,56,19681.545035
131.37375,49,19682.23705
1238.079455,67,19683.141614
1277.553281,62,19684.024434
1157.123596,47,19684.72799
99.291155,48,19685.428621
1199.177623,45,19686.098078
1313.091162,73,19715.769956
1245.766014,60,19716.606489
1151.25294,56,19717.389531
1129.326666,39,19717.949095
1188.66692,48,19718.626736
1159.293215,45,19719.286737
1187.608664,48,19720.031728
1243.872583,52,19720.79528
1308.720304,63,19721.634869
1299.891587,63,19722.489416
1248.263224,59,19723.326416
1198.932574,51,19724.068966
205.24645,77,19725.159207
1282.657555,65,19726.125379
190.015725,69,19730.107573
1277.157079,61,19730.976117
84.806121,43,19731.561743
1259.558216,57,19732.380744
1271.709252,63,19733.294014
1261.044998,63,19734.167552
159.765,67,19735.110178
1272.045865,65,19736.054729
1264.47645,59,19736.920278
1212.814267,50,19737.615904
1223.444269,50,19738.371903
1242.854673,57,19739.146571
1159.630279,42,19739.737121
1280.925529,60,19740.546677
1240.910455,57,19741.344677
1183.172347,49,19742.093228
1291.971581,61,19742.935804
1172.881938,42,19743.560353
1169.216236,48,19744.215353
1311.640725,68,19745.145919
1262.46808,78,19746.278375
1300.712844,62,19747.122926
1211.348258,47,19747.812489
1195.509133,54,19748.599058
1303.410166,74,19749.677613
1145.967754,38,19750.244612
1290.282255,60,19751.09024
1212.014408,52,19751.835769
1228.415934,74,19752.950388
1290.685283,60,19753.840944
1181.780329,53,19754.65151
156.231775,70,19755.606062
1189.343876,54,19756.373059
1233.446968,59,19757.298609
1262.424733,62,19758.158247
1187.509961,61,19761.962795
1257.263008,78,19763.06542
1213.021647,49,19792.009228
1212.191832,50,19792.716434
1216.988097,60,19793.556064
1278.971216,72,19794.573611
1157.824966,40,19795.130611
1232.552107,64,19796.053161
1180.610544,45,19796.627713
1208.070714,53,19797.315713
218.122225,75,19798.415879
1147.535355,40,19798.997883
113.893213,54,19799.764433
1221.580055,53,19800.502993
163.745318,65,19801.465551
1269.322607,56,19802.291548
1248.810387,58,19803.100298
1115.555024,36,19803.624871
1208.898354,63,19804.494588
1248.766503,60,19805.391588
1225.94847,64,19806.345248
1173.052842,47,19807.094213
1215.136811,52,19807.83784
1280.99012,60,19808.641492
1157.020781,56,19809.480079
1235.324363,57,19810.376077
1166.001409,44,19810.966701
1293.497321,72,19812.033313
1191.475663,55,19812.825877
1287.424969,65,19813.799518
1274.39117,62,19814.657066
1245.640864,57,19815.43562
1240.284623,65,19816.401622
1234.009984,56,19817.25929
1151.956194,41,19817.801851
1300.329636,69,19818.807394
1200.379247,55,19822.553579
1157.510251,43,19823.134579
1232.772991,60,19824.004177
1262.665603,69,19824.949767
1237.059039,59,19825.835325
1328.900273,65,19826.768867
1262.752844,65,19827.70241
1207.02314,51,19828.482167
151.768255,62,19829.359169
1208.940346,56,19830.187709
1170.904807,43,19830.77432
1289.748063,64,19831.670797
1247.763453,55,19832.465417
1157.181754,45,19833.117419
164.771129,58,19833.937001
1277.073631,61,19834.72754
1275.436991,61,19835.621157
1207.434494,53,19836.386158
1117.150735,83,19837.544261
1165.769804,42,19866.55418
1210.114718,58,19867.35218
1261.200459,63,19868.218732
1294.885632,63,19869.180353
1189.345375,53,19869.904909
1172.040918,41,19870.513533
1255.951456,58,19871.284534
1236.590308,54,19872.039076
1353.010662,73,19873.074632
1255.547983,76,19874.137253
1304.903508,73,19875.182859
1326.450738,71,19876.160412
1172.501285,41,19876.810976
1285.03983,63,19877.687539
1240.927208,61,19878.584089
1210.34623,48,19879.231992
1323.483844,77,19883.255243
1207.14705,48,19883.982788
1273.083238,66,19884.932409
1289.445101,68,19885.912292
1318.080519,67,19886.875844
1208.1817,50,19887.611403
1229.134934,60,19888.437961
1222.623375,56,19889.24596
1259.418089,70,19890.194517
1157.26123,44,19890.869063
1338.803297,69,19891.880699
1213.22616,55,19892.692327
1171.20322,45,19893.384325
1113.831593,36,19893.920869
1193.762422,48,19894.597501
1277.203665,59,19895.472137
1171.497368,43,19896.099138
1178.382234,43,19896.765702
1152.344858,44,19897.382702
1297.082142,63,19898.337338
1225.690374,52,19899.063987
1264.474122,61,19899.925583
1218.792944,50,19900.670139
1152.134063,48,19901.380141
1238.977402,67,19902.336759
1275.770171,60,19903.212321
1228.921475,49,19903.926932
1189.006709,48,19904.613751
1251.837377,63,19905.520298
1293.604444,68,19906.494856
1143.815256,40,19907.082856
1277.467767,67,19908.026421
1247.966014,55,19908.831983
1271.006539,80,19909.955616
1256.079377,53,19910.70919
1268.216537,62,19911.669741
1315.908672,64,19943.377963
1115.582575,43,19944.046548
1199.107528,48,19944.731312
1178.650965,44,19945.422861
1295.514261,68,19946.393861
1223.763723,51,19947.172439
1280.994915,60,19948.078059
1260.686646,71,19949.068703
1294.228283,74,19950.114274
1221.576851,65,19950.959667
1139.249227,38,19951.546312
1240.406978,63,19952.446864
1276.495294,67,19953.397864
1237.926243,63,19954.291475
1208.261585,48,19954.960028
1194.620885,49,19955.633579
1285.754206,65,19956.565195
1205.210401,49,19957.269195
1276.890016,56,19958.031754
1261.141123,77,19959.101311
1295.663699,64,19960.036865
1285.419851,71,19961.091411
1219.315982,59,19961.893968
1200.89373,56,19962.685569
1238.058169,53,19963.472614
1210.947113,43,19964.078615
1320.271074,70,19965.073358
1221.191639,74,19966.101919
1282.71202,77,19967.159463
1314.945796,67,19968.156128
1158.225033,42,19968.732742
1301.235262,63,19969.625334
1234.43625,71,19970.66592
1293.301289,70,19971.627519
1204.643476,58,19975.427545
1237.690451,60,19976.248543
1321.8245,69,19977.231092
1191.968701,59,19978.080719
1166.50796,43,19978.705278
1194.724985,51,19979.469926
1284.839939,63,19980.366854
1263.529426,57,19981.144453
1247.360061,58,19981.974558
1199.880389,41,19982.59117
1323.531977,69,19983.52467
1223.874831,51,19984.27967
108.327961,48,19984.974272
1241.600709,75,19986.077896
1265.451939,60,19986.930547
1235.427845,53,19987.726948
1240.798931,54,19988.5085
1252.506767,57,20016.532236
1211.186429,62,20017.448737
1176.945373,40,20017.996807
1172.176064,46,20018.645289
1212.187548,71,20019.640847
1321.722853,63,20020.539521
1212.869497,46,20021.190521
1264.336536,64,20022.109079
1286.162369,78,20023.230725
1288.837273,64,20024.101281
1294.228516,64,20025.035648
93.516215,43,20025.713558
69.213049,53,20026.453111
192.458685,71,20027.51068
216.222243,62,20028.40268
112.85329,42,20029.100216
218.664544,63,20030.013925
177.02964,70,20031.007968
241.290355,66,20034.882162
160.180188,55,20035.703726
237.993765,62,20036.569363
206.514625,61,20037.501921
73.610249,41,20038.123921
187.34829,61,20038.983451
211.679203,58,20039.820074
154.16674,51,20040.586703
159.915634,64,20041.561327
166.062884,71,20042.507869
41.800338,37,20043.095915
189.018796,58,20043.911426
140.699093,50,20044.612059
107.966247,56,20045.425104
127.429089,46,20046.048105
146.42659,70,20047.038676
154.308947,51,20047.788297
38.612573,34,20048.3013
195.746846,56,20049.150894
182.88633,59,20050.024438
1154.417954,42,20050.625998
1226.919153,45,20051.277997
1327.97585,75,20052.350628
1330.807244,65,20053.339261
1147.015477,39,20053.917826
1185.372258,44,20054.546462
1295.92261,68,20055.527086
1279.213288,63,20056.454085
1289.82457,73,20057.522639
1287.652136,59,20058.379012
1226.919972,59,20059.196628
1221.355073,56,20059.983278
1225.328473,65,20060.981831
1292.505349,63,20061.904437
1244.039725,61,20091.242462
1342.392587,69,20092.267095
1291.773543,60,20093.126567
1344.315228,73,20097.127175
1248.558784,69,20098.163737
1126.191263,35,20098.605268
1177.338073,45,20099.307036
1197.56698,53,20100.089587
1128.420118,44,20100.738147
1227.220074,56,20101.588784
1178.555121,44,20102.224783
1260.293978,60,20103.088414
1142.525558,38,20103.667053
1180.764034,60,20104.576666
1206.364831,50,20105.258666
1179.652769,51,20106.022213
1179.163089,59,20106.874763
143.243259,72,20107.866329
1263.852145,70,20108.924881
1316.115803,72,20109.941438
1188.288055,40,20110.542986
1189.469767,46,20111.196986
1182.354952,41,20111.719633
1224.60297,58,20112.614174
1207.088487,50,20113.296175
1237.495791,56,20114.119797
1218.111466,50,20114.780342
1212.763033,51,20115.558727
1275.862956,60,20116.388729
1213.632245,52,20117.138273
1195.682707,72,20118.082811
1188.30813,58,20118.930399
1204.564577,55,20119.750949
1277.709087,57,20120.594503
1186.898309,48,20121.364504
1189.959573,50,20122.074122
1200.622431,48,20122.748679
1284.377107,63,20123.596249
1230.232613,55,20124.371248
101.678002,59,20125.2108
1258.056889,69,20129.221655
1288.377252,64,20130.092205
1206.827728,48,20130.711848
1246.964355,57,20131.478652
1176.091659,42,20132.116651
1147.090188,39,20132.665273
1262.501509,64,20133.556868
1195.058502,52,20134.255868
1184.854758,56,20135.07842
1269.764504,67,20136.083086
1259.222168,69,20137.041646
1173.537801,38,20137.593275
1224.935256,53,20138.370275
1151.928707,41,20138.967826
1317.573484,74,20140.007362
1265.02018,78,20169.013098
1189.529943,54,20169.777654
1224.565336,55,20170.576197
1230.901361,54,20171.373197
1279.87073,67,20172.357735
1234.005405,69,20173.324173
1264.606709,55,20174.097715
1175.218595,45,20174.774274
1307.92688,66,20175.704852
1318.869567,68,20176.669427
1231.412813,59,20177.517997
1230.434786,64,20178.4308
1125.162999,72,20179.451412
1284.184429,63,20180.353187
1286.991933,60,20181.250743
1254.663525,55,20181.983289
1319.261238,64,20182.941867
1222.413397,53,20183.726464
1323.450567,63,20184.632018
1211.661345,44,20185.359159
1312.213433,66,20189.248461
1226.705994,57,20190.06203
1312.449278,66,20190.951586
1235.601662,65,20191.819156
1317.456972,74,20192.903794
1339.667233,76,20194.046453
1194.942017,45,20194.694009
1270.100672,58,20195.459578
1288.007316,64,20196.449149
1219.213484,64,20197.358149
1278.429475,71,20198.343259
1328.375736,65,20199.272087
1278.816119,59,20200.103653
1172.21164,46,20200.763204
1183.685603,48,20201.409774
1292.484768,60,20202.298774
1242.058408,64,20203.186351
1168.977829,43,20203.840905
1196.554635,56,20204.697542
1224.086791,52,20205.445103
1279.806838,62,20206.312102
1168.778322,40,20206.867661
1193.612082,54,20207.612226
1261.053712,56,20208.403224
1228.619672,49,20209.112787
1257.176079,57,20209.969339
1256.830141,55,20210.751927
1308.196151,62,20211.6075
1231.853378,56,20212.425045
1139.443183,42,20213.088044
1110.833214,40,20213.666605
1216.125888,64,20242.132302
1234.350073,52,20242.90678
1317.357499,66,20243.789375
1159.167981,45,20244.448948
1230.247349,56,20245.233946
1297.441909,66,20249.082245
1292.514338,77,20250.16347
1240.444755,76,20251.313025
1265.020596,62,20252.191582
1266.13285,74,20253.225139
1185.691096,54,20254.007698
1204.217416,55,20254.839612
1275.763291,68,20255.742199
1212.683064,50,20256.449761
1315.800238,64,20257.326761
1183.797016,51,20258.03435
1115.64154,51,20258.752898
1285.419956,64,20259.675277
1306.673249,67,20260.671833
1276.657222,64,20261.522506
1251.549109,58,20262.339509
1259.344898,65,20263.259098
1187.810229,51,20263.999674
1247.691829,61,20264.851232
1162.51925,48,20265.497791
1171.089588,47,20266.185791
1155.09489,39,20266.779343
1199.1643,47,20267.457961
1327.491481,68,20268.392962
1289.55817,66,20269.310523
1270.249225,71,20270.331887
1275.125299,60,20271.174454
1270.099952,57,20271.932012
1304.255587,71,20273.041589
1292.92648,69,20273.941167
1172.286948,39,20274.577738
1234.593314,77,20275.624291
1131.281903,38,20276.20529
1246.415048,72,20277.276845
1298.444068,63,20281.127444
1311.866556,68,20282.090985
1242.76849,56,20282.929608
1267.105507,59,20283.814155
1196.126965,54,20284.584698
1248.118202,55,20285.391697
1220.4356,54,20286.18727
1241.153352,63,20287.058378
1181.395839,49,20287.744913
1123.601242,43,20288.325911
1229.700376,55,20289.15246
1243.011198,54,20289.942739
1166.530332,41,20318.722869
1284.392731,57,20319.563486
1265.516944,65,20320.539035
1216.387483,53,20321.312034
1199.845874,51,20322.045582
1218.886361,48,20322.763135
1282.331256,72,20323.779685
1252.67142,69,20324.733315
1255.763537,53,20325.558947
1170.579775,66,20326.518499
1196.02347,45,20327.183499
1265.96651,55,20327.968117
1332.077867,73,20329.010681
1254.133371,55,20329.788292
1316.02477,77,20330.917846
1187.719029,52,20331.615403
1237.633086,51,20332.3854
1151.786331,46,20333.057004
1305.660825,75,20334.153595
1261.061414,57,20334.969229
1267.251411,61,20335.891868
156.141303,63,20336.790424
1230.455356,49,20337.443583
1232.088953,54,20338.190581
1276.788451,57,20342.009909
1255.329201,57,20342.837548
1222.169663,50,20343.54417
1304.915796,64,20344.50972
1234.822214,53,20345.26572
1192.592065,41,20345.8523
1230.045141,53,20346.646942
1327.225702,73,20347.669638
1284.447502,60,20348.467211
1289.458371,59,20349.338213
1215.267531,56,20350.189764
1174.799564,44,20350.798399
1233.704163,54,20351.594955
1315.447663,65,20352.553512
1155.626024,50,20353.242634
1270.731201,68,20354.171267
1174.473933,55,20355.010819
1283.882152,69,20355.985396
1269.438198,60,20356.754957
1247.485135,70,20357.792536
1168.660633,49,20358.473151
1331.779955,69,20359.470791
1240.833867,52,20360.198789
1224.760318,60,20361.05935
1246.070076,55,20361.819966
1227.877149,49,20362.599595
1258.172983,55,20363.353595
1236.845935,52,20364.144233
1306.446699,62,20393.281074
1151.69027,42,20393.904691
1113.476303,36,20394.447342
1302.417309,60,20395.320344
1292.358175,61,20396.196969
1257.375383,64,20397.100522
1286.4971,75,20398.137102
1277.063317,79,20402.202676
1244.364703,78,20403.274241
1274.631774,69,20404.252862
1297.244947,72,20405.387594
1231.915279,53,20406.115148
1255.080865,64,20407.058701
1100.472418,38,20407.582257
1274.212006,60,20408.457825
140.796291,57,20409.266825
1229.670007,53,20410.074475
1295.148424,72,20411.166176
1278.970549,71,20412.17675
91.117392,48,20412.892303
154.148141,62,20413.791961
116.423562,47,20414.484519
247.579371,64,20415.42316
158.947064,52,20416.203161
163.205057,65,20417.207726
119.822118,51,20418.010277
151.250258,50,20418.700888
205.784932,70,20419.751533
195.758812,58,20420.662171
129.739308,48,20421.300169
102.58317,42,20421.962723
157.942693,74,20423.031286
93.986959,42,20423.680891
240.532693,75,20424.803434
193.096108,61,20425.703991
141.572499,55,20426.508543
40.701925,33,20427.026279
62.434993,35,20427.565903
58.586376,37,20428.080902
162.890996,72,20429.21148
176.036136,69,20430.211096
140.666844,47,20430.942768
193.975591,58,20431.753319
170.372066,54,20435.496531
222.116395,61,20436.384531
100.416755,45,20437.053078
159.534231,54,20437.887689
143.563749,53,20438.721226
202.338219,58,20439.60976
75.455628,41,20440.196761
155.080447,54,20441.016379
118.712622,45,20441.75094
198.469252,67,20442.710581
38.096231,33,20471.494491
182.190354,66,20472.433129
195.073822,66,20473.457754
43.608459,36,20473.966752
231.442461,72,20474.979401
202.343595,59,20475.854951
126.936745,50,20476.598104
168.705027,51,20477.358104
125.59477,48,20478.041656
197.2935,65,20478.971218
196.395833,70,20479.98284
204.082344,59,20480.842391
124.799414,48,20481.573001
169.252187,58,20482.345001
174.444692,62,20483.280553
143.11736,56,20484.0941
169.293563,58,20485.025656
156.285585,52,20485.826205
258.195729,68,20486.781763
224.251061,62,20487.713385
116.31922,52,20488.470052
38.361647,35,20489.055051
209.167058,57,20489.855614
170.728847,63,20490.763183
160.848952,59,20491.627309
95.490489,35,20492.128307
195.653926,70,20493.142652
92.055147,38,20493.696235
182.854596,60,20497.541248
214.150898,74,20498.563886
235.129113,76,20499.705435
175.428491,62,20500.63102
193.31199,55,20501.464673
224.272258,62,20502.330672
169.622548,52,20503.120221
92.5521,40,20503.760846
247.027238,73,20504.836477
130.742709,51,20505.581037
133.035781,52,20506.371035
137.469068,48,20507.086588
179.523125,57,20507.891135
200.249055,63,20508.835695
5.894115,36,20509.358698
86.644583,46,20510.082347
225.913328,60,20510.978086
90.394682,81,20512.24863
122.153056,53,20513.028191
244.466784,67,20514.021982
124.207978,45,20514.656537
102.279801,42,20515.229536
173.908787,74,20516.345868
168.790289,58,20517.261505
224.551787,67,20518.287119
52.622821,38,20547.755935
160.700283,54,20548.600492
181.375215,54,20549.446116
222.892094,65,20550.395116
194.860094,59,20551.282732
155.231155,58,20552.153287
186.680557,69,20553.161838
148.163948,50,20553.951404
140.293977,54,20554.785946
96.474823,56,20555.605499
87.714343,70,20559.649683
193.536175,63,20560.601175
191.700996,59,20561.449774
156.438179,62,20562.354775
202.462773,59,20563.207329
231.76924,68,20564.204885
246.080011,64,20565.158418
180.457014,56,20566.03198
220.468455,61,20566.956588
176.247614,56,20567.874172
84.77792,60,20568.780721
153.623116,65,20569.752286
83.15843,39,20570.305285
53.530426,37,20570.918847
116.087532,52,20571.629472
256.751492,70,20572.689109
186.685223,58,20573.573734
90.862356,54,20574.377734
106.61182,50,20575.121754
168.483368,53,20575.979425
174.438085,51,20576.745976
130.366403,48,20577.48352
72.965816,35,20578.07052
190.712385,54,20578.914142
204.646649,63,20579.808694
167.928701,52,20580.628601
190.255568,71,20581.678242
135.808714,52,20582.483793
152.627166,73,20583.522345
118.669071,50,20584.334348
196.709632,58,20585.231927
134.950338,56,20585.948482
103.904353,49,20586.633858
198.210103,66,20587.634489
210.229501,60,20588.510066
224.01441,60,20589.415676
130.68928,45,20593.017661
138.674352,56,20593.948233
203.621216,66,20594.979432
219.418458,61,20595.876001
208.280016,59,20596.765564
201.808179,58,20597.691224
245.825007,62,20598.585824
136.571603,52,20628.50474
98.135708,74,20629.628384
167.26257,52,20630.413495
100.900284,49,20631.171476
214.577606,64,20632.162086
53.950524,34,20632.623692
195.963121,60,20633.47232
165.314321,53,20634.237319
180.967976,74,20635.297864
74.105588,52,20636.123512
178.740214,60,20637.030592
125.371989,58,20637.935157
222.197645,68,20638.921702
196.360753,58,20639.79924
88.859609,40,20640.37324
190.031345,55,20641.182809
93.204519,41,20641.863433
140.166598,55,20642.65103
152.066844,50,20643.400031
191.712103,60,20644.294051
88.244904,44,20644.947613
112.262526,44,20645.631172
54.928359,35,20646.176174
111.128913,49,20646.933725
110.138051,51,20647.700352
99.074203,46,20648.339354
200.668816,72,20649.391003
207.016947,76,20650.440647
232.349786,71,20651.539197
100.514202,53,20652.372196
137.42418,54,20656.132411
188.342631,65,20657.127079
131.282616,49,20657.821658
54.539096,37,20658.398659
177.381211,61,20659.277277
178.686521,70,20660.34191
121.942416,54,20661.156552
160.63806,67,20662.105179
108.515293,52,20662.903801
226.442388,69,20663.939359
156.839012,57,20664.843994
100.542784,42,20665.504556
161.311315,65,20666.516194
97.456987,49,20667.290238
194.767694,56,20668.152751
151.656411,52,20668.924389
210.092338,70,20669.947933
101.071967,44,20670.620482
253.753199,69,20671.634029
194.196176,72,20672.725092
178.494205,68,20673.665636
184.95718,69,20674.714279
1221.859441,58,20675.579834
1209.785086,42,20703.901763
204.459048,76,20704.980315
1275.475675,73,20706.065869
1236.204972,64,20707.050499
1241.679989,56,20707.89413
1239.593573,65,20708.898961
1273.652526,59,20709.795527
1234.927883,53,20710.537125
1207.78125,52,20711.300125
1350.092787,67,20712.255692
1245.525164,56,20713.103314
1285.89725,81,20717.275537
1299.729207,61,20718.097095
1200.263143,49,20718.802639
1343.468602,71,20719.887262
1271.982611,65,20720.850716
1298.392644,71,20721.922273
1227.005122,52,20722.761901
1234.911613,58,20723.611545
1253.459846,68,20724.671189
1287.485512,63,20725.656732
1214.455177,47,20726.344732
1263.654022,54,20727.135316
1271.844508,55,20727.912939
1283.522598,71,20728.964565
104.164157,45,20729.604214
217.631435,57,20730.451798
219.166109,72,20731.509397
109.375391,46,20732.236398
210.236788,68,20733.203947
91.169725,58,20734.143088
167.755567,66,20735.193637
99.414926,46,20735.916198
230.361883,64,20736.911768
99.289965,40,20737.479409
196.31245,64,20738.429981
274.471617,69,20739.512619
172.644969,55,20740.336618
138.015193,60,20741.266232
121.279696,45,20741.939857
71.093507,53,20742.788486
217.753361,60,20743.669096
64.680689,44,20744.335097
87.596846,39,20744.881659
23.733473,34,20745.410919
78.434197,33,20745.848919
41.798448,32,20746.404919
193.032053,58,20747.251946
101.092119,82,20751.490906
177.350721,69,20752.548043
109.812528,51,20753.311045
202.483698,70,20785.2389
217.306152,61,20786.130428
134.297314,49,20786.875054
208.821982,57,20787.644642
84.277766,43,20788.343643
212.318795,69,20789.413796
101.082516,44,20790.021795
104.159986,43,20790.704349
214.515024,64,20791.674911
179.323514,58,20792.539473
125.656552,80,20793.744709
203.549839,56,20794.531261
225.052192,61,20795.482348
116.0115,48,20796.215349
110.933389,54,20797.02192
201.307752,59,20797.944482
89.014684,48,20798.673035
138.5908,61,20799.572656
191.404301,53,20800.343655
210.420552,62,20801.27527
148.978447,50,20801.992813
86.014509,50,20802.741095
155.938668,52,20803.471645
69.569923,35,20803.893642
65.17283,37,20804.525273
141.50545,47,20805.292273
115.58963,46,20805.92183
123.079697,48,20806.584476
78.398428,53,20807.408477
101.615004,49,20808.224112
108.996935,40,20808.880747
119.66808,64,20809.890296
173.210411,66,20810.855855
201.210945,56,20811.770406
141.862094,43,20812.426964
194.561195,61,20816.319609
214.957091,75,20817.482797
64.583292,36,20818.065797
224.392497,64,20818.990404
175.384809,62,20819.898949
162.00763,53,20820.721546
229.227502,71,20821.741819
107.260244,48,20822.483368
85.633409,41,20823.098369
134.427153,47,20823.814907
38.806047,34,20824.335909
168.598984,51,20825.130465
135.901865,52,20825.883064
140.593722,57,20826.726135
98.223782,43,20827.409135
59.244401,35,20827.961776
53.506239,34,20828.525449
133.11564,57,20829.3894
175.871975,56,20830.273043
121.019021,43,20830.936634
90.813559,42,20831.618317
195.906748,69,20832.690875
225.28039,59,20862.155176
89.426799,45,20862.802774
53.446506,35,20863.293775
242.801346,64,20864.256415
162.115621,67,20865.261967
221.354166,59,20866.183516
136.61435,50,20866.953057
176.998346,53,20867.755259
91.718913,43,20868.386259
101.881344,58,20869.227519
112.07847,49,20870.015151
159.015315,56,20870.835781
196.345069,64,20871.730335
93.780044,42,20872.377337
71.48232,41,20873.0229
175.99116,60,20873.928503
103.653901,47,20874.631012
241.664336,62,20878.524203
152.230904,49,20879.294203
109.452382,39,20879.896809
215.969756,65,20880.914372
149.474678,66,20881.911926
124.693021,49,20882.63348
83.43466,47,20883.361477
203.631078,71,20884.474716
133.090411,49,20885.163715
141.482557,52,20885.926377
30.0256,31,20886.431919
189.207967,60,20887.360921
176.565583,53,20888.180481
92.720557,42,20888.804051
147.076257,50,20889.562286
41.981401,35,20890.159285
140.055064,49,20890.860845
109.240923,47,20891.565301
95.218331,47,20892.346298
86.446841,40,20892.907965
114.085622,44,20893.591555
35.703248,32,20894.154555
172.697602,62,20895.060119
100.307343,49,20895.74967
207.894252,57,20896.636291
104.387878,38,20897.207291
141.94688,50,20897.99263
164.067066,53,20898.824247
180.039611,53,20899.552796
139.231893,48,20900.266795
160.147635,53,20901.114067
66.730246,39,20901.652572
105.000415,46,20902.351573
102.301173,48,20903.114175
201.350095,62,20904.017729
58.051754,35,20904.503384
237.68797,63,20905.477626
120.235039,47,20906.192628
101.359144,44,20906.878167
92.989291,52,20907.628704
116.280269,47,20908.394703
192.829971,65,20912.275486
154.374324,50,20912.987049
53.812314,37,20941.086115
196.585407,55,20941.94267
165.627327,55,20942.776251
1181.516705,46,20943.443288
1176.770453,43,20944.06329
1204.735648,47,20944.787912
1246.717943,72,20945.785476
1228.373816,53,20946.564013
1166.13837,47,20947.273012
1194.481697,48,20948.012671
1266.2727,54,20948.734245
1362.834371,71,20949.7978
1163.230883,40,20950.3258
1233.275946,54,20951.12942
1267.357881,56,20951.900972
1282.08473,71,20952.881613
1260.614825,57,20953.789166
1295.865829,62,20954.68979
1197.474516,60,20955.568382
1191.483373,43,20956.211379
1300.890503,76,20957.381961
1204.518344,46,20958.027517
1212.170605,52,20958.799424
1201.367572,50,20959.556037
1177.028246,46,20960.247037
1292.165928,59,20961.047592
1291.748895,66,20961.989023
1200.207576,53,20962.770582
1302.075332,72,20963.891625
1212.57619,63,20964.780237
1316.673744,62,20965.749812
1294.668116,62,20966.705414
1293.910767,62,20967.679033
1246.279027,66,20968.695754
1308.155628,72,20969.805382
1292.820185,73,20973.843678
203.519783,63,20974.780916
1205.45617,53,20975.522468
1248.739651,55,20976.366471
1234.790041,54,20977.173086
1362.224482,74,20978.309733
1255.513442,69,20979.395359
1181.958137,50,20980.13092
1206.635907,47,20980.846463
1301.829193,60,20981.732454
1235.315416,51,20982.378457
1302.516231,78,20983.606572
1215.424941,53,20984.402573
1236.506946,63,20985.323178
1255.939735,77,20986.458375
1195.939686,48,20987.210375
1340.108865,73,20988.232932
1200.853815,68,21017.879731
1224.617903,57,21018.702281
1233.395587,52,21019.459834
1271.609649,55,21020.324836
1324.457431,62,21021.22137
1302.588874,64,21022.167989
1248.621909,81,21023.400542
1260.307272,62,21024.382271
1307.717466,67,21025.387896
171.182573,64,21026.399697
1292.766564,62,21027.38633
1267.967094,58,21028.179875
1244.833718,72,21029.275428
1340.86557,74,21030.317057
1248.546726,68,21031.35566
1209.625131,51,21035.043844
1236.164228,57,21035.869485
1228.299116,49,21036.566034
1195.184152,52,21037.340039
1219.20409,44,21038.02166
1183.000996,56,21038.823319
1243.382074,54,21039.625952
1263.845841,76,21040.805619
1282.467241,61,21041.706198
1276.245661,60,21042.672826
1182.488354,49,21043.412383
1303.762483,66,21044.408385
1227.705554,58,21045.248998
1304.793157,64,21046.22671
1177.027859,45,21046.967382
1303.140849,66,21047.91994
1198.514176,67,21048.915555
1290.583226,63,21049.869194
1253.662451,61,21050.782744
1167.57222,42,21051.441286
1320.374308,65,21052.386287
1198.818837,52,21053.188826
1302.215033,72,21054.268397
1172.185482,64,21055.18299
1226.751667,63,21056.179632
1249.116928,51,21056.945202
1199.68176,50,21057.664835
1325.908343,71,21058.811397
1326.674531,76,21059.926024
1134.496658,34,21060.409581
1305.389682,62,21061.354578
1238.598143,65,21062.381202
1309.058752,62,21063.358757
1239.145319,69,21064.369387
1197.55595,48,21094.617568
1199.052837,84,21098.820766
1311.818732,66,21099.811321
1309.927811,61,21100.722947
1258.191695,57,21101.513498
1260.979065,69,21102.551414
1180.281374,52,21103.348414
1303.111709,64,21104.237983
1328.378274,67,21105.207621
1272.16823,60,21106.088169
1301.570948,80,21107.305795
1114.681573,35,21107.84244
162.121888,66,21108.790215
1237.561902,55,21109.60286
1209.850046,58,21110.431406
1237.033618,53,21111.279406
1234.364544,71,21112.323029
1202.959242,53,21113.142657
1211.614333,61,21114.055288
1245.769384,59,21114.933833
1209.494673,57,21115.797468
1286.260424,59,21116.684087
1255.416524,58,21117.531708
1216.879668,50,21118.377708
1240.521616,75,21119.422928
1203.928496,47,21120.102927
1238.021441,52,21120.876478
1274.091385,64,21121.849025
1240.19505,58,21122.714589
1239.385511,80,21123.890203
1194.207864,62,21124.810774
1239.778777,71,21125.849344
1251.288022,70,21126.906899
1343.09547,77,21128.06461
1216.663137,52,21131.763608
1248.625461,62,21132.700218
1284.138006,60,21133.567774
1302.196954,77,21134.732374
1227.893932,50,21135.536168
1161.728848,38,21136.16017
1196.126607,73,21137.143399
1251.813367,54,21137.950943
1197.391681,50,21138.637497
1290.653103,65,21139.563068
1190.808225,51,21140.350066
1286.650306,68,21141.373554
1198.613864,52,21142.158115
1207.645076,43,21142.855691
1289.616117,65,21143.811229
1312.80907,75,21144.931622
1323.017922,70,21177.974475
1240.64066,58,21178.815755
1211.221065,47,21179.540382
1271.397492,66,21180.512967
1290.053481,58,21181.445575
1206.920293,64,21182.409121
1193.976886,52,21183.201121
1253.317207,51,21183.948721
1187.185738,51,21184.701264
1250.104365,55,21185.512896
1285.955403,61,21186.397898
1225.467237,68,21187.425149
1170.580985,44,21188.036149
1200.611168,48,21188.701699
1196.91841,57,21189.556869
1175.021596,58,21190.435437
1238.970165,58,21191.328439
1275.138714,58,21192.190994
1161.507918,51,21192.956631
125.389801,70,21193.944204
1289.973949,62,21197.832017
1152.355433,37,21198.369014
1294.312488,64,21199.365568
1263.045262,71,21200.440377
1101.236247,41,21201.015378
1144.543994,42,21201.611925
1210.464044,51,21202.397923
1253.468858,53,21203.176457
97.075907,76,21204.276137
1268.419139,57,21205.142764
1253.872465,56,21206.006397
1277.897667,65,21206.959024
1246.100748,61,21207.872647
1317.03573,68,21208.853069
1158.010372,39,21209.385069
1249.535442,53,21210.123688
1292.864101,65,21211.169462
1227.219924,51,21211.875021
1250.161704,72,21212.985567
1160.131567,41,21213.604119
1331.569437,75,21214.656671
1210.465124,50,21215.388667
1314.567338,70,21216.430875
1194.250934,53,21217.151051
1200.087052,66,21218.043624
1281.586774,59,21218.822959
155.201584,55,21219.6695
1305.338082,63,21220.632091
1272.73438,67,21221.639799
1313.446666,68,21222.632428
1218.814734,67,21223.628042
1191.854862,49,21255.912242
1237.050381,64,21256.864861
1242.362073,62,21257.752412
1257.836826,59,21258.577027
1274.67517,65,21262.422219
1239.285051,56,21263.21622
1242.901989,71,21264.230768
1214.409686,49,21264.98532
1251.290843,59,21265.834874
1300.106064,75,21266.876482
1310.206971,59,21267.772018
1199.714715,47,21268.474133
87.664925,66,21269.411133
1197.555507,53,21270.200008
114.592583,59,21271.029557
1271.273792,72,21272.059104
1191.961507,50,21272.813652
1267.938765,71,21273.784278
1323.386782,62,21274.669982
1183.517126,47,21275.375982
1190.692509,58,21276.19358
202.757672,73,21277.304163
1290.751417,58,21278.159789
1220.811518,50,21278.781447
1146.520546,39,21279.440065
1232.174614,60,21280.320065
1283.283149,68,21281.29963
1293.336845,64,21282.187181
1130.475712,38,21282.75074
1244.076704,77,21283.847297
1220.068123,49,21284.55585
175.279332,83,21285.791407
129.141345,82,21286.923967
92.892382,80,21288.111175
1240.099203,56,21288.855723
1173.054139,45,21289.529345
1321.580771,69,21290.525899
1197.247285,48,21291.268897
1303.329187,70,21295.186957
1320.914561,62,21296.09751
1299.698507,70,21297.079145
1331.463352,76,21298.157706
1131.195063,33,21298.650334
1289.567225,70,21299.69448
1281.71632,66,21300.64208
170.317885,69,21301.661624
1184.037211,42,21302.278624
1280.417823,73,21303.250184
1312.358039,65,21304.208753
82.930092,48,21304.916377
1201.019059,46,21336.355703
1223.553469,49,21337.054324
1206.503904,68,21337.948885
1165.274215,50,21338.58952
1199.337371,52,21339.339521
1247.539385,58,21340.210081
1301.897552,77,21341.333694
1293.375241,60,21342.148242
1194.097199,51,21342.838792
1297.583795,71,21343.859406
1169.781761,43,21344.48447
1231.534103,52,21345.191471
1257.128526,53,21345.942091
245.005877,76,21347.05864
1230.087338,51,21347.759254
1265.600675,68,21348.757102
1182.945846,42,21349.327101
1187.56305,58,21350.177736
1163.14397,82,21351.236302
1230.056269,51,21351.891859
1199.790241,56,21352.690439
1339.080164,67,21353.683004
1295.363577,61,21357.468892
1262.05659,52,21358.116891
1280.346071,69,21359.072506
1332.032157,65,21360.02313
1121.76842,37,21360.600682
1250.097272,61,21361.467295
1288.78753,69,21362.454841
1189.110081,41,21363.046839
1164.555389,42,21363.626392
1287.246292,69,21364.652016
1246.545531,73,21365.748609
1222.978057,51,21366.46819
1321.839916,64,21367.36919
1206.485708,46,21367.982854
1257.557829,61,21368.882403
1288.085464,71,21369.890011
1207.281366,48,21370.556567
1262.103942,58,21371.428759
1150.870685,43,21372.070759
1188.570059,56,21372.820323
1171.947026,43,21373.431885
1172.088892,44,21374.091885
1168.778539,49,21374.82244
1226.850902,80,21375.937001
1224.031103,49,21376.638958
1145.865019,39,21377.191365
116.121406,67,21378.149018
1206.851717,52,21378.884652
1214.76007,48,21379.574235
1110.487303,34,21380.103234
1218.104212,52,21380.79683
1249.209542,58,21412.290964
1188.416262,45,21412.934608
1272.802765,53,21413.737162
1291.030758,74,21414.73472
1294.94107,63,21415.65127
1155.388889,45,21416.30027
1149.847133,40,21419.885475
1319.65043,66,21420.845035
142.713275,67,21421.815934
1207.838913,47,21422.441578
1302.534127,73,21423.466132
1165.888748,44,21424.098132
1230.790654,53,21424.837687
1220.341381,64,21425.802249
1226.42827,50,21426.491799
1207.20879,49,21427.24867
1266.270639,68,21428.201275
1281.36955,57,21429.037848
1291.675538,59,21429.893477
1128.783696,36,21430.455131
1246.214132,71,21431.493679
1322.328903,64,21432.45224
1195.969366,49,21433.202239
1301.116566,62,21434.105865
1247.079951,63,21434.997427
1244.970357,55,21435.793057
1284.673406,58,21436.62467
1155.724328,39,21437.195671
1248.476573,52,21438.021302
1283.732481,74,21439.034838
1259.799802,68,21440.056883
1224.594417,60,21440.96245
1244.013106,57,21441.723015
1282.51869,64,21442.697561
1182.537379,52,21443.449201
1270.01313,61,21444.339203
1284.113338,60,21445.22074
1268.775162,56,21446.037307
121.153192,64,21446.955873
1188.761486,45,21447.749522
1223.07271,52,21448.525088
1262.732165,62,21449.479635
1120.627951,46,21453.102635
1298.763023,72,21454.18125
1183.959638,53,21454.997821
1229.528892,60,21455.866364
209.613485,74,21457.012725
1315.835725,70,21458.068355
1307.826062,68,21459.016014
1219.540708,50,21459.719628
1312.052404,62,21460.583175
1274.659519,60,21461.4878
1241.799479,69,21495.184847
1313.455847,61,21496.075399
1186.115038,62,21496.988956
1156.233224,44,21497.647158
1228.901743,54,21498.442802
160.776645,59,21499.399355
1258.465117,54,21500.254887
1202.545527,48,21500.916126
1266.683119,55,21501.765708
1332.645921,66,21502.74928
1310.36651,77,21503.927263
1217.109931,50,21504.639822
1166.555197,59,21505.505435
1194.085324,44,21506.192436
1276.122578,66,21507.227082
1205.120044,47,21507.930635
116.99418,60,21508.786266
1295.494503,65,21509.761906
1175.867784,62,21510.740556
1176.989066,49,21511.503087
1198.500222,61,21512.386162
1209.668983,55,21513.182776
1329.801769,80,21514.32833
1233.104481,56,21515.17988
1299.675008,62,21519.024656
1312.986633,62,21519.980223
1230.05678,51,21520.777783
1128.904732,34,21521.251784
1173.100906,48,21522.025334
1282.218179,69,21523.109246
1199.53553,52,21523.865877
1168.115734,45,21524.490437
1144.892425,41,21525.098436
1270.217431,57,21525.939991
1296.711223,60,21526.855528
1191.571025,54,21527.696082
195.982231,63,21528.580666
1236.099295,64,21529.536239
1227.774085,48,21530.202239
1291.878479,63,21531.179868
1293.762869,69,21532.191518
1277.13479,58,21533.070838
1303.041569,70,21534.132395
1281.083393,63,21535.018213
1275.728965,74,21536.077821
1227.125973,52,21536.857468
1297.539379,76,21537.928032
1235.110671,59,21538.81259
1282.411221,58,21539.694153
1190.950543,52,21540.451705
1188.680005,48,21541.149705
1255.217082,57,21541.971331
130.132754,64,21571.402522
1166.913928,44,21571.994522
1342.782076,72,21573.064139
1335.287761,65,21573.968755
1298.410144,62,21574.864412
1224.054098,60,21575.747034
1247.105253,68,21576.67559
1276.531539,58,21577.503224
1205.350394,46,21581.20485
1263.689962,73,21582.189472
1245.816236,67,21583.180026
1217.551957,52,21583.959581
1333.444597,67,21584.934213
1232.379637,52,21585.709838
1184.312247,47,21586.350225
1252.355563,65,21587.360772
1255.501095,61,21588.212418
1225.089039,66,21589.127045
1168.916992,46,21589.805683
1205.037567,49,21590.482245
1249.09584,56,21591.287245
1302.325726,70,21592.306808
1214.529978,53,21593.07138
1284.730765,69,21594.000198
1230.05316,64,21595.001749
1242.938998,51,21595.771389
1323.178424,64,21596.668936
1316.93306,63,21597.521483
220.595986,70,21598.481097
1258.42455,59,21599.310668
1175.76277,53,21600.129333
1271.83954,60,21600.961902
1179.005684,42,21601.603946
6.73081,41,21602.141944
1207.943545,58,21602.95918
1250.576146,52,21603.714721
1164.261336,39,21604.368722
1297.871634,66,21605.343286
1303.367793,61,21606.197255
1200.774406,53,21606.939801
1194.739331,48,21607.621363
1217.047915,52,21608.417967
1264.56442,61,21609.269972
1131.422073,40,21609.799521
1180.616922,65,21613.740053
1165.969734,56,21614.529592
1318.515901,71,21615.580222
1213.245904,61,21616.460778
1207.172837,58,21617.351778
1186.320403,44,21618.023399
1307.536575,64,21618.923962
1237.746119,52,21619.659512
1176.291273,42,21648.993356
1278.465807,57,21649.787933
1311.699582,75,21650.894475
1165.428524,46,21651.549803
1279.93773,70,21652.60639
1238.343421,66,21653.589033
1216.58224,59,21654.466647
1322.822124,64,21655.398647
1311.791161,67,21656.362291
1150.139398,45,21657.007831
1202.961023,55,21657.813453
1337.178026,67,21658.73308
1299.324681,59,21659.575634
1123.46276,35,21660.101637
1317.004395,63,21661.025194
1164.283046,38,21661.641734
1225.046407,67,21662.585306
1179.623194,51,21663.337379
1234.250988,54,21664.133927
1259.43033,61,21664.968542
1258.182093,62,21665.882178
1162.413346,43,21666.575732
1230.261419,49,21667.272731
1269.785284,74,21668.320285
1171.739078,60,21669.269543
1283.777401,70,21670.3122
1279.098412,60,21671.170839
1233.92668,58,21674.972111
1260.956318,68,21675.969759
1262.932582,58,21676.826399
1300.299517,63,21677.80899
1239.103134,52,21678.527557
1204.701468,51,21679.254558
1219.187664,57,21680.100112
1105.633511344.368202,69,21681152.858481127.188796,40,21681206.179921274.116007,71,2161191.0332551277.904811,58,2161259.1923591270.153776,73,2161288.6421951253.739417,67,21685.591089
1290.571585,69,2161312.1867671302.010264,65,21687.477278
1222.758534,55,21688.307841
1223.464702,83,21689.49447
1303.315253,60,21690.356074
1213.179121,57,21691.182624
1171.908721,50,21691.89817
1296.496652,63,21692.79273
1221.309866,65,21693.74536
1298.377847,58,21694.565357
1290.36263,66,21723.700088
1295.326933,64,21724.651734
1346.434896,72,21725.676292
1278.108803,63,21726.58329
1325.077414,80,21727.700209
1309.778606,74,21728.674839
1310.191247,63,21729.61039
1201.386092,56,21730.42339
1271.086395,66,21731.396937
1175.756667,46,21732.090563
1234.114633,53,21735.863634
1253.732365,59,21736.747188
1247.50389,50,21737.544189
-14.170973,92,21738.939342
94.344519,50,21739.733989
1187.258908,48,21740.459988
188.16461,74,21741.555567
1269.699126,60,21742.468224
1219.295537,51,21743.313842
1292.231911,66,21744.324473
1243.440837,55,21745.199125
241.464313,68,21746.165755
1202.293687,47,21746.881306
1211.453916,59,21747.750943
1274.774766,57,21748.549942
1153.815472,40,21749.133489
1251.040257,67,21750.140042
1301.733511,75,21751.21861
252.05368,72,21752.217238
1172.650077,48,21752.97413
1284.579707,61,21753.86769
1352.095749,68,21754.803309
234.982245,70,21755.849957
1180.087837,38,21756.369956
1261.93665,58,21757.199532
1208.085641,51,21757.920159
1173.540352,46,21758.672373
1152.395352,45,21759.305372
1250.312837,68,21760.291205
1300.471381,62,21761.184815
1326.065429,65,21762.108445
1295.2235,62,21763.018989
1222.585914,66,21763.97255
1141.570447,39,21764.592547
1207.202706,59,21765.476173
1236.603166,62,21769.330631
1327.223256,73,21770.542183
1282.082641,58,21771.441705
168.634443,66,21772.448327
255.245067,76,21773.568881
1228.840302,51,21802.275553
1196.572125,43,21802.866095
1298.87141,77,21803.98739
1253.676889,67,21804.993966
1190.206388,49,21805.723515
1301.06669,64,21806.736141
1222.433299,53,21807.464142
1171.731997,47,21808.109696
1289.477533,72,21809.170325
1184.959693,57,21809.990879
1185.8534,44,21810.616513
1240.861776,65,21811.574515
1273.099135,59,21812.416057
1235.130153,55,21813.182014
1296.767826,68,21814.154569
1194.255307,49,21814.883126
1258.643305,70,21815.905741
1141.406189,45,21816.616303
1304.798526,61,21817.498301
1256.940618,60,21818.332857
1310.825597,63,21819.275438
1328.673145,66,21820.243988
1234.276725,71,21821.256613
1333.077417,66,21822.240908
1245.845056,66,21823.196552
1239.911506,55,21824.024095
1328.732397,73,21825.036623
1280.812224,61,21825.946172
1127.81844,44,21826.622811
1179.527996,38,21830.166464
1284.562653,71,21831.200826
1202.412933,56,21831.989374
129.273342,60,21832.894939
1327.204103,69,21833.925555
1361.162396,71,21834.948162
1139.970419,36,21835.49916
1308.230043,61,21836.360724
1177.254061,44,21837.008344
1293.281459,68,21837.990882
1203.95626,58,21838.862505
1262.230894,62,21839.734059
1267.023344,62,21840.606149
1198.165603,47,21841.331227
1168.500806,47,21842.04286
1182.349163,42,211235.5731411313.109601,64,21843.542433
1315.271078,65,21844.536824
1160.161858,46,2181205.5563141193.49801,54,21841245.485841331.096405,65,21841204.040671166.515819,41,21841283.088061180.303766,49,21841330.957381282.514754,60,21871334.955591261.277157,63,21871222.755781265.474825,58,21871340.273655,71,21880.364466
1220.659495,82,21881.635636
1235.211361,59,21882.503193
1266.466996,64,21883.452741
1247.521619,56,21884.226742
1291.57231290.395625,70,218851284.03326,61,21886.047888
1152.246731226.584969,69,2181222.3303111287.538291,63,2181295.018299,71,21888.551557
1339.597034,73,21892.507735
1183.5172261223.355929,51,2181311.459799,61,21894.079295
1271.270772,63,21894.981842
1311.653048,75,21896.033465
1338.261334,67,21896.985006
1296.728504,62,21897.884655
1249.278568,63,21898.781272
1292.000539,58,21899.716835
1180.171369,55,21900.48041
1284.713496,59,21901.345407
1190.50651,31321.797388,62,21166.164772,51280.471831,62,21168.958999,51249.00925,61,211179.010134,1285.882636,61,211278.68579,81197.397779,62,21228.763781,61171.309229,58,23.881679,37,21320.319478,72,21907.647881
1208.129628,51248.07371,60,211218.460594,1265.414695,62,211322.468918,67,21910.246088
1261.482073,63,21911.223672
1305.477749,65,21912.133312
154.505146,66,21913.044923
1310.848743,68,21914.013567
1288.571837,67,21915.019243
1347.681568,74,21916.068866
1255.158163,57,21916.868506
1239.329929,58,21917.685059
1310.09975,62,21918.639598
1351.950596,70,21919.644236
1216.127703,49,21920.371236
1331.772041,77,21924.435546
1196.909659,41,21924.971096
1219.544622,57,21925.86172
1200.95018,51,21926.637274
1195.034764,50,21955.024359
1327.30026,69,21956.01746
1226.233081,50,21956.721031
1305.512799,70,21957.731579
1286.399495,72,21958.770137
1243.992994,62,21959.686778
1310.805505,74,21960.748328
1295.884243,63,21961.598327
1328.832039,67,21962.564841
1209.995632,48,21963.315387
1300.283706,64,21964.23758
1212.560812,56,21965.080209
1301.215818,69,21966.081828
1264.943094,64,21967.004391
1291.274214,59,21967.791944
1278.07649,55,21968.649986
1221.607904,51,21969.355987
1200.519738,50,21970.035604
1288.542613,66,21971.005157
1283.25648,63,21971.909724
1176.541105,45,21972.592725
1339.042189,69,21973.587011
1188.24218,47,21974.236669
1277.321191,72,21975.198215
1333.630405,68,21976.185774
1222.307626,55,21976.897385
1280.967051,58,21977.740003
1328.371572,67,21978.671634
1269.653546,65,21979.527637
1257.492865,57,21980.329269
1175.567907,37,21980.831889
1182.246882,43,21984.342542
1283.812865,57,21985.168089
1320.123048,70,21986.150631
1178.62514,45,21986.82522
1319.974856,74,21987.839418
1322.11813,74,21988.862976
1279.7449,59,21989.658536
1129.652,33,21990.158536
1289.636236,72,21991.197178
134.938796,55,21991.976725
1315.565358,73,21993.005281
1259.492383,64,21993.874858
1189.043897,52,21994.631449
1210.615118,57,21995.488449
1244.062552,57,21996.274009
1230.618324,50,21996.976561
1280.638152,59,21997.858119
1213.961431,54,21998.672755
1308.57173,75,21999.670392
1279.952606,57,22029.001351
1182.898223,49,22029.712997
1265.173059,62,22030.603631
1323.24678,62,22031.52063
1165.48231,40,22032.13686
1289.092991,61,22032.935411
1164.543235,41,22033.586411
1295.686574,65,22034.524961
1212.233942,56,22035.269569
1307.578108,61,22036.169185
1179.558594,39,22036.766753
27.808747,39,22037.364753
1200.338937,45,22038.009382
1127.051793,35,22038.517384
1160.520866,43,22039.126222
1268.546384,63,22040.030774
1157.276943,42,22040.637337
1320.940249,64,22041.541337
1281.626409,60,22045.334567
1255.380227,66,22046.31119
1220.219501,58,22047.154741
1150.794671,38,22047.720289
1191.433467,49,22048.44729
1340.802211,71,22049.499887
1191.477371,47,22050.162431
1241.873976,53,22050.952997
1274.723377,58,22051.727647
1265.961907,71,22052.758206
1275.593366,59,22053.588207
1222.97183,56,22054.311951
1287.184162,66,22055.230619
1266.714445,67,22056.19812
1215.693173,44,22056.849745
1210.086478,47,22057.511744
1258.118651,61,22058.3754
1328.451699,67,22059.345942
1250.135515,55,22060.152532
1276.726275,57,22060.942149
1139.403642,39,22061.535147
1224.564065,51,22062.269683
1234.697139,53,22063.018325
1217.727671,54,22063.797992
1158.064011,44,22064.435931
1233.57532,58,22065.291558
1247.74952,52,22066.067113
1238.756753,57,22066.843709
1266.389095,61,22067.697273
1277.970062,65,22068.557273
1214.603173,51,22069.296822
1276.995534,63,22070.198413
1226.59424,62,22071.062023
1344.786848,70,22072.111465
1296.110849,71,22073.057014
1270.668359,63,22073.935565
1210.652752,52,22077.620616
1242.975623,57,22106.135526
1325.229617,73,22107.197754
1249.873331,55,22107.938384
1188.214417,46,22108.616929
1229.572413,56,22109.456903
1161.681306.372128,71,22110.01325.960307,75,22111.200214
1268.015885,65,22112.169849
1138.965948,47,22112.885471
1271.410055,57,22113.722103
1215.930016,57,22114.53361
1167.881055,42,22115.132178
1327.49474,67,22116.019798
230.798675,70,22116.98234
1140.341868,61,22117.809949
1178.648469,46,22118.491949
1312.622419,63,22119.346624
1208.406539,52,22120.100187
1328.771365,65,22121.039757
1281.576157,63,22121.959309
1262.974615,64,22122.914868
1231.40437,57,22123.7415
1290.245514,61,22124.682039
1208.19711,45,22125.359039
1223.975841,52,22126.145654
1257.953759,62,22127.061281
1305.984322,72,22128.150822
1319.764574,63,22128.965607
1271.102702,61,22129.874161
1245.148693,63,22130.860795
78.17005,57,22131.656372
1208.420678,56,22132.467022
1206.421228,49,22133.177611
1214.998962,49,22133.917164
1344.278218,79,22138.03435
1264.241232,54,22138.816926
1245.366273,70,22139.827476
1314.199816,63,22140.757149
26.953927,37,22141.337149
1190.874199,48,22141.983695
1244.380093,66,22142.891563
1307.019642,65,22143.913113
179.076048,71,22144.860688
1285.620406,77,22146.022389
1198.726395,53,22146.816166
1270.09775,63,22147.751143
1305.370418,67,22148.724767
1304.92902,62,22149.651313
1166.174208,45,22150.246312
1209.930731191.318017,82,22151100.015621236.721901,50,22151214.28601294.952195,67,221801262.36051274.607861,60,2211265.8706921297.839506,77,2211230.2774861183.876689,48,2211299.4383241232.193397,65,2211187.79995,1200.643775,44,21182.085693,41249.560386,79,22186.156214
1311.189987,65,22187.092778
1280.18313,59,22187.956319
1237.28926,58,22188.896909
1193.161199,48,2211338.4545921248.553723,64,2211250.1378721272.886042,62,2211253.84454,1163.681875,54,221196.495347,1245.24316,58,2211356.8849261237.812363,64,2211301.3106281231.305722,53,2211352.49976,1154.580948,52,221276.215518,1280.425089,60,221336.499298,75,22200.646371
94.323146,49,22201.405371
1227.451716,51,22202.246386
1290.335199,69,22203.24595
1346.995202,70,22204.227533
1311.31382,69,22205.25849
1285.473633,62,22206.122045
1266.840954,64,22207.035618
1209.553877,51,22207.861188
1294.543379,58,22208.700749
1270.553992,64,22209.615312
1267.536026,71,22210.612884
1305.295231,61,22211.545885
1293.718336,69,22212.556428
1232.088047,62,22213.458977
1254.879652,67,22214.407068
1228.839819,62,22215.329682
1312.147536,71,22216.376243
1283.442904,79,22217.554339
1315.252404,65,22218.494907
1218.75388,50,22219.251458
1180.342723,46,22219.976027
1150.888654,43,22220.591027
1291.131744,59,22221.449576
1220.337646,51,22222.224155
1159.84488,42,22222.869706
1235.908671,52,22223.633296
1177.861558,59,22224.506296
1206.608908,51,22225.29587
1228.485288,54,22226.094502
1317.420825,77,22255.433051
1334.368405,68,22256.455635
1297.616377,64,22260.291858
1236.113866,59,22261.127407
1291.719674,62,22262.006501
1274.112849,59,22262.871064
1260.537481,57,22263.682126
1315.251548,75,22264.755761
1319.620793,63,22265.699415
1229.06946,56,22266.501414
1299.547389,65,22267.488972
1297.936195,71,22268.496397
1312.707843,66,22269.446957
1340.525632,67,22270.501516
1308.243115,82,22271.67066
1254.58436,81,22272.903281
1158.607594,42,22273.541282
1316.012534,65,22274.525843
1296.773959,60,22275.42342
1249.927575,56,22276.159801
1224.952454,49,22276.891386
1253.67033,58,22277.728952
1283.199441,72,22278.75751
1310.346145,69,22279.71515
1321.415329,67,22280.67081
1330.313968,66,22281.575811
1229.014203,52,22282.357423
1308.861734,66,22283.267014
1271.237332,58,22284.08166
1270.776422,63,22284.936255
1305.962965,71,22285.960823
1292.59088,62,22286.817518
1272.499188,64,22287.755074
1250.211343,55,22288.584074
1148.60604,41,22289.215631
1206.978755,47,22292.857814
1309.277034,66,22293.739364
1295.625085,63,22294.622961
1206.013247,53,22295.341962
1271.196052,60,22296.211532
1202.010296,56,22297.010096
1248.226159,63,22297.897644
1231.231602,65,22298.774291
1231.516098,60,22299.59729
1332.504834,68,22300.600091
1254.481671,58,22301.39164
1210.469736,52,22302.162226
1316.994472,66,22303.136748
1277.701561,64,22304.055382
212.393949,65,22333.975723
1117.304588,37,22334.501721
1351.583805,75,22335.551275
1189.957289,42,22336.209804
1237.835895,65,22337.160417
1291.796906,68,22338.12001
1305.374519,63,22338.998572
1206.525962,54,22339.740159
1267.543119,55,22340.570161
144.718162,54,22341.397804
1211.754907,55,22342.187355
1164.90532,46,22342.850901
1281.832031,58,22343.727534
1334.096469,70,22344.701081
1181.405794,53,22345.433081
1193.796341,46,22346.100746
1314.933698,67,22347.054286
1235.317626,55,22347.803932
1294.117891,64,22348.733493
1238.897568,62,22349.695137
1259.012163,68,22350.655699
1196.19825,50,22354.349708
1221.569309,56,22355.180337
1258.382688,54,22355.962889
1235.344405,48,22356.713537
1187.45209,44,22357.356536
1169.00453,44,22358.020172
1195.436152,51,22358.761789
1160.236385,39,22359.340789
1288.480635,60,22360.195326
187.549134,74,22361.217879
1274.719558,57,22362.00943
1235.855915,56,22362.865989
1274.510634,58,22363.709608
1247.056129,61,22364.566219
1239.915222,58,22365.401806
1304.755055,64,22366.339364
1170.067045,44,22366.998971
1257.41855,58,22367.804538
1205.008167,48,22368.472537
1279.466389,59,22369.298087
1175.802945,46,22370.026728
1234.883367,54,22370.790356
1304.256933,62,22371.692903
1208.751802,63,22372.649464
1227.616061,54,22373.435465
1243.898317,63,22374.357088
1212.953167,53,22375.100666
1151.83969,41,22375.666241
1199.002509,56,22376.444611
1292.281495,64,22377.411177
1245.997824,48,22378.057788
1302.569199,75,22379.178329
1243.836108,57,22408.488049
1177.641184,48,22409.142605
1242.238363,74,22410.244236
1243.457654,61,22411.134789
1218.698147,52,22411.926425
1263.71617,60,22415.753624
1124.118724,39,22416.355624
1209.684744,53,22417.125528
1209.858886,48,22417.869073
196.871603,64,22418.700616
1231.269278,58,22419.494616
1146.0853061328.25151,78,2241179.938213217.899647,73,22421185.295391287.113565,67,22422.211904
1300.433529,74,22423.3065
1137.473848,35,224231274.51611327.549112,62,224241318.34091312.972618,72,22425.8302
1322.637766,73,22426.85316
94.258708,51,22427.51279.741244.699511,48,22428.21229.231312.171276,72,22429.278331
1326.419664,65,22430.23591
222.189378,73,22431.392449
1312.281668,71,22432.352986
1300.357367,68,22433.26398
1251.491327,64,22434.207629
1153.921731,38,22434.7932
1312.110065,67,22435.740729
1278.791147,57,22436.528289
1287.15922,83,22437.855838
1311.637518,63,22438.742457
1188.657376,49,22439.451085
1289.839968,65,22440.411589
1180.737472,46,22441.062137
1193.971632,48,22441.800766
1320.873663,66,22442.732387
1145.077244,37,22443.294386
1315.340175,69,22444.287063
1194.641362,51,22447.95073
1197.774935,45,22448.588274
1234.549151,57,22449.355276
1287.046964,68,22450.33883
1316.752878,66,22451.267462
1213.480466,53,22452.094052
1202.105079,60,22452.985052
1165.569254,44,22453.625665
1347.683638,70,22454.642969
114.182022,56,22455.420599
1189.239999,48,22456.104601
1257.451666,56,22456.9180.781226.502221,46,22486.01328.611296.463406,70,22487.1213.2111303.444015,78,22488.18421
1311.76843,64,22489.156756
1195.027916,51,22489.900311
1317.34389,72,22490.831854
1196.087947,52,22491.571320.71182.203853,51,22492.281296.51313.44377,75,22493.403594
1222.796375,62,22494.297598
1301.578537,74,22495.407348
1314.934268,62,22496.297889
1296.793017,73,22497.456071
1205.255122,57,22498.335071
1245.036259,55,22499.097654
1348.203682,74,22500.182211
1300.187339,79,22501.308768
1229.171351,68,22502.268342
1199.968459,48,22502.999946
1113.952464,36,22503.589511
1251.031193,61,22504.497094
1244.590306,62,22505.432728
1161.754322,40,22508.877453
1186.362445,47,22509.573009
1200.337591,52,22510.35487
1241.465398,53,22511.180429
1236.587533,55,22511.955987
1155.394052,38,22512.595536131308.705222,75,22513.66223
1185.6529,59,22514.532793
1221.138856,51,22515.336795241354.617268,72,22516.386408
1267.685316,63,22517.289408
1154.35906,41,22517.970946
1329.585603,67,22519.0095
1289.429237,79,22520.122119
1149.481022,38,22520.734675
1267.347209,62,22521.69029
1253.530698,55,22522.569933
1309.139221,66,22523.470042
1302.358923,69,22524.482594
1252.992997,69,22525.554147
1302.318297,60,22526.44778
1191.955346,38,22527.033779
1236.56785,61,22527.901362
1277.294195,57,22528.743911
1254.724359,59,22529.613467
1297.636584,59,22530.498032
1259.336801,70,22531.596682
1226.1974,52,22532.373682
1267.649669,56,22533.185316
1242.058923,56,22562.865814
1215.311514,56,22563.707381
227.36847,77,22564.915497
1217.770826,59,22565.790134
1318.413624,68,22566.779787
1291.613829,65,22567.754398
1277.045236,62,22571.658592
1201.33846,48,22572.356593
1200.547414,48,22573.105189
1279.806175,69,22574.158738
1288.027137,64,22575.106802
1144.271344,40,22575.61945
1303.959529,67,22576.621003
1281.50937,66,22577.525633
1213.842178,53,22578.318635
1247.662575,74,22579.443882
1318.726817,63,22580.35036
1223.603157,55,22581.155993
1220.516136,53,22581.901646
1269.550556,56,22582.725266
1329.608816,78,22583.876114
1155.990179,38,22584.46267
1238.870118,51,22585.25767
1290.949432,73,22586.333305
1175.892891,45,22586.979862
1216.34339,53,22587.774411
1271.788298,71,22588.812029
1249.703362,72,22589.991674
1185.088853,50,22590.775294
1300.3669,69,22591.823931
1207.433377,54,22592.611696
1142.459734,40,22593.160695
1311.923007,73,22594.311655
1258.933266,68,22595.301309
1202.70023,51,22596.089867
1212.967182,51,22596.877488
1107.288961,33,22597.35049
1232.477838,52,22598.132027
1233.470633,55,22598.96355
1173.825726,50,22599.726169
1235.340646,52,22600.473707
1325.903256,65,22601.476335
1217.725154,51,22605.1163.0801312.67134,63,22606.1262.3431222.78953,53,22606.971.63521255.445398,57,22607148.844811245.9053,53,22608.594263
1271.437726,56,22609.395263
1231.623154,59,22610.267891
1162.128452,39,22610.874535
1210.62616,52,22611.655102
1238.89969,68,22612.628688
1209.651928,58,22641.862116
1152.144017,49,22642.632746
1332.046717,64,22643.545368
1244.76934,60,22644.418086
1271.523659,64,22645.465731
1281.652442,65,22646.33773
1169.924662,41,22647.027315
1210.257828,52,22647.893947
1205.050987,47,22648.62552
1295.779349,61,22649.555062
1294.129999,63,22650.452608
232.426655,73,22651.514193
1158.829104,40,22652.160193
1180.458126,47,22652.836767181231.198911,54,22653.573582441262.648306,55,22654.3555199.1214.878066,52,22655.10481.871225.446301,52,22655.8196.8181275.106147,70,22656201.286461357.368988,73,2265195.8867911326.11355,76,2265259.709032,69,22659.839046
151.827204,1326.56781,64,226225.414804,70,22661.734252
105.268563,48,22662.36625
5.5667,36,221263.878115171.789898,48,22661248.93065178.240644,54,226671307.8099213.862923,65,22668.1269.341232.819821,73,22669.41300.51209.444499,72,22670.441229.6189.975925,58,22671.2911205.175.905353,59,22672.16851230212.532213,62,22673.118207
105.994207,48,22673.863652
155.470586,48,22674.60227
266.034784,70,22675.653888
146.354865,59,22676.527887
166.835685,70,22677.565517
170.285275,61,22678.478153
190.360898,65,22679.421696
172.764842,58,22680.342247
128.914939,46,22681.025808
141.786767,48,22681.747433
150.475148,53,22682.504432
166.820352,62,22683.413594
189.617801,64,22684.382157
201.393513,66,22685.373794
224.80487,72,22686.388409
114.297281,50,22687.135022
137.007686,63,22688.059638
136.808501,51,22688.756188
131.93059,59,22718.479875
221.103845,61,22719.415975
184.621673,59,22720.203561
116.328262,48,22720.897172
139.144296,63,22721.827815
122.915085,51,22722.597807
207.306122,64,22723.617949
63.434451,33,22724.053985
204.907971,61,22724.893565
247.023737,68,22728.839063
138.096654,56,22729.674268
219.012634,63,22730.595269
214.809456,63,22731.595905
163.579665,66,22732.544449
186.800022,55,22733.353083
129.491305,49,22734.03242
168.094623,58,22734.922962
119.043904,50,22735.691592
217.153586,72,22736.7332
127.969627,47,22737.404247
216.261878,62,22738.341803
86.96146,45,22738.958312
227.540776,72,22739.992859
101.877414,47,22740.653492
229.842616,75,22741.731045
135.559225,46,22742.428044
70.033048,41,22742.999609
216.897519,71,22744.053498
95.465911,39,22744.669122
54.652432,36,22745.279123
110.151713,44,22745.939733
154.631588,50,22746.693357
211.401858,58,22747.54636
90.563287,46,22748.229992
74.134566,39,22748.826616
152.702428,58,22749.751269
149.295821,52,22750.509222
102.73454,45,22751.240777
146.569607,59,22752.136889
119.552122,49,22752.852454
219.06525,65,22753.819117
145.2725,49,22754.481944
206.868194,58,22755.362522
213.854842,59,22756.256052
87.178722,39,22756.829684
69.451727,35,22757.398684
225.52947,73,22758.380246
228.244856,62,22762.272555
199.899954,66,22763.205114
120.871021,54,22763.967663
106.378236,49,22764.676344
114.608421,41,22765.3013
172.455178,54,22766.112914
227.616523,63,22767.014458
120.24688,55,22767.789009
88.089586,43,22796.759223
125.869196,61,22797.620821
99.44695,45,22798.311229.8226.536782,69,22799.351338
238.938922,62,22800.237089
150.886706,50,22800.9976257.250.562696,73,22802.156162
184.548827,56,22802.96172132224.52239,70,22803.94437
95.313454,39,22804.560329
49.824754,33,22805.080942
236.335145,69,22806.082658
266.728249,67,22807.053272
116.423565,50,22807.784883
164.51295.162143,60,22808.43203.252908,59,22809.375511
137.5431270.958237,67,22810211.610112,66,22811.219577
237.673713,61,22812.188261
78.96299,1318.552013,76,22186.775962,61284.723402,58,2184.074706,651192.239644,56,224.917278,621322.161609,70,203.552381,731315.739487,64,119.451949,46,1241.316561,63164.075929,55,21305.872823,649.606844,45,2281313.926334234.178651,64,22821304.027819,63,22823.642259
1183.3487258.448141,67,22821270.39508168.977466,51,228251206.8372211.598335,59,228261174.5621206.727761,59,22827.1286.381166.413987,57,22828.01226.40169.445313,52,22828.81299.19149.44028,62,22829.8101266.141.690796,51,22830.56841176.047917,43,22830.87005
116148.137768,58,22831.91068911215.207734,60,22832.86634111169.569763,68,22833.856929
75.213149,40,22834.441204
220.76339,59,22835.330703
1201.405432,44,22835.98454
1254.800526,65,22836.982145
1294.796858,66,22837.959684
1286.14567,71,22838.980593
1218.832831,54,22839.803229
1236.86452,64,22840.707822
1287.334351,65,22841.669818
1269.973623,61,22842.621462
1259.569,54,22843.399462
1244.954635,62,22874.42211
1314.112406,66,22875.406011
1125.332272,32,22875.881629
1287.134454,70,22876.970246
1219.278267,64,22877.805799
1296.235034,67,22878.830409
1306.221794,61,22879.669954
1278.121435,66,22880.646605
1352.214709,80,22881.802187
1239.564972,56,22882.621838
1242.644911,52,22883.386836
1190.080258,47,22884.099402
1177.827281,41,22887.646566
111.9014,54,22888.448836
1240.849589,63,22889.381398
1166.104403,38,22889.978956
1300.007897,64,22890.953563
1218.631389,63,22891.870108
1226.939562,49,22892.571109
1243.930452,51,22893.281653
1246.583256,59,22894.140287
1266.533978,54,22894.921923
1155.685238,44,22895.605977
1168.560052,43,22896.249193
1303.15674,61,22897.154698
1227.459038,61,22897.999878
1154.499041,40,22898.567878
1120.154228,87,22899.812975
1159.349706,44,22900.478976
1271.314072,58,22901.323623
1280.718573,69,22902.34618
1179.029822,45,22902.928738
1247.265117,56,22903.721365
1158.936365,42,22904.331367
1214.754921,63,22905.313534
1274.927741,65,22906.300084
1186.862373,67,22907.242768
1298.503467,63,22908.242377
1217.595405,50,22909.01293
1302.285551,61,22909.961475
1296.623529,64,22910.85409
1259.988808,64,22911.820701
1303.897343,63,22912.740343
1236.635872,69,22913.682953
1318.210297,64,22914.60785
1300.096815,64,22915.55085
1282.213187,60,22916.42547
1288.872632,68,22920.337732
1264.588999,58,22921.22932
1151.842923,36,22921.796935
1181.65293,46,22922.462936
1327.818991,71,22923.452515
1180.63109,59,22953.214552
1316.471702,70,22954.163396
1167.257186,56,22954.964931
1181.87452,43,22955.581931
1263.465509,67,22956.542593
1307.838912,74,22957.580101
1314.222041,65,22958.611205
1213.227774,53,22959.365205
1301.828481,60,22960.267755
1194.836625,55,22961.075324
1242.743433,59,22961.874942
1198.08706,45,22962.558784
1274.692098,56,22963.348414
1250.144811,62,22964.225977
1329.900151,65,22965.11252
1263.253408,62,22966.02016
1337.047494,78,22967.117707
1171.815734,49,22967.852248
1261.756883,60,22968.684856
1333.243401,77,22969.805429
1346.649963,68,22970.832838
1272.343269,58,22971.676485
1324.658851,73,22972.779104
1171.88319,44,22973.392103
1257.68716,58,22974.216655
1312.475342,62,22975.095277
1197.207975,52,22975.822851
1175.730209,48,22976.583851
1265.649012,58,22977.384475
1180.393925,46,22977.98503
1189.060102,47,22981.69445
1287.408537,60,22982.531451
1286.373956,59,22983.395992
1303.023952,75,22984.481585
1302.905232,61,22985.370225
1243.647018,55,22986.217813
1320.637132,65,22987.101372
1195.885732,49,22987.824922
1157.497658,34,22988.335923
1217.090815,51,22989.086347
1285.024916,66,22990.131868
1312.340067,67,22991.070518
1320.816222,68,22992.029116
1283.435373,57,22992.850713
1209.751069,49,22993.581754
1191.690221,67,22994.610391
1270.095243,78,22995.775237
1203.678892,51,22996.471189
1202.849754,57,22997.328836
1239.41866,52,22998.149345
1287.869344,71,22999.204886
1168.117363,47,23027.533814
89.302991,44,23028.184458
1315.714221,65,23029.130018
1264.494722,63,23030.07764
1319.294984,69,23031.044067
1205.57776,52,23031.830573
1304.115029,64,23032.77805
1244.890784,56,23033.592048
1305.846062,76,23034.654207
1303.008664,61,23035.567963
1248.173739,51,23036.260517
1260.325614,60,23037.112147
1241.493473,62,23038.032711
1148.124536,47,23038.74834
1249.144973,56,23042.541988
1237.12398,53,23043.33219
1262.535078,69,23044.369387
1257.943167,57,23045.165844
1181.07916,42,23045.764465
1186.168593,49,23046.529465
1347.15568,73,23047.595026
1258.977653,58,23048.487633
1229.419656,58,23049.332264
1351.202297,75,23050.436493
1288.852269,67,23051.396092
1226.758108,47,23052.053714
1168.79075,86,23053.285302
1273.638788,64,23054.24886
1213.780265,46,23054.885447
1276.045109,57,23055.68607
1160.426612,41,23056.248069
1296.396384,65,23057.237643
1278.519173,66,23058.198549
1322.751958,66,23059.207764
1236.754137,53,23059.994326
1168.625205,42,23060.590328
1183.290726,45,23061.24288
1231.023431,56,23062.144513
1238.430531,55,23062.994062
1295.170402,59,23063.823666
1213.321841,46,23064.519732
1263.37476,60,23065.413282
1247.424766,59,23066.248681
1300.529965,62,23067.184283
1150.836452,41,23067.867852
1260.721826,77,23069.03051
1254.633597,52,23069.78406
1277.187236,55,23070.619625
1237.370075,51,23071.439126
1296.198264,66,23072.463762
1215.814426,49,23076.183836
1224.752669,52,23077.014452
1314.135461,67,23105.434223
1248.044883,54,23106.25878
1333.211928,68,23107.328321
1222.297847,50,23108.023863
1266.506405,57,23108.907436
1266.692537,58,23109.817035
1209.751907,48,23110.542032
1367.091948,75,23111.687239
1237.798844,65,23112.624796
1260.545185,54,23113.451796
1204.15918,57,23114.272357
1204.375346,49,23115.012909
1312.775392,64,23116.005464
1247.75214,64,23117.004008
1236.540145,52,23117.773657
1203.152253,57,23118.630223
1237.117987,56,23119.395222
1302.478418,63,23120.377758
1229.466136,64,23121.378311
1177.781079,45,23122.056592
1230.654226,51,23122.841146
1305.833855,78,23123.9927
1234.166411,58,23124.91833
1243.984575,62,23125.878873
1228.377382,60,23126.805432
1177.000145,48,23127.509432
1333.601824,71,23128.598068
1287.218548,64,23129.550653
1267.152223,55,23130.390203
1277.66294,69,23131.45586
1278.909134,58,23132.367451
1327.935808,67,23133.396004
1230.925557,56,23137.267398
1180.155027,46,23137.950959
1215.636408,55,23138.776562
1288.281819,64,23139.805191
1304.679728,60,23140.694834
1256.185357,69,23141.723977
1211.130663,59,23142.63498
1311.434297,71,23143.72461
1258.960105,65,23144.695328
1303.053593,65,23145.683931
1291.430629,65,23146.693574
1177.453496,38,23147.245573
1332.627892,72,23148.286126
1216.842473,49,23149.009755
1288.164969,75,23150.13431
1172.188025,47,23150.875878
1245.848661,62,23151.749418
1168.639718,41,23152.290416
1174.457218,39,23152.947959
1185.893563,58,23181.813807
1184.565168,66,23182.793445
1195.233783,45,23183.481444
1283.549181,69,23184.458103
1284.679583,65,23185.422681
1198.056464,46,23186.212317
1167.063525,41,23186.807939
1240.606122,56,23187.672575
1324.99879,69,23188.703121
1148.15767,40,23189.354121
1265.883986,62,23190.256661
1183.28821,49,23190.99523
1329.647538,69,23192.013798
1291.607815,62,23192.923512
1144.769647,36,23193.469509
1211.373782,49,23194.179215
1201.795579,48,23194.939819
1321.020231,66,23198.929024
1285.717324,80,23200.117631
1194.538317,49,23200.842227
1293.734674,68,23201.898778
1273.370894,64,23202.803337
1153.06774,47,23203.568335
1343.192663,69,23204.612258
1248.150201,81,23205.792898
1199.480112,44,23206.472897
1228.03984,54,23207.184445
1269.276688,63,23208.141996
1191.781524,47,23208.839621
1225.416688,52,23209.589621
1313.302199,81,23210.805793
1350.87972,69,23211.85942
1199.927315,49,23212.536419
1260.783441,58,23213.400976
1304.779623,61,23214.312598
1271.541582,58,23215.096228
1322.833211,75,23216.19856
1322.624164,65,23217.190065
1318.421085,65,23218.119653
1268.871145,55,23218.908203
1273.693932,62,23219.896771
1297.130781,62,23220.807402
1209.689065,51,23221.544403
1263.849843,58,23222.472026
1189.430783,44,23223.090563
1252.238624,52,23223.886111
1330.193196,71,23224.955669
1218.165109,55,23225.74722
1264.77989,62,23226.59222
1304.866433,64,23227.555426
1233.672661,69,23228.578056
1320.195067,76,23260.760822
1259.511105,53,23261.577821
1157.277615,40,23262.17849
169.989608,69,23263.272156
1248.814484,53,23263.976791
1285.23098,68,23265.028336
1239.627204,75,23266.090977
1217.78456,55,23266.929552
1184.642427,48,23267.622104
1252.915782,56,23268.547106
1276.942507,66,23269.589657
1300.553294,62,23270.534297
1253.784621,55,23271.365878
1187.282894,50,23272.092434
1325.505449,65,23273.062985
1189.73983,49,23273.768568
1208.320694,51,23274.611125
1209.439974,49,23275.293125
1244.249091,64,23276.293148
1340.712841,73,23277.348775
1258.533066,56,23278.151395
1244.660376,57,23279.062782
1213.718031,46,23279.689336
1207.711126,50,23280.466336
1273.433106,67,23281.447905
1192.663028,46,23282.261529
1315.785744,62,23283.179085
1207.941209,58,23283.995713
1342.050323,75,23285.058344
1250.062247,56,23285.859969
1298.097455,62,23286.82552
1175.554527,37,23287.344521
1189.355124,42,23287.979167
1112.782156,38,23288.569167
1176.113305,48,23289.337718
1266.635664,61,23290.283342
1256.006661,70,23294.222387
1251.556721,62,23295.146943
1169.372853,44,23295.897888
1222.739289,57,23296.641459
1238.23588,51,23297.45646
1235.43155,60,23298.312011
1365.440208,76,23299.455561
1308.661284,69,23300.427137
1215.589784,50,23301.181702
1310.664106,72,23302.273322
1231.976094,53,23303.032897
1280.578886,62,23303.98645
1142.071567,39,23304.582452
1228.778159,54,23305.370993
1252.844682,55,23306.238215
1218.036336,49,23306.924859
1166.211726,37,23307.501858
1222.176005,52,23337.472686
1202.753233,49,23338.261234
1191.498417,45,23338.945785
1217.838638,49,23339.691467
1219.589887,60,23340.631111
1235.871246,64,23341.607108
1334.269695,64,23342.568695
1278.938114,65,23343.612793
1177.765271,48,23344.351793
1239.418844,80,23345.595349
1154.666845,40,23346.21808
1166.645611,38,23346.770699
1214.474532,61,23347.689269
1202.54863,59,23348.543268
1224.398798,55,23349.379854
157.473794,59,23350.26141
1223.701597,60,23351.208988
1300.45429,67,23352.194601
1148.814293,37,23352.780227
1309.467121,62,23353.691775
1302.870467,60,23357.558046
1305.044618,65,23358.590693
1197.869331,56,23359.476305
1241.367225,66,23360.451898
1315.298925,63,23361.36746
1285.730653,65,23362.283013
1270.94019,57,23363.132574
1211.095479,48,23363.863208
1141.230527,34,23364.376209
1344.605645,73,23365.535829
1269.997627,61,23366.485456
1224.421763,49,23367.181006
1289.28388,60,23368.123645
1252.870119,67,23369.164753
102.230344,58,23370.054306
1293.698384,73,23371.171867
1259.971462,57,23372.014215
1263.06673,65,23373.020768
1298.612695,69,23374.036375
1227.087369,65,23375.010663
1279.057032,68,23376.046222
1289.354113,64,23377.055778
1294.035595,68,23378.016331
119.019963,47,23378.740895
1237.473207,81,23379.926543
1271.031464,70,23380.963094
1243.236888,62,23381.864648
1240.976897,52,23382.65132
1211.859371,50,23383.386322
1142.330197,40,23383.981347
1120.712564,33,23384.510347
1230.07756,55,23385.301913
1262.316592,61,23418.77376
1213.476608,50,23419.608876
1300.187733,60,23423.465595
1263.764154,68,23424.464594
1314.771605,73,23425.629479
1290.879367,60,23426.486479
1250.161482,63,23427.389252
1195.177171,56,23428.319904
1191.198289,53,23429.041521
1273.025877,58,23429.918077
1226.054067,61,23430.850715
1339.532077,69,23431.895344
1221.976768,65,23432.799918
1124.22652,59,23433.681449
1214.678857,47,23434.354449
1238.022506,58,23435.223015
1230.048332,51,23435.971559
1194.772411,58,23436.822116
1294.120246,73,23437.954153
1160.402552,41,23438.544152
1211.741399,51,23439.337787
1208.806482,59,23440.171362
1156.24355,39,23440.756918
1238.433457,54,23441.583916
1262.598294,54,23442.429459
1254.557902,59,23443.328
1241.432568,67,23444.33564
144.855207,57,23445.116289
1240.244102,55,23446.023846
1183.257266,39,23446.630391
1250.952658,72,23447.718081
1263.736992,58,23448.616635
1268.818391,55,23449.443636
1272.761114,56,23450.301613
1256.505624,66,23451.276703
1254.578337,76,23452.418234
1228.457593,49,23453.132788
1239.255562,58,23454.001121
1170.759126,41,23457.526751
1172.091937,43,23458.174934
1227.285408,49,23458.924571
1314.345007,66,23459.898641
1156.963935,61,23460.744205
1320.950975,69,23461.798769
1150.131794,44,23462.471771
1202.405318,46,23463.208356
1187.642065,42,23463.823904
1314.928713,65,23464.806459
1203.264436,52,23465.616009
1266.212997,63,23466.593013
1320.716937,66,23467.603646
1225.346512,59,23468.573883
1246.654804,63,23500.942289
1242.128253,51,23501.71691
1228.801789,63,23502.692465
1259.804626,71,23503.694027
1323.023565,64,23504.673084
1311.167453,68,23505.639658
1175.666347,41,23506.22466
1179.692868,39,23506.79722
1240.915188,57,23507.594219
1191.767311,50,23508.349757
1222.887194,66,23509.330417
1286.258055,64,23510.29672
1325.854266,66,23511.300278
1289.625202,59,23512.171819
1171.189364,49,23512.954448
1297.201593,63,23513.813985
1232.756866,54,23514.617537
1232.470417,56,23515.483537
1294.077514,74,23516.573097
1310.43702,62,23517.476332
1324.2023,64,23518.438948
1212.359859,50,23522.156942
1315.775332,63,23523.113438
1306.314439,67,23524.043059
1309.019767,62,23524.922697
1266.668658,59,23525.806356
1275.150965,76,23526.945997
1235.206308,56,23527.765618
1177.994299,46,23528.487488
1207.169957,56,23529.359034
1245.296893,55,23530.132591
1304.327148,65,23531.09315
1334.336946,74,23532.241813
1230.407642,54,23533.084363
1310.744784,69,23534.093991
1240.227759,56,23534.866616
1286.753152,61,23535.848217
1290.330343,66,23536.780787
1181.062945,43,23537.463788
164.988701,55,23538.284939
107.567234,48,23539.006489
1205.123406,44,23539.656406
1320.79344,67,23540.685974
1201.794067,49,23541.460974
1182.279751,47,23542.167047
1284.077892,58,23543.00467
1280.513238,66,23543.957286
1253.834609,54,23544.851899
1211.344053,50,23545.568899
1299.864578,61,23546.421457
1284.570628,59,23547.319987
267.580144,80,23580.59258
1241.642854,57,23581.478117
1184.027516,46,23582.218673
1191.315189,42,23582.823226
1191.985784,47,23583.561226
1169.325851,42,23584.231856
1207.229243,48,23587.893656
1233.967319,55,23588.696883
1290.737438,68,23589.690522
115.737572,45,23590.312519
1210.602533,58,23591.223067
156.0359,56,23591.977681
1289.761779,57,23592.825233
135.525341,53,23593.664972
75.271023,42,23594.328973
1250.408,64,23595.248306
1218.904691,49,23595.949912
1209.112008,53,23596.737514
1225.605752,52,23597.504517
1267.004855,70,23598.586065
176.98153,64,23599.51768
185.456229,63,23600.485295
1254.484855,72,23601.573928
1211.212268,42,23602.205483
1196.180017,53,23603.038069
102.513933,53,23603.815696
1331.213927,75,23604.913379
1133.022296,37,23605.483179
1258.178597,61,23606.426813
196.447372,76,23607.535516
1225.5566,48,23608.250102
1245.239166,57,23609.047644
1317.077853,73,23610.201216
116.875381,52,23610.986771
1289.769121,61,23611.864402
1275.549792,58,23612.700524
1338.617321,69,23613.738087
1304.810749,68,23614.733698
1168.066441,64,23615.652248
1290.709756,66,23616.643792
1280.685416,67,23617.578157
1308.936561,65,23621.504341
106.739723,52,23622.330983
1208.976958,57,23623.182552
1278.069207,64,23624.117105
180.319682,55,23625.003442
1150.574172,42,23625.64608
1186.98847,46,23626.25908
122.76288,53,23627.054644
1285.772355,75,23628.251304
149.063956,50,23628.974954
251.271848,74,23630.136514
1180.261281,43,23630.758097
194.050457,62,23663.226185
1338.319854,65,23664.164799
1190.367931,40,23664.807347
1238.250388,56,23665.59535
1295.25811,69,23666.65344
1293.264677,74,23667.775054
1197.965028,48,23668.537054
205.768701,81,23669.815328
1234.780583,53,23670.614892
1265.357411,66,23671.574892
1197.463964,48,23672.346503
223.730622,73,23673.386133
1222.485974,51,23674.149722
1207.897407,51,23674.927281
1196.843718,50,23675.675849
1185.477865,45,23676.382849
1235.68284,58,23677.2965
132.284828,47,23678.015157
1237.804211,57,23678.88373
66.488625,40,23679.450731
1269.772252,56,23680.261298
1193.559171,48,23681.029918
92.191636,40,23681.660468
77.755256,44,23682.306471
129.92858,48,23683.022117
1223.735541,52,23686.72531
1344.682449,76,23687.961927
121.311721,47,23688.683481
1321.806303,82,23689.950132
110.744409,43,23690.548132
1228.435992,54,23691.336693
156.40676,70,23692.438317
1192.835628,87,23693.73048
189.951722,66,23694.727026
1333.596601,66,23695.731647
1340.961405,66,23696.731216
1337.906737,66,23697.724616
1283.206907,69,23698.730235
1288.911092,59,23699.649878
1292.099599,62,23700.596878
1263.111991,60,23701.508506
178.130588,56,23702.380126
1242.776903,55,23703.280776
1345.986373,72,23704.331331
232.884838,68,23705.31695
68.784612,45,23706.025589
1172.812471,54,23706.860224
1234.013705,60,23707.728776
1312.282827,74,23708.856397
1307.986965,64,23709.872944
1248.192115,59,23710.783571
1196.571983,45,23742.736487
207.40241,66,23743.748037
1138.441593,36,23744.259039
168.008014,74,23745.347575
1252.480271,63,23746.309249
1275.298676,59,23747.169803
166.114873,53,23747.987436
1241.69759,55,23748.763044
1227.314124,52,23752.504195
180.438952,65,23753.480823
1249.431392,56,23754.360434
1259.507467,55,23755.175972
1271.548602,68,23756.269987
1162.71903,47,23756.944557
1329.345488,78,23758.137159
1336.418271,76,23759.237731
1336.767337,72,23760.326307
1218.606823,51,23761.108866
1289.275452,70,23762.115425
148.131224,51,23762.853038
1223.540409,53,23763.683598
1338.568825,71,23764.772159
1324.541721,71,23765.899816
1208.964044,49,23766.642449
114.599821,51,23767.356449
1281.530399,70,23768.450007
1228.842673,56,23769.282567
130.47256,49,23770.067127
1261.422705,59,23770.982695
1351.476445,73,23772.058251
1304.388899,65,23773.001801
1257.734883,60,23773.815347
1266.538808,65,23774.762953
1306.000712,65,23775.770519
1207.618443,53,23776.538518
1215.090876,52,23777.337112
1325.58192,70,23778.377691
1307.380711,70,23779.443312
227.564685,65,23780.482854
1243.739884,56,23781.282043
176.401236,59,23782.166609
1246.07344,57,23785.968821
1146.932062,39,23786.573829
1279.198975,58,23787.439403
1226.571633,53,23788.223013
1290.487976,68,23789.254651
1325.758784,67,23790.234211
118.719946,48,23790.989782
1339.437197,82,23792.279406
1213.55193,56,23793.050951
1219.451501,49,23825.31425
1276.167564,58,23826.039866
1287.587577,67,23827.016415
1222.47223,54,23827.797971
1299.465298,71,23828.887707
1217.329041,56,23829.72434
1222.727773,56,23830.615897
1216.342158,53,23831.421897
1242.344879,52,23832.111466
1288.252468,65,23833.192009
185.273554,69,23834.201612
1273.423601,58,23835.086164
1265.571226,58,23835.943071
1321.583579,70,23836.988631
1329.906158,75,23838.069182
178.006821,66,23839.048248
1266.551388,58,23839.913875
1318.855669,67,23840.891431
1248.401487,60,23841.832693
1277.888788,60,23842.723242
1267.119594,57,23843.590244
1172.435742,44,23844.273787
1265.901842,56,23845.065339
1184.584815,55,23845.840971
1267.172645,58,23846.728601
1215.738956,62,23847.621207
1216.335537,53,23851.369847
1186.984369,50,23852.18236
1263.88342,59,23853.037972
1243.965286,58,23853.853609
1201.279774,48,23854.555611
1266.287921,65,23855.594453
1219.450751,71,23856.61462
1184.603597,48,23857.32962
1276.492604,62,23858.257185
87.586561,43,23858.908673
1245.753908,61,23859.846225
1209.38177,45,23860.486225
1184.600849,57,23861.348784
1159.384205,39,23861.943351
1262.361658,61,23862.852968
1308.963643,63,23863.739521
1312.955386,71,23864.814084
1220.86132,49,23865.448082
1216.907947,50,23866.189723
1223.490401,60,23867.027343
1273.021985,69,23868.030849
1241.626253,58,23868.913404
1247.413921,56,23869.766975
1220.502323,60,23870.640522
1234.922182,66,23871.594387
1185.103076,51,23900.356514
1303.571754,68,23901.386134
1146.517458,40,23901.960697
1272.953303,61,23902.890233
1128.416576,38,23903.408233
1229.466879,81,23904.643315
1313.78996,78,23905.680916
1283.643144,61,23906.506909
1205.77276,50,23907.261463
1336.552334,71,23908.319099
1208.872944,50,23912.031184
1233.485167,55,23912.828792
1308.712316,64,23913.730394
1171.66853,50,23914.492396
1220.868862,47,23915.144036
1299.034879,62,23916.050616
1273.924127,58,23916.926616
1171.524437,42,23917.607166
1191.78935,45,23918.147171
1230.161918,83,23919.387887
1227.508664,52,23920.175462
1178.948888,44,23920.752109
1213.552409,53,23921.508108
1199.682659,48,23922.14966
1168.305611,42,23922.81222
1271.457358,56,23923.629839
1265.921431,60,23924.467984
1274.117943,57,23925.334606
1211.228952,59,23926.205163
1215.192753,50,23926.969779
1258.406102,66,23927.979428
1214.392138,50,23928.715983
1277.263844,58,23929.510983
1266.02677,62,23930.450539
1278.777683,62,23931.384299
1229.211751,52,23932.094851
1293.864311,60,23932.92847
1263.734272,54,23933.71008
1269.244995,55,23934.449078
1254.218055,58,23935.372658
1202.249434,48,23936.068219
1236.377631,52,23936.874751
1270.940765,63,23937.860394
1229.08785,58,23938.70995
1291.250673,72,23939.823556
1187.362111,54,23940.580556
1246.20926,54,23941.437102
1227.752486,52,23945.153817
1322.760704,70,23946.173366
1360.48468,78,23947.395941
1146.498866,36,23947.921566
86.949502,59,23948.828974
1165.023741,43,23949.484974
1316.355387,64,23979.109364
1162.285942,42,23979.750003
1173.454046,41,23980.412002
1226.955517,55,23981.171554
1219.637266,60,23982.111111
1315.582197,77,23983.244744
1283.838274,69,23984.344368
1337.881232,69,23985.43192
1188.838912,46,23986.065532
1252.553329,54,23986.84208
1149.297256,38,23987.51708
1209.832433,61,23988.436489
1198.99752,49,23989.174056
123.02572,87,23990.467692
1186.673268,41,23991.100245
1324.06948,74,23992.212801
1291.276638,67,23993.208351
1221.678748,49,23993.968898
1167.67834,41,23994.6019
1184.844752,43,23995.230518
1283.289051,68,23996.225666
1199.420185,48,23996.93022
1283.888689,67,23997.915776
1290.272929,68,23998.966329
1223.642351,47,23999.728877
1315.926461,68,24000.780432
1314.139702,67,24001.745058
1325.015037,76,24002.984592
1186.20334,45,24003.633225
1291.736054,71,24007.65674
1278.014513,76,24008.768286
1330.177133,78,24009.938463
1213.370065,57,24010.833112
1307.221077,62,24011.73965
1170.366038,43,24012.377651
1317.097165,63,24013.277379
1307.096649,65,24014.207015
1206.880642,55,24014.988634
1278.692958,74,24016.122188
1292.100498,68,24017.101524
1289.160343,60,24017.983153
1273.567539,61,24018.894794
1266.616925,60,24019.777352
1220.304242,64,24020.735929
1258.760987,59,24021.561927
1310.416554,62,24022.429554
1291.750611,60,24023.288197
1193.138046,46,24024.055827
1226.246864,52,24024.80739
1276.551011,62,24025.656944
1214.850951,49,24026.375944
1302.185783,63,24056.078919
1316.423289,63,24057.038505
1186.10016,47,24057.677078
1287.885414,65,24058.565079
1291.86518,71,24059.579704
1311.302621,63,24060.500257
1296.560366,62,24061.40981
1236.734066,53,24062.196444
1170.449649,44,24062.820059
1253.260286,57,24063.721644
1297.008631,63,24064.598646
1275.655414,61,24065.523625
1193.072296,47,24069.160947
1292.043527,60,24070.085567
1305.81145,63,24071.03086
1239.901416,53,24071.816436
1188.674611,48,24072.477437
1199.4959,48,24073.248061
1264.960753,58,24074.107625
1200.993861,47,24074.805242
1246.014579,52,24075.555399
1144.597788,85,24076.771574
1222.192151,56,24077.62013
1278.011054,65,24078.53913
1180.845274,40,24079.14976
1323.163902,73,24080.244299
1222.593763,58,24081.096863
1225.759264,58,24081.897506
1299.446557,66,24082.863047
1189.39772,65,24083.803596
1200.267308,40,24084.406124
1208.383848,44,24085.036686
1235.149736,64,24086.026324
1210.461803,78,24087.097948
1254.381978,54,24087.941504
1255.530976,64,24088.846152
1256.19123,56,24089.610896
1325.326077,69,24090.648711
1225.813064,54,24091.416712
1268.109153,66,24092.477333
1167.139139,40,24093.003951
1210.197205,57,24093.860688
1259.177614,54,24094.631225
1283.841794,63,24095.519225
1269.840094,56,24096.400843
1299.81737,67,24097.361424
1244.515093,57,24098.168061
1212.805272,50,24098.928623
1197.623536,54,24102.695814
1196.162599,48,24103.397209
1193.968254,49,24104.082853
1189.791249,42,24104.700402
1274.0856,75,24133.528575
1220.744975,57,24134.353587
1267.265934,60,24135.216131
1314.703439,70,24136.244685
1216.920713,44,24136.80926
1315.9134,73,24137.851813
1254.025695,64,24138.847382
1277.140512,59,24139.699999
1358.441573,72,24140.763638
1315.036492,64,24141.682757
1202.347109,43,24142.301758
1234.895175,58,24143.154868
1303.421128,82,24144.286421
1218.943822,52,24145.040989
1267.880751,71,24146.057533
1274.883236,64,24146.989089
1229.496503,59,24147.864726
1334.062709,81,24148.988345
1257.018051,61,24149.851939
1232.756017,55,24150.599939
1278.84806,72,24151.656138
1188.765268,44,24152.297136
1305.365565,64,24153.259764
1283.99699,61,24154.116311
1293.397254,79,24155.248848
1321.207216,64,24156.179472
1297.052153,60,24157.033023
1243.850386,55,24157.847586
1234.224965,49,24158.491897
1238.954241,57,24162.231174
1279.212037,68,24163.269737
1238.694339,52,24164.019359
1156.710958,41,24164.633936
1311.177111,72,24165.633584
1269.566964,63,24166.575333
1194.835217,49,24167.278966
1243.878381,59,24168.106524
1234.131835,51,24168.838086
139.990227,52,24169.642716
1306.088376,71,24170.581717
1257.26564,57,24171.38426
1276.40481,62,24172.265886
1178.28875,44,24172.946532
1341.253811,79,24174.14217
1328.906978,68,24175.040724
1186.432034,40,24175.667383
1247.017218,55,24176.499294
1164.746617,42,24177.06783
1275.473896,69,24178.138309
1335.707202,68,24207.521502
1201.870128,48,24208.218072
1311.030768,77,24209.323638
1218.473987,48,24210.008187
1335.476372,71,24211.044804
1151.900153,41,24211.610353
1155.304928,40,24212.221356
1270.134686,65,24213.206005
1322.797027,67,24214.169648
1205.992019,56,24214.968201
1224.181143,70,24215.955755
1272.52046,65,24216.952385
1261.922258,63,24217.860936
1270.585506,58,24218.700487
1287.511857,62,24219.603038
1192.034457,44,24220.221038
1278.175686,68,24224.212312
1294.31812,71,24225.27591
1228.333201,57,24226.064465
1289.248088,70,24227.056107
1155.797442,43,24227.732727
1341.788762,68,24228.727283
1268.527363,61,24229.705837
1216.999134,54,24230.477836
1281.858588,65,24231.497396
1356.889926,75,24232.568623
1237.738454,54,24233.334253
1148.201083,39,24233.870893
1254.796264,61,24234.770446
1218.544016,47,24235.475448
1294.939179,64,24236.375331
1191.351801,41,24237.050879
1326.582443,68,24238.013513
1209.693453,50,24238.778103
1230.105032,49,24239.50615
1218.102964,51,24240.243649
1296.623124,62,24241.147274
1291.711129,66,24242.090873
1232.383537,54,24242.873444
1163.567163,42,24243.444444
1183.022427,41,24244.055061
1261.317182,55,24244.821684
1204.856503,50,24245.613245
1228.319108,53,24246.378184
1303.308324,69,24247.442733
175.510081,59,24248.260283
1327.766837,69,24249.260402
1270.618116,66,24250.258957
1266.864677,59,24251.119505
1195.262738,50,24251.862144
1270.545993,75,24252.915774
1341.244974,72,24256.977331

1224.365863,53,24250.431505
1141.22935,37,24250.998505
1246.774284,58,24251.792145
1288.759962,68,24252.807772
1223.367778,56,24256.608327
8,56,24244.820684
1297.748659,61,24245.741245
1141.42385,39,24246.288185
1253.334602,55,24247.062733
1199.553525,46,24247.71358.071231.499179,54,24248.51266.41170.065194,49,24249.21234.161248.976138,57,24250.01242.541153.229905,33,24250.51304.774012,69,24251.91215
1294.105778,66,24252.834149
1202.1331354.468887,75,24256.1233.0601223.232839,52,24256.921328
,73,24252.346147
1313.334343,65,24253.304773
1224.239774,49,24256.980328
321509
83.814798,83,24252.491775
1195.654184,47,24256.165699
1223.35079,45,24256.82633
,85,24256.592327

1322.08692,66,24252.188145
1235.321785,52,24252.978774
1292.040964,59,24256.838329
214.470853,52,24252.806147
1217.021155,55,24253.601775
1322.335431,63,24257.51933
4252.767776
1229.05885,48,24256.431332
14959
1232.226341,53,24251.714507
1341.350948,73,24252.767146
1276.955255,66,24253.728774
367286
1191.932111,38,24248.918285
1318.141063,72,24249.999403
1191.246428,46,24250.677959
1250.053137,63,24251.620508
1315.384972,64,24252.513147
1218.70558,59,24253.357775
1331.238031,73,24257.450333
0.875578,46,24250.508509
161.602222,53,24251.281511
210.526305,68,24252.22215
132.916212,49,24252.964776
104.923981,45,24256.62433
8,24242.345832
1189.364036,45,24243.045445
1286.430882,63,24243.981063
1256.54379,55,24244.793687
1273.698372,57,24245.695247
1231.449776,74,24246.746736
1298.392389,72,24247.787285
1245.790038,52,24248.525839
1273.916005,75,24249.63896
1179.526726,46,24250.321959
1248.2092,54,24251.131507
1258.85622,58,24251.973146
177.64407,56,24252.788774
1206.444549,45,24256.423735
54,24251.346504
118.30054,49,24252.042144
138.989334,45,24252.689772
151.4285591331.649577,68,24256.511816
1
1236.162716,75,12883.41243
1199.969448,45,12883.631431
109.259684,62,12883.914071
1243.321333,58,12884.180072
1229.330822,52,12884.424071
1197.43448,45,12884.644071
1221.311104,56,12884.912074
1296.831489,60,12885.202705
1297.059561,64,12885.533704
1144.374147,80,12885.895705
1265.664841,55,12886.17938
1206.752985,52,12886.44038
1261.23479,74,12886.78338
1234.259229,57,12887.067002
1193.6721,43,12934.825972
1192.25705,48,12935.071603
65.731718,39,12935.274603
1215.85833,70,12935.592603
1230.125139,56,12935.868604
1276.367974,69,12936.187213
1256.628024,55,12936.467213
1282.317719,65,12936.793213
1324.212577,66,12937.128814
1321.508696,68,12937.470814
1230.615247,59,12937.745816
1190.106355,50,12937.998434
1277.557047,59,12938.274435
1227.902041,51,12938.515434
117.492474,63,12938.803433
1198.516771,42,12939.027056
1184.976943,48,12939.278056
1220.716572,54,12939.547055
1326.61945,70,12939.865055
1250.446024,54,12940.146684
1292.417136,68,12940.481684
1356.752533,76,12940.862684
1269.344025,55,12941.149849
1212.569489,47,12941.39085
77.979736,37,12941.582849
180.423417,62,12941.870849
1241.799318,70,12942.197421
1248.6259,62,12942.505421
1185.150592,57,12942.781421
1360.963548,76,12943.162069
1265.440015,68,12943.471071
1224.633689,73,12943.807069
1313.334306,72,12944.134633
1198.394401,55,12944.411633
1173.271961,52,12944.669633
1248.877646,65,12944.965562
146.117071,48,12945.192562
1283.363934,66,12945.502562
1319.92273,75,12945.846562
163.556381,51,12946.087188
1224.957187,73,12946.422188
1245.644309,56,12946.705188
1225.515288,50,12946.952777
1255.610774,61,12947.237777
1177.345976,41,12947.448777
1221.138264,58,12947.729778
1295.364805,65,12948.02534
1253.807466,69,12948.33734
1236.086436,48,12948.58534
128.347211,46,12948.807342
1250.95369,64,12949.101954
1170.949857,47,12949.341955
1209.576964,60,12949.638955
1233.423189,54,12949.90959
1157.320725,38,12950.109594
1292.038794,67,12950.421594
1267.630028,56,12950.703594
1193.016428,81,12951.076229
153.390629,48,12951.30623
1193.872511,45,12951.529229
1282.374193,72,12951.887229
1274.980537,57,12952.181768
1309.507845,64,12952.504767
1243.974284,59,12952.775768
1259.915943,73,12953.111337
1267.733487,58,12953.380337
1210.156753,60,12953.652337
1241.448106,55,12953.909338
1274.017097,56,12954.188962
1290.793769,62,12954.501962
1281.387362,70,12954.841964
1309.209816,62,12955.150485
1235.860684,57,12955.413485
1256.900405,68,12955.725486
1284.850722,59,12955.99812
1237.654768,79,12956.360119
1230.592887,53,12956.623119
1190.75087,71,12956.944747
1276.107755,60,12957.220747
1197.739728,49,12957.462747
1250.170305,55,12957.743747
1295.347299,68,12958.080318
1211.924409,46,12958.318318
106.01755,60,12958.59132
1256.963784,56,12958.864318
1271.810787,59,12959.163931
1276.233387,66,12959.465931
1283.201244,62,12959.756931
1307.030094,61,12960.061645
1247.217037,53,12960.332645
1243.882995,62,12960.635645
1276.252735,59,12960.906646
1201.63741,44,12961.138179
1259.031132,77,12961.487178
1271.281892,57,12961.75118
1199.177415,55,12962.027711
1189.340978,52,12962.28371
1181.756862,42,12962.50571
109.194445,42,12962.71671
1242.357387,52,12962.976327
1252.344025,61,13013.823185
1285.839114,58,13014.115735
1261.824614,68,13014.431734
112.654155,45,13014.649734
1228.340861,51,13014.908383
1342.528917,70,13015.265139
1202.831247,75,13015.608139
1233.619465,63,13015.919767
1194.512374,53,13016.182767
1218.752606,51,13016.438767
1302.338078,66,13016.767767
1242.457848,56,13017.04832
1245.068376,62,13017.35732
1191.664221,47,13017.59632
1263.415667,60,13017.881321
1283.412719,59,13018.182951
1292.131435,60,13018.479951
1161.416914,35,13018.667952
1236.053754,59,13018.939513
1212.805236,57,13019.221513
1202.899806,47,13019.464513
1240.7347,52,13019.731513
100.894547,39,13019.929085
1247.933777,62,13020.2425
1183.349801,44,13020.4645
1292.303691,60,13020.7585
1262.66763,70,13021.077141
1279.640893,58,13021.373141
1220.20042,55,13021.632141
1289.316807,57,13021.89114
1196.652171,44,13022.112778
1299.208131,71,13022.437776
1261.973142,61,13022.717776
1180.894077,38,13022.919401
1280.306728,64,13023.2104
1231.288697,53,13023.4604
1252.855694,54,13023.728402
1255.356688,67,13024.033043
182.389977,52,13024.276043
1206.53028,47,13024.503043
1221.700491,56,13024.767042
1301.511506,72,13025.092662
1312.390829,69,13025.417662
1241.549313,72,13025.741662
1226.402792,56,13026.013211
1290.92848,59,13026.31021
1288.733041,62,13026.59221
162.673194,49,13026.82421
1171.698088,38,13027.027796
1289.725662,61,13027.331795
1248.118783,68,13027.647795
1269.962122,60,13027.929434
1210.102044,76,13028.274434
1266.802294,67,13028.578435
1264.861732,61,13028.870434
1306.43908,70,13029.225976
1258.894219,58,13029.493975
1224.938536,64,13029.784911
1239.579053,61,13030.084543
1230.692044,58,13030.355543
1288.680849,67,13030.660543
1240.302226,52,13030.924194
1203.935243,46,13031.153197
1198.416668,78,13031.508194
1262.353437,56,13031.767195
1294.964919,60,13032.061758
1265.102101,55,13032.315757
1279.562064,61,13032.596758
1276.538633,57,13032.881645
1243.463234,62,13033.169275
126.783194,45,13033.387277
1253.081308,51,13033.649274
1303.323416,70,13034.00191
1265.275917,58,13034.28891
1240.294006,51,13034.55591
1228.159569,48,13034.797912
1287.270458,62,13035.109565
180.743495,69,13035.430565
1285.184686,68,13035.738565
1208.676886,77,13036.088196
1257.140812,70,13036.418195
1207.193709,45,13036.639195
1241.290046,57,13036.902195
1289.82264,61,13037.186825
1293.391439,68,13037.515825
1336.357148,75,13037.853825
1269.746615,58,13038.138467
1281.424036,56,13038.428467
101.110926,39,13038.627468
1179.89914,42,13038.847466
1200.876818,45,13039.070103
1197.89244,57,13039.346105
1278.561399,61,13039.622103
1288.485562,67,13039.929745
1306.461352,63,13040.237732
1243.119216,72,13040.565732
1130.46601,31,13040.737732
1329.16772,66,13041.076282
1312.456376,66,13041.40828
1255.762514,59,13041.68528
1317.576895,75,13089.582956
1205.967542,46,13089.820956
1247.047109,59,13090.097577
1258.683071,74,13090.437577
1218.550081,58,13090.703575
1327.693744,68,13091.04917
1257.429679,54,13091.31417
1340.326458,71,13091.67117
1268.594265,63,13091.957802
1234.702938,69,13092.276802
1199.155208,55,13092.544802
1223.630859,51,13092.806802
1217.245279,64,13093.103495
1265.766557,60,13093.385497
1270.410248,77,13093.737494
75.556725,35,13093.946028
232.34966,65,13094.339031
200.805373,56,13094.648029
230.255054,68,13095.017652
225.184803,64,13095.403648
140.877431,62,13095.747649
95.585135,41,13096.003241
250.065272,73,13096.429241
56.763361,33,13096.642241
236.806361,68,13097.03189
124.029442,79,13097.461882
129.656491,51,13097.764885
181.629603,52,13098.053445
165.848511,64,13098.415445
173.631942,56,13098.724447
155.435443,49,13099.007078
190.849644,58,13099.352077
147.551728,52,13099.642076
235.595704,65,13100.031729
132.561074,54,13100.344728
196.776154,66,13100.69073
152.970003,51,13100.986283
165.413354,64,13101.339283
252.674054,68,13101.749284
100.683293,40,13101.990933
226.861826,62,13102.35893
51.822472,31,13102.561931
223.21609,66,13102.953547
93.314382,41,13103.210547
249.931566,70,13103.586547
196.700087,55,13103.91909
108.868318,43,13104.178087
206.66289,61,13104.516088
224.74012,62,13104.88509
121.241942,53,13105.178626
83.889638,37,13105.409626
101.09266,40,13105.652626
265.128152,76,13106.094257
157.243413,64,13106.462254
111.475632,54,13106.776254
88.095297,41,13107.027878
184.387496,55,13107.365881
228.404812,62,13107.736878
136.602381,58,13108.073511
137.044969,47,13108.345512
142.989921,48,13108.622511
170.514926,53,13108.919529
205.478697,70,13109.315529
180.199764,68,13109.673529
175.16225,54,13109.958148
233.25059,65,13110.298148
252.650476,73,13110.72215
160.494134,50,13111.003689
100.309326,39,13111.253589
194.964511,68,13111.653589
170.707764,65,13112.034243
154.339385,49,13112.314243
137.019159,67,13112.679245
122.935891,42,13112.940863
220.252245,62,13113.277864
192.073521,59,13113.622863
216.638084,61,13113.953484
60.663347,34,13114.169484
89.730294,46,13114.446484
196.022427,56,13114.775484
125.114437,43,13115.041011
238.044521,65,13115.435213
232.138894,65,13115.774214
147.901644,69,13116.148844
229.035907,63,13116.494846
66.953121,34,13116.708843
187.367007,67,13117.099394
189.383118,62,13117.440113
80.523609,39,13117.678112
218.360337,65,13118.058739
96.903854,39,13118.301738
218.896156,65,13118.656738
190.819013,63,13119.002374
126.598749,43,13119.268374
83.420124,42,13119.515374
144.894524,48,13119.781374
88.154343,77,13120.188909
118.078832,58,13120.531909
128.153357,52,13120.841908
141.362852,68,13121.213516
231.329799,65,13171.576266
162.489932,51,13171.854266
85.258668,39,13172.087892
165.791094,64,13172.463892
142.474875,61,13172.811892
111.687732,45,13173.072497
164.575651,52,13173.367495
224.905132,67,13173.747496
265.495936,75,13174.182134
143.310257,52,13174.472133
223.870319,68,13174.875134
133.955558,59,13175.191674
156.16753,51,13175.487674
179.971457,59,13175.801674
139.208221,59,13176.116304
198.394524,57,13176.449305
205.723867,63,13176.827304
199.125518,60,13177.156944
133.506333,66,13177.498945
106.526717,41,13177.755944
127.45673,45,13178.020581
245.903968,76,13178.457582
141.186382,66,13178.816581
203.331764,57,13179.164206
88.215043,38,13179.404206
63.785517,35,13179.626839
112.339731,44,13179.897839
128.710364,50,13180.202465
110.655189,76,13180.596465
203.803496,62,13180.910465
106.261454,43,13181.143031
104.083001,42,13181.38503
91.784056,39,13181.61403
216.967064,65,13181.972641
216.384631,59,13182.302642
167.469792,52,13182.592643
116.794566,46,13182.871642
196.66082,64,13183.208283
219.13473,59,13183.512283
246.617892,67,13183.895283
209.46899,63,13184.221929
249.219158,72,13184.63293
95.435941,37,13184.862929
164.477424,65,13185.229563
183.34117,52,13185.516563
196.530269,65,13185.886564
97.985967,38,13186.125176
67.852438,36,13186.352176
206.306641,58,13186.673176
95.545109,40,13186.9178
125.030822,52,13187.231181
172.361775,52,13187.546181
198.538715,55,13187.825181
68.269434,35,13188.039719
125.007319,55,13188.326719
188.330608,57,13188.670721
177.213441,70,13189.050366
90.954136,35,13189.272366
208.994954,63,13189.646366
223.625724,65,13189.995016
245.200689,71,13190.381016
107.063616,50,13190.684017
102.772848,50,13190.972638
232.692678,66,13191.326638
262.333742,71,13191.746639
203.566839,66,13192.109225
154.343246,59,13192.437225
179.972675,58,13192.757231
178.007101,72,13193.146858
193.01918,58,13193.491857
110.206617,41,13193.747857
177.484975,55,13194.056499
136.34578,46,13194.3255
59.415386,34,13194.530499
136.330085,45,13194.7885
151.343872,49,13195.054116
130.848306,45,13195.320116
122.412995,58,13195.650116
178.830091,53,13195.954708
111.446419,45,13196.217707
137.391181,48,13196.48871
191.086192,59,13196.804707
137.826096,47,13197.090332
170.091978,56,13197.399331
186.762983,53,13197.721334
200.287216,58,13198.042874
130.508885,61,13198.401875
80.75865,35,13198.617874
106.171574,52,13198.922526
72.350877,36,13199.150526
103.84664,50,13199.444525
100.540003,40,13199.687525
137.303015,59,13200.00976
271.521364,75,13200.44976
171.743783,68,13200.821761
201.819383,59,13201.171373
215.193015,71,13201.586373
182.155172,53,13201.879373
107.832219,48,13202.150003
77.374941,36,13202.367003
224.030023,66,13250.463133
74.033697,34,13250.678133
217.583637,68,13251.072694
98.15457,44,13251.333694
216.734955,63,13251.648694
164.019618,70,13252.027284
150.105373,48,13252.295285
158.141228,58,13252.632284
233.763078,65,13253.018858
1176.469887,40,13253.234857
1185.818873,46,13253.472857
1343.808213,68,13253.820858
1299.342746,71,13254.155481
1246.592449,61,13254.440481
1223.814346,49,13254.679306
107.70805,42,13254.886306
193.314714,57,13255.149925
1277.460947,56,13255.432925
1167.863572,39,13255.639925
1253.47423,64,13255.960567
1278.329127,76,13256.305355
1257.401814,59,13256.605355
1277.683002,61,13256.881355
1239.082848,49,13257.133909
136.549252,47,13257.35691
1221.210612,62,13257.665909
1268.431379,72,13258.001594
1269.966436,56,13258.288594
1225.440698,57,13258.566594
1265.952078,62,13258.871594
1280.591381,56,13259.142232
1222.871451,75,13259.48223
1362.653206,78,13259.87323
130.54824,53,13260.124826
1269.950316,59,13260.423826
1352.807871,75,13260.800825
1311.012984,61,13261.093461
1200.673717,42,13261.316463
80.604547,85,13261.707462
1214.625736,62,13261.993127
1270.03214,68,13262.301126
1291.751562,59,13262.600127
1238.90723,51,13262.841129
1257.401027,59,13263.133771
1257.438432,55,13263.400769
154.53807,57,13263.669772
1234.60911,52,13263.927355
1281.545519,71,13264.280354
1275.915465,67,13264.614354
1200.698541,44,13264.847353
1301.575505,60,13265.152001
1212.962722,49,13265.391002
1296.145532,60,13265.669001
124.184025,73,13266.004642
1305.585281,67,13266.315642
1305.065769,72,13266.646642
1293.628326,72,13266.977277
1250.322702,52,13267.226277
1238.016265,49,13267.480277
1223.000728,71,13267.804277
1197.133121,54,13268.064926
1332.821883,70,13268.415924
1219.947333,52,13268.676924
1315.012079,68,13268.986568
1247.762862,57,13269.276568
1271.370771,64,13269.595566
1174.329155,39,13269.803566
1267.922072,61,13270.08621
1309.713775,69,13270.426211
1208.437369,57,13270.69921
1212.921958,46,13270.940831
1297.587065,61,13271.225831
1248.711752,62,13271.525831
1290.790018,78,13271.881831
140.492883,46,13272.104443
1279.317758,70,13272.422442
1281.444448,58,13272.690442
110.268223,43,13272.903442
1177.120146,43,13273.12209
1185.018327,48,13273.36709
1274.208848,56,13273.65509
1278.859602,66,13273.969643
1289.156066,61,13274.251642
1278.247509,65,13274.576613
1207.770516,56,13274.840861
1326.553745,68,13275.151493
1157.768379,37,13275.353493
161.518303,66,13275.660496
1226.629731,52,13275.926138
1253.673063,71,13276.248137
1295.566177,61,13276.550136
134.904637,49,13276.785136
1265.806078,54,13277.064804
1271.222365,55,13277.330803
1228.756292,55,13277.589803
1253.688916,56,13277.877803
1342.280236,69,13278.232458
1257.743252,66,13278.533458
1200.675816,43,13278.762461
1288.581783,60,13279.071111
1243.139066,59,13327.589393
1193.108371,46,13327.822568
1209.649678,51,13328.084184
1301.132642,69,13328.423185
1314.554465,65,13328.719185
1254.99641,68,13329.02782
1255.406889,61,13329.311817
1358.264186,77,13329.693816
1219.00697,50,13329.946403
1238.428493,49,13330.198403
1258.614968,61,13330.476403
1287.87701,66,13330.778405
1317.578792,67,13331.114028
1257.652793,55,13331.397028
1230.986368,50,13331.639028
1198.38423,49,13331.884027
1212.603829,49,13332.130557
1223.577526,54,13332.405557
1253.597729,57,13332.673557
1262.36538,68,13332.987193
1310.321942,71,13333.338192
1316.238111,65,13333.630192
1281.842962,62,13333.914816
133.205399,45,13334.134817
1233.648824,59,13334.415817
1315.609785,66,13334.716817
1259.884164,64,13335.017457
1214.794222,51,13335.275457
1241.208485,64,13335.593458
135.711196,47,13335.821457
1296.978049,69,13336.136082
1297.075254,69,13336.484082
1280.790143,59,13336.786082
1224.982981,62,13337.072622
1284.244478,70,13337.406622
1269.938823,62,13337.720623
1228.048121,61,13338.029199
1294.456848,59,13338.332288
196.026901,56,13338.590287
1255.226037,67,13338.891288
1313.835245,64,13339.209917
1280.120895,57,13339.478919
1215.426786,54,13339.745919
1285.497972,60,13340.022462
1323.343439,64,13340.346462
1277.088234,59,13340.647463
1321.907946,72,13340.973024
1277.222889,60,13341.250024
1181.240978,40,13341.468024
1237.978906,64,13341.764024
1299.408681,61,13342.068667
1272.297845,56,13342.338667
124.352543,48,13342.565669
1289.96321,67,13342.898668
1272.888626,64,13343.216204
1235.672682,52,13343.468206
1175.0334,41,13343.679204
1210.728751,47,13343.922772
1296.120478,76,13344.270772
1201.026144,44,13344.497772
1258.152131,58,13344.778772
1347.929714,78,13345.166401
1217.243109,58,13345.451402
1210.046942,51,13345.705402
1252.448536,57,13345.979
1286.988849,60,13346.285999
1274.833924,56,13346.567999
1349.825718,70,13346.92554
1301.409476,64,13347.25254
1199.543187,45,13347.48954
1218.982777,52,13347.75454
1204.747468,46,13347.983112
1210.667876,46,13348.224111
1210.443384,47,13348.464111
1266.394016,72,13348.796111
1280.535357,66,13349.094728
1300.630679,75,13349.437728
1288.30541,75,13349.778728
1256.993407,55,13350.03629
1169.141299,41,13350.253291
1236.911122,57,13350.541291
1161.774781,37,13350.740291
1301.722256,80,13351.101927
1304.088396,65,13351.433926
1286.270613,73,13351.763926
1329.996491,69,13352.110548
1233.65822,52,13352.379549
1206.973243,47,13352.616549
1313.785169,71,13352.97034
131.744135,45,13353.19134
134.397432,49,13353.426341
1252.594415,66,13353.724339
1253.455189,55,13353.980901
1257.051575,68,13354.287901
191.201731,54,13354.535901
187.927929,77,13354.884901
1302.798063,72,13355.244539
1201.212325,45,13355.478539
1194.381262,77,13355.830539
1249.940251,61,13356.127166
1270.67898,65,13406.387916
1273.333446,64,13406.707916
1293.166418,63,13407.003553
1160.874167,39,13407.210554
1215.382564,49,13407.466552
1250.938734,56,13407.747553
1182.889587,47,13407.98409
1190.704171,49,13408.233091
1296.50456,65,13408.532506
1248.53905,75,13408.872504
168.919169,50,13409.109129
1247.269525,52,13409.375129
1290.299468,61,13409.685128
152.955534,50,13409.921768
1234.774306,74,13410.255768
1227.21694,59,13410.540768
1209.648533,55,13410.795768
80.097523,38,13410.992399
1201.851904,53,13411.25209
1265.505606,66,13411.56309
1286.055134,62,13411.84709
1248.073398,56,13412.128743
1234.476399,70,13412.449746
1283.298848,73,13412.785743
169.802388,55,13413.111359
139.924999,67,13413.479359
1189.827114,47,13413.716361
1188.584177,49,13413.957008
1211.494934,51,13414.211007
1294.340811,65,13414.538007
60.032953,38,13414.737007
1299.424951,66,13415.073668
1201.801663,43,13415.300668
1297.475246,66,13415.637668
1129.458611,32,13415.814668
1165.37332,40,13416.023299
1215.809535,59,13416.319299
1239.660628,52,13416.586299
1262.877612,65,13416.880299
1212.858878,51,13417.136898
1206.883824,47,13417.377898
1181.73776,40,13417.589898
1252.467079,61,13417.886898
1175.853213,40,13418.100459
1270.357523,66,13418.39946
1161.832709,39,13418.604459
1222.409074,51,13418.847459
1267.855739,65,13419.142053
1304.794714,70,13419.491053
1214.209961,52,13419.736053
1194.3914,56,13420.015671
1297.494659,67,13420.324669
1265.990155,58,13420.599669
1325.928409,67,13420.943207
144.248878,49,13421.182288
1256.607912,58,13421.45529
1261.395301,65,13421.754286
1228.825526,69,13422.071906
1174.048651,43,13422.297907
1217.368134,80,13422.664906
1258.166255,55,13422.922476
1254.381391,56,13423.185476
136.661858,63,13423.475479
112.284736,43,13423.688476
1255.55178,61,13423.981043
1182.966187,38,13424.184045
1247.44589,71,13424.508043
182.039517,62,13424.792043
1275.886649,71,13425.121698
1186.177942,41,13425.341697
1191.91909,51,13425.599695
1243.240381,60,13425.891697
1194.869242,47,13426.136324
196.141559,56,13426.395324
1239.832872,60,13426.695324
1234.289186,51,13426.950866
142.116978,47,13427.175865
1241.084083,57,13427.455865
131.620033,75,13427.800866
1334.734943,80,13428.201502
1184.694147,46,13428.443502
1241.261827,68,13428.757502
1255.983278,70,13429.075078
1246.380356,56,13429.349079
1246.534699,61,13429.647078
1213.958963,51,13429.909688
150.957926,50,13430.146688
1296.263434,77,13430.496694
1220.421984,51,13430.75869
1297.733289,61,13431.069316
1261.39984,53,13431.344316
1228.15782,61,13431.639315
1269.53801,58,13431.931954
1296.778493,61,13432.244953
201.509205,63,13432.536953
1196.420749,55,13432.800954
1197.051264,45,13433.021593
207.570262,59,13433.290593
1227.120913,59,13433.587593
1214.114888,46,13433.826593
1040.395551,88,13480.961835
1230.658421,53,13481.230835
1227.668167,63,13481.526834
93.167937,39,13481.728835
1345.241743,73,13482.093461
1192.060042,44,13482.316461
1312.067535,71,13482.674461
1210.845565,46,13482.912074
1175.746672,39,13483.119076
1147.653644,36,13483.312074
1191.326589,50,13483.555074
1186.175824,39,13483.760074
1269.324898,63,13484.073689
1311.498652,66,13484.374689
1297.536046,66,13484.676689
1171.760937,42,13484.889689
1316.435556,70,13485.226294
1242.878123,51,13485.490712
186.185232,54,13485.741713
1260.544173,62,13486.024353
1226.616725,50,13486.278353
1292.137455,62,13486.591353
1242.108584,53,13486.842353
1217.191511,56,13487.120012
1212.048903,57,13487.401009
1218.50406,59,13487.685009
1194.569688,46,13487.916646
1205.348827,42,13488.136646
1217.29854,51,13488.388647
1154.92178,37,13488.587645
1192.046988,43,13488.808645
1258.976975,53,13489.063284
1237.377695,50,13489.321284
1179.867839,42,13489.538284
1247.330894,56,13489.822284
1212.692482,54,13490.082825
1310.548433,73,13490.417823
1259.809528,56,13490.679824
1321.688284,70,13491.025466
1275.418413,63,13491.339464
1226.309404,60,13491.617464
194.281308,61,13491.897465
201.528797,63,13492.188126
1279.888357,65,13492.508123
1336.198337,73,13492.873124
1269.077067,62,13493.168775
1315.927919,65,13493.464772
1206.086123,79,13493.823772
1317.935945,64,13494.116392
1188.282923,46,13494.345392
1352.561531,76,13494.726393
1332.704629,70,13495.043033
1285.262277,59,13495.315033
1263.028117,70,13495.664033
1185.933226,42,13495.884033
1283.749186,65,13496.179668
1258.73801,53,13496.453668
1260.967158,69,13496.769669
142.341598,64,13497.066307
1204.009336,57,13497.353307
1190.641828,41,13497.575309
1193.32838,47,13497.812236
1277.881806,59,13498.113775
1201.258143,45,13498.344775
1317.202414,72,13498.699775
1179.800808,44,13498.919396
1146.467075,36,13499.112396
1287.681333,57,13499.405396
1294.262937,68,13499.740396
1270.045579,67,13500.043983
1246.646247,54,13500.308984
1237.930585,56,13500.570985
1308.21402,66,13500.868983
1285.48681,70,13501.216887
1220.886046,52,13501.472888
1303.49002,60,13501.756887
1297.826996,60,13502.068517
1270.091377,65,13502.397517
1191.010852,77,13502.743517
1184.911681,51,13503.004088
1254.563845,57,13503.275086
1244.931183,78,13503.630086
1245.885606,62,13503.925666
1331.995734,68,13504.270668
1230.557293,73,13504.604669
1292.469982,59,13504.906666
1217.796078,48,13505.148197
194.606377,61,13505.426197
1266.460326,56,13505.711197
1212.265258,53,13505.961752
1218.5333,48,13506.208752
199.815246,55,13506.460752
1256.672826,53,13506.719752
1285.922279,62,13507.003367
1309.27704,71,13507.327367
1266.254677,68,13507.637369
1299.903408,67,13507.941009
1325.933694,65,13508.274009
1260.16885,57,13508.562009
1239.33686,60,13508.839009
1220.358086,50,13558.336681
1156.086697,38,13558.539681
1148.068226,35,13558.732681
1300.224885,74,13559.101263
1303.359121,69,13559.414263
1269.877813,58,13559.707264
1279.333251,66,13560.00488
1282.419492,69,13560.31988
1332.814132,73,13560.69188
1233.5612,57,13560.955527
1315.978562,65,13561.278815
1208.740215,60,13561.580815
1243.43355,67,13561.908815
1214.867161,48,13562.142446
1179.680501,41,13562.359446
1296.64997,62,13562.646446
1261.929276,61,13562.941065
180.962154,70,13563.263063
1298.835298,67,13563.586063
1274.437309,71,13563.913063
1304.47514,62,13564.229718
52.8791,83,13564.60772
1341.435218,71,13564.928295
1265.203712,75,13565.269295
1293.420569,59,13565.565295
1302.186503,61,13565.847295
171.495495,58,13566.112931
1242.148388,68,13566.421934
1277.129397,60,13566.724931
1164.582288,46,13566.959543
1177.094043,47,13567.203543
1252.47997,53,13567.471543
1285.903634,60,13567.776543
1266.684472,70,13568.099699
1240.773036,52,13568.349699
1277.518667,58,13568.648699
1290.59986,59,13568.946323
1351.582665,77,13569.333321
1338.350928,81,13569.740322
1243.629327,51,13570.005112
1292.453298,68,13570.345959
150.898427,50,13570.581959
1225.270436,52,13570.845959
1293.186674,61,13571.124588
1266.256244,63,13571.43659
1258.539934,65,13571.760586
1254.662108,74,13572.096216
1218.645265,74,13572.428217
1233.951378,75,13572.768217
1315.506666,72,13573.126838
1257.763357,59,13573.400838
1239.296641,51,13573.646838
124.041623,48,13573.880493
1303.352625,70,13574.223116
1281.983718,65,13574.533116
1271.790305,75,13574.877116
1311.129731,65,13575.208746
1270.979157,58,13575.493745
1167.165097,45,13575.724747
1261.466481,59,13576.006379
1300.834782,65,13576.31838
1207.654571,66,13576.620379
1189.730611,42,13576.841381
1252.697793,66,13577.140915
1287.130639,64,13577.432916
1255.466899,57,13577.698913
1249.269285,68,13578.011528
1335.187909,71,13578.367528
1243.197776,60,13578.654528
1170.654549,43,13578.871528
1177.620404,42,13579.085163
1161.002059,38,13579.287163
1316.695726,64,13579.618163
1293.128452,66,13579.918806
1275.408174,62,13580.211806
1171.174815,38,13580.413806
1265.829079,64,13580.706806
1335.845581,75,13581.046441
1271.733048,67,13581.356065
1307.261678,65,13581.662065
1280.812453,65,13581.95769
1203.025659,47,13582.201688
1226.31224,51,13582.457689
1178.556811,81,13582.827688
1244.357281,53,13583.095336
129.39694,44,13583.309337
1190.023512,43,13583.537336
1155.827121,35,13583.727336
87.140654,82,13584.101966
1263.934914,73,13584.447966
1248.094233,69,13584.764966
1281.008931,56,13585.038582
138.176311,46,13585.262582
1214.425998,75,13585.605582
1263.476006,58,13585.875585
1295.07002,65,13586.202214
1264.651136,65,13586.502215
1258.037319,59,13586.773214
1278.996754,59,13587.057451
1255.038283,66,13587.364451
1273.151435,57,13634.006966
1169.500065,42,13634.221966
1196.885415,44,13634.453968
1248.374868,68,13634.763966
210.15349,65,13635.059602
1268.990278,74,13635.417602
1245.009189,72,13635.749602
1238.967092,59,13636.04523
1247.816129,73,13636.380229
1170.143215,80,13636.74123
1255.091702,55,13637.029851
1181.325407,49,13637.270852
1164.572724,41,13637.483851
1251.656508,64,13637.804851
138.675192,49,13638.047459
1195.769193,47,13638.291416
211.965801,67,13638.595417
1203.468014,76,13638.934049
1272.256851,62,13639.222049
1267.565512,64,13639.514049
1239.143081,65,13639.832049
211.221722,68,13640.174683
76.734403,41,13640.385683
1185.863801,42,13640.607682
1264.824442,63,13640.925292
1183.319655,53,13641.188292
232.267483,68,13641.499292
1197.920385,45,13641.732292
1222.031681,59,13642.007913
1172.381044,42,13642.229913
1237.690509,68,13642.572914
1258.116698,68,13642.879914
1213.520126,66,13643.186534
1216.931791,56,13643.469534
1183.248523,43,13643.689534
1187.130797,56,13643.968173
168.98966,76,13644.349173
1225.308735,58,13644.619173
146.760015,51,13644.862179
1186.938316,46,13645.098794
1184.931842,47,13645.338794
118.272176,45,13645.559794
127.039384,56,13645.841794
1181.546502,44,13646.069432
1263.362014,70,13646.413432
157.424452,67,13646.722431
1225.032244,63,13647.008995
1286.617849,63,13647.307994
1157.125417,39,13647.517994
1222.422009,62,13647.828995
1271.256657,60,13648.133617
1272.36248,61,13648.415617
1231.930417,59,13648.688618
1294.518515,74,13649.024278
206.175391,67,13649.330273
1241.787363,56,13649.591273
1205.21906,53,13649.860273
1289.683662,61,13650.171893
160.305924,50,13650.408893
1312.464603,71,13650.758893
1325.392747,70,13651.0765
193.756129,59,13651.3505
1250.53217,56,13651.637681
185.497139,56,13651.897682
1309.629134,66,13652.199305
180.905478,68,13652.542305
214.566725,61,13652.823305
128.497247,47,13653.061465
1194.273563,54,13653.320464
1293.302774,66,13653.625464
1298.102966,63,13653.916101
183.530419,53,13654.162103
1256.319431,63,13654.477101
1203.348659,55,13654.747101
1196.98025,61,13655.044743
1254.033623,62,13655.331744
1178.704005,43,13655.550742
1058.353383,87,13655.952329
1288.056309,72,13656.316329
1242.76207,63,13656.635329
1280.745209,57,13656.927684
1248.634226,64,13657.219684
1251.251451,68,13657.534685
1340.468986,72,13657.903684
1218.363637,49,13658.159339
182.651445,62,13658.476339
1224.514021,70,13658.79834
1267.627077,56,13659.070951
1192.893056,42,13659.292951
1338.725576,72,13659.65695
1350.476645,74,13660.034484
171.465708,66,13660.341483
1293.634193,66,13660.684484
1278.294467,66,13660.986015
195.448085,84,13661.410014
151.112846,49,13661.648015
1290.123374,70,13662.002629
1212.721463,47,13662.242629
1286.564049,77,13662.600629
85.635737,38,13662.799629
94.164969,49,13713.327407
168.472938,55,13713.588407
118.361618,42,13713.798408
165.905341,54,13714.051827
1201.48612,61,13714.361826
213.520214,57,13714.625827
1249.822647,54,13714.90583
1206.175662,49,13715.158458
1211.591624,70,13715.486457
1304.42387,63,13715.789457
158.225826,73,13716.157069
1243.045716,62,13716.472071
224.467678,60,13716.74807
1203.738756,58,13717.035698
1203.901922,78,13717.390698
1207.445508,52,13717.662698
1187.80262,44,13717.8867
-89.313412,89,13718.29332
1195.858258,55,13718.57532
1272.977874,59,13718.875322
1180.073269,41,13719.095901
194.548481,54,13719.348901
1225.884737,54,13719.626901
1239.991801,55,13719.888901
1225.483057,50,13720.142525
1234.787708,69,13720.460528
1254.158037,70,13720.784527
1196.591661,49,13721.029084
1294.790559,76,13721.377084
1287.399963,70,13721.705084
1263.684748,65,13722.02275
1263.806246,65,13722.32075
1338.537811,71,13722.67975
124.98069,52,13722.948321
164.011092,52,13723.196323
1193.530432,40,13723.40732
142.695027,49,13723.655321
1332.736881,71,13723.980858
1266.721485,68,13724.294858
1259.675197,56,13724.586858
1326.045211,74,13724.959487
70.634625,35,13725.147487
1180.017814,52,13725.414487
1220.968726,48,13725.666488
1263.129988,69,13725.986136
222.798136,64,13726.281135
1258.648867,57,13726.548136
1206.631906,79,13726.909136
125.870027,45,13727.13079
1235.412268,69,13727.45779
196.678866,57,13727.72679
226.597795,60,13728.001439
1303.955485,65,13728.326439
1267.445685,68,13728.636441
1212.121208,45,13728.871439
1198.182844,51,13729.122073
1296.82064,60,13729.428076
1208.947504,65,13729.728073
1223.938506,55,13729.99867
1248.837046,57,13730.292669
1259.426355,61,13730.602669
1279.120591,61,13730.915313
178.170149,66,13731.217315
1248.398241,54,13731.491776
1290.187846,68,13731.841928
1323.517802,65,13732.173541
1221.716052,65,13732.473541
156.806618,63,13732.795541
243.835377,78,13733.188181
185.594194,59,13733.461179
1262.961732,63,13733.783177
1219.666771,53,13734.047714
180.913208,54,13734.309714
1233.60621,51,13734.570714
1269.658532,56,13734.855715
1275.383946,58,13735.145322
1291.810785,79,13735.50732
52.039994,38,13735.716321
86.409759,38,13735.915957
1190.835368,49,13736.167937
1197.995073,56,13736.447937
1179.305079,53,13736.721936
1256.80112,57,13737.012561
1191.875604,46,13737.251561
178.37304,55,13737.510561
1152.075195,37,13737.712561
1306.093715,70,13738.062203
1222.015437,52,13738.332201
1185.515448,47,13738.577201
1217.422923,68,13738.902201
1237.685132,56,13739.186735
124.732136,59,13739.460736
1220.498433,66,13739.772342
1213.518273,62,13740.060942
1243.140776,63,13740.351942
1189.697962,41,13740.570943
156.726056,64,13740.867942
1178.697225,54,13741.143504
1303.86281,72,13741.494507
1229.430313,62,13741.811561
1253.688221,53,13789.709057
1222.291084,55,13789.986646
1260.561431,55,13790.252645
88.823683,40,13790.458644
1193.635153,45,13790.697644
1211.456634,50,13790.947284
170.387317,50,13791.182454
1331.905483,70,13791.504455
122.096204,43,13791.718457
133.152323,73,13792.054095
1265.165501,62,13792.365093
27.91527,34,13792.548093
1215.694141,49,13792.787094
1309.295171,63,13793.106728
1220.420667,73,13793.439728
1183.421788,46,13793.677728
1217.668551,47,13793.926292
1271.132206,61,13794.235293
80.69896,43,13794.496294
179.044787,56,13794.833293
151.245855,49,13795.129864
123.323346,43,13795.369866
214.85178,60,13795.711864
115.449286,66,13796.067489
175.534366,52,13796.38049
171.111233,57,13796.694489
114.736185,42,13796.941114
123.790501,62,13797.297114
117.887977,45,13797.566114
161.067839,50,13797.848114
164.500373,59,13798.178742
114.577034,46,13798.460742
128.620602,49,13798.743742
203.868952,70,13799.122368
180.833113,71,13799.511368
82.36814,39,13799.749368
56.645371,33,13799.962003
54.590871,33,13800.172003
166.253324,73,13800.571003
183.824468,54,13800.870003
168.670255,62,13801.196543
199.863974,59,13801.510543
92.555589,43,13801.770546
96.224203,38,13802.008177
192.404706,64,13802.375177
142.561821,55,13802.684177
141.97882,62,13803.037344
163.225926,51,13803.321344
118.732401,42,13803.572344
141.017494,61,13803.909344
77.894433,36,13804.133928
188.173331,64,13804.480928
117.580105,46,13804.752928
147.336095,49,13805.053533
125.489288,44,13805.325534
163.050041,63,13805.671534
133.971187,74,13806.073066
155.280246,49,13806.352067
167.016731,52,13806.647066
139.373948,55,13806.951676
224.424991,61,13807.310675
134.946462,60,13807.663676
221.957065,61,13808.032308
180.157471,56,13808.360309
88.662264,40,13808.606308
181.733839,65,13808.960914
93.480196,40,13809.207914
116.571233,44,13809.466914
131.737604,45,13809.738914
192.754652,58,13810.056552
87.134729,44,13810.324552
113.83017,43,13810.576552
88.111504,39,13810.816552
118.007386,43,13811.082191
65.103427,33,13811.292191
232.631553,68,13811.665191
203.581576,57,13812.007909
232.483719,75,13812.449909
228.213745,64,13812.800909
202.372212,59,13813.122519
93.62688,38,13813.358518
182.939463,61,13813.720539
94.66598,40,13813.964142
119.296035,41,13814.209141
223.576413,59,13814.517142
157.911037,63,13814.870143
99.461103,49,13815.153764
150.348076,62,13815.490762
202.557666,61,13815.822762
134.41622,56,13816.145385
97.511593,47,13816.428385
107.571931,76,13816.840385
83.679131,38,13817.062935
138.256196,55,13817.375935
201.146568,61,13817.695935
77.038534,37,13817.906936
186.748709,69,13818.254541
191.982925,67,13818.59154
91.242607,43,13818.82754
145.927428,51,13819.109162
118.685479,53,13869.888389
177.995152,52,13870.157993
133.392467,49,13870.426993
228.366614,74,13870.849993
210.618899,61,13871.202609
133.74519,47,13871.486609
195.050796,59,13871.841609
74.951706,37,13872.074216
110.514554,39,13872.317215
93.580406,76,13872.721215
185.971051,68,13873.086753
120.371611,44,13873.337754
169.975504,64,13873.669753
153.436973,58,13873.980378
115.227502,43,13874.231378
186.342739,55,13874.533379
74.163396,37,13874.756378
135.362814,46,13875.035995
80.242992,41,13875.287995
211.457458,74,13875.724995
178.653978,65,13876.074618
136.649729,49,13876.337617
127.17884,53,13876.634617
158.217993,70,13876.981231
103.618557,43,13877.243232
173.996193,60,13877.586231
90.804014,56,13877.919866
202.156867,74,13878.358867
138.96888,49,13878.659866
99.085391,49,13878.950394
103.790508,40,13879.201394
178.340059,68,13879.605394
192.233915,56,13879.93396
228.082303,64,13880.30396
215.845386,62,13880.66896
164.993678,52,13880.981591
109.146875,44,13881.240593
78.775491,46,13881.522596
84.971184,38,13881.751591
157.723173,61,13882.084212
154.21085,53,13882.385212
117.827929,60,13882.744212
161.914389,51,13883.032824
114.30307,47,13883.316823
149.491701,47,13883.573825
205.262259,73,13883.988462
182.245944,61,13884.339462
204.067676,60,13884.694462
243.50927,71,13885.11308
81.273637,43,13885.36608
144.282992,49,13885.637397
181.167702,53,13885.920025
133.835374,49,13886.205025
58.046366,33,13886.414025
196.797876,56,13886.721025
178.89918,61,13887.084641
144.816557,70,13887.446642
201.057722,66,13887.788641
136.061829,70,13888.155238
167.709198,62,13888.514238
113.934658,42,13888.779238
138.102283,66,13889.159864
103.429357,42,13889.413864
160.231952,67,13889.778864
93.462881,43,13890.043447
181.117534,53,13890.359447
186.091614,71,13890.779447
136.717614,49,13891.056008
166.075086,54,13891.382008
183.60706,67,13891.764008
172.365825,67,13892.160625
177.431134,70,13892.551625
174.93452,55,13892.843626
76.906682,48,13893.125254
90.602398,41,13893.361253
137.188033,46,13893.618253
127.114521,46,13893.889253
163.219011,49,13894.153866
101.846769,56,13894.468866
222.823641,68,13894.866866
229.065899,61,13895.215061
91.486745,44,13895.478061
189.170211,55,13895.784061
79.169209,39,13896.026695
65.022853,35,13896.246695
155.249018,67,13896.634695
152.181184,48,13896.901694
189.723849,68,13897.268333
137.942009,45,13897.507333
136.023443,63,13897.862333
181.312201,55,13898.177907
108.636704,74,13898.571959
152.284362,51,13898.861804
133.184819,46,13899.144451
76.959449,40,13899.394452
220.833129,75,13899.840453
171.906653,64,13900.186078
220.13347,61,13900.545076
231.388501,68,13900.914076
237.448379,65,13901.267708
146.556733,47,13949.791067
60.608909,34,13950.004692
239.820501,75,13950.445692
147.210043,69,13950.852692
196.995625,57,13951.165324
126.11333,48,13951.427325
77.422166,36,13951.649324
207.79644,69,13952.053921
172.116472,68,13952.42292
156.996258,52,13952.726533
80.693687,38,13952.962165
133.74124,46,13953.238163
94.357968,47,13953.524163
152.829052,53,13953.844163
143.401353,54,13954.16672
174.998062,59,13954.49072
88.785707,42,13954.74672
103.300616,43,13955.012366
68.01213,35,13955.230366
175.003046,60,13955.556365
96.981322,46,13955.831366
192.589403,62,13956.201006
139.743113,48,13956.488007
155.785343,50,13956.776007
190.80197,64,13957.123546
124.521006,43,13957.377546
174.080549,55,13957.709546
165.095025,60,13958.074177
202.286681,66,13958.452177
168.123283,51,13958.739177
78.934201,46,13959.017757
167.696089,53,13959.316757
76.66318,40,13959.564758
140.771139,70,13959.940403
120.849374,43,13960.193403
181.975946,76,13960.603404
161.626437,58,13960.922038
193.523647,56,13961.241038
203.937241,64,13961.593038
108.496662,41,13961.829039
147.432151,68,13962.21657
183.459546,61,13962.547555
224.3321,68,13962.950191
133.052661,69,13963.322193
235.757791,68,13963.691191
222.063308,68,13964.059813
170.272263,66,13964.420627
136.828485,54,13964.732628
104.962986,49,13965.030166
150.692393,69,13965.404166
157.595487,56,13965.743166
165.856317,54,13966.061727
90.46402,44,13966.329726
168.160667,55,13966.635726
40.987814,31,13966.838728
199.614358,66,13967.207342
127.903788,44,13967.465342
159.277121,51,13967.776342
184.632242,55,13968.080876
103.98112,56,13968.415884
70.392233,38,13968.649876
190.327682,67,13969.013483
200.775452,60,13969.356061
214.912431,65,13969.746062
124.550218,69,13970.119648
202.950271,60,13970.480651
100.80784,42,13970.740649
155.991944,52,13971.05923
122.394236,77,13971.458228
203.049692,62,13971.772229
222.014223,68,13972.143797
190.823951,54,13972.434795
221.953477,68,13972.789796
159.218205,53,13973.076364
217.266815,60,13973.414361
158.419566,51,13973.715362
110.555371,59,13974.044981
137.572364,47,13974.309981
168.792491,54,13974.610981
209.633979,69,13975.020238
204.512667,59,13975.342237
171.889636,64,13975.691238
189.731983,64,13976.070871
56.445232,34,13976.287871
174.148932,67,13976.686872
85.990388,39,13976.916872
190.84922,59,13977.252475
85.754162,52,13977.552476
171.300302,60,13977.913109
112.025985,42,13978.176108
149.27245,55,13978.505108
191.096556,68,13978.906108
159.798025,60,13979.239737
115.628201,43,13979.495738
167.244976,53,13979.791737
111.996157,61,13980.154274
98.584033,42,13980.412278
170.045917,54,13980.727274
232.275747,68,13981.111811
100.031548,42,13981.364811
96.455115,38,14034.194875
98.256624,47,14034.470875
173.725904,56,14034.809875
221.025736,64,14035.178482
154.149547,68,14035.571482
99.292634,44,14035.828482
163.187968,55,14036.124016
115.788982,46,14036.385016
158.499131,73,14036.794016
154.911694,50,14037.065653
206.506113,60,14037.39863
239.086144,72,14037.826628
215.504626,64,14038.198258
198.11108,61,14038.566258
168.640505,53,14038.889257
157.008805,52,14039.205716
174.946155,53,14039.503716
70.578218,36,14039.729716
173.748098,72,14040.123332
204.855056,62,14040.496332
56.734449,34,14040.716333
157.13357,49,14040.995954
182.383085,56,14041.337954
99.230017,42,14041.593954
100.402446,40,14041.846954
87.522986,38,14042.090564
88.557547,43,14042.351564
131.449129,44,14042.616565
159.264461,76,14043.033184
119.776869,59,14043.369183
172.006847,58,14043.717483
132.781252,46,14043.999037
54.285719,32,14044.209036
176.79905,54,14044.513036
102.909827,56,14044.852036
185.2254,61,14045.189656
201.775171,66,14045.554656
111.780615,49,14045.856813
54.484558,31,14046.052443
139.784745,46,14046.326443
103.474077,57,14046.652443
142.982117,46,14046.910442
102.225923,43,14047.17198
200.845555,61,14047.516982
91.84112,40,14047.75498
122.181096,67,14048.128606
180.088538,55,14048.462606
187.040912,55,14048.785606
114.232312,42,14049.029218
229.151237,66,14049.376218
128.998448,55,14049.692218
167.36573,65,14050.075843
223.785705,65,14050.431843
173.982637,59,14050.762843
177.284515,61,14051.093474
193.286792,68,14051.469474
101.449002,41,14051.729039
170.277055,59,14052.085641
107.104425,49,14052.377641
219.500462,72,14052.778641
195.898887,73,14053.162221
161.731987,72,14053.540221
127.897199,53,14053.843221
138.788347,50,14054.128801
190.266179,56,14054.455801
146.87539,48,14054.729801
145.394625,58,14055.052432
199.714151,71,14055.441432
81.277115,37,14055.679432
103.892143,51,14055.987038
93.561638,41,14056.246038
176.265729,61,14056.612038
172.841393,66,14056.972673
165.249084,55,14057.308673
98.73247,41,14057.562674
168.756792,52,14057.877674
132.528187,45,14058.132291
151.27177,49,14058.423291
139.244196,49,14058.723291
176.152168,53,14059.024908
184.283218,53,14059.326907
183.601288,61,14059.683909
156.401717,58,14060.036449
250.832904,72,14060.463449
204.827075,63,14060.793448
169.487125,55,14061.117012
206.286677,61,14061.481011
134.074946,54,14061.79401
121.232546,47,14062.074635
124.749786,60,14062.418635
242.827545,71,14062.805635
230.781984,69,14063.222196
166.342995,54,14063.533196
157.149499,52,14063.853196
104.650088,41,14064.101824
162.166964,52,14064.394824
154.523561,54,14064.698824
122.67232,55,14065.034445
160.628995,50,14065.340444
203.21146,56,14065.648444
209.443778,62,14115.076671
117.072866,44,14115.35167
83.512241,39,14115.59367
134.892361,59,14115.92229
165.192919,51,14116.23328
132.959307,51,14116.547281
156.478146,52,14116.842281
193.073548,63,14117.222886
166.457305,62,14117.570887
202.158124,58,14117.921505
124.840197,51,14118.201505
209.430707,59,14118.528505
115.878922,55,14118.853507
133.214378,47,14119.127067
220.576347,71,14119.55307
200.618991,61,14119.908067
148.964357,51,14120.203682
124.837805,43,14120.47468
77.687086,37,14120.71668
193.406731,60,14121.080304
181.703759,59,14121.439304
133.53586,59,14121.776304
134.342387,73,14122.170815
126.733358,46,14122.456803
180.700661,60,14122.784803
161.078621,53,14123.095437
91.772283,39,14123.340437
178.744137,75,14123.753437
188.375196,59,14124.084051
222.979236,79,14124.553051
200.101776,65,14124.91063
111.848901,44,14125.170631
90.343781,40,14125.42263
130.659632,47,14125.71363
167.116636,62,14126.055216
175.533752,57,14126.357422
253.592584,70,14126.762422
213.027656,61,14127.104036
211.265416,62,14127.484035
100.153429,54,14127.797035
199.961291,80,14128.279662
169.682472,63,14128.62481
230.79132,68,14129.032436
113.926763,51,14129.330436
233.284332,63,14129.706436
167.880393,53,14130.017991
200.006389,63,14130.364991
194.616032,58,14130.690992
200.372072,62,14131.034599
141.870215,51,14131.325598
52.585916,32,14131.536598
146.995601,71,14131.923181
114.23658,44,14132.18518
100.729981,52,14132.496181
178.215829,55,14132.81918
170.971612,56,14133.158157
210.459339,63,14133.542157
173.949575,69,14133.920786
179.891035,66,14134.281785
126.034358,44,14134.556785
200.105922,76,14134.99435
162.546278,60,14135.339351
77.471826,41,14135.587352
162.487705,53,14135.899351
172.363516,54,14136.203449
62.376184,35,14136.429449
150.854833,48,14136.70545
131.38769,53,14137.028984
147.768903,62,14137.402983
160.030309,71,14137.789983
180.856662,61,14138.157601
122.476605,49,14138.449601
105.887357,44,14138.725601
224.321928,59,14139.069213
59.201499,33,14139.284213
156.175506,70,14139.667213
214.292398,70,14140.048827
146.655976,56,14140.372825
190.839676,54,14140.693825
153.927878,52,14141.004445
161.990529,68,14141.374018
188.412356,61,14141.698019
234.31175,63,14142.061559
102.285872,52,14142.368559
114.686902,45,14142.637561
113.326964,44,14142.91221
168.863248,54,14143.24021
193.708861,59,14143.59881
198.125497,63,14143.943426
231.193493,73,14144.340426
131.309661,45,14144.612426
168.175624,52,14144.907426
104.529015,46,14145.191962
129.597541,45,14145.461962
156.29146,59,14145.787963
105.656072,39,14146.034605
188.910543,56,14146.334604
176.198369,66,14146.681604
212.052881,68,14147.042231
231.369833,65,14147.385231
188.796483,56,14200.075227
136.364954,46,14200.338225
161.87685,64,14200.678225
88.588956,38,14200.908226
225.457655,66,14201.256851
225.922827,60,14201.57685
223.283661,61,14201.89985
149.155761,51,14202.191472
175.486868,50,14202.46447
192.347791,55,14202.759472
192.275131,54,14203.057048
79.94332,39,14203.302047
172.527113,55,14203.639047
202.467867,58,14203.962654
120.794579,52,14204.282515
159.285376,54,14204.598518
66.629525,35,14204.823518
126.852497,44,14205.098156
133.887583,48,14205.368156
156.285055,49,14205.640156
138.842374,48,14205.926386
188.313266,56,14206.253386
102.908439,52,14206.548386
183.523761,56,14206.875388
220.337585,65,14207.231996
100.844859,40,14207.468996
170.20942,65,14207.808996
124.158091,49,14208.104623
182.662503,55,14208.401623
193.985024,54,14208.693623
124.567299,45,14208.959221
164.808399,67,14209.31022
220.087501,64,14209.681219
104.906958,40,14209.917847
195.573523,56,14210.216848
44.30036,30,14210.40885
132.08487,57,14210.735848
129.596962,53,14211.039376
152.54728,49,14211.320379
109.83433,50,14211.625379
91.641819,41,14211.879377
126.458519,46,14212.153912
121.338369,45,14212.434912
169.089008,61,14212.803912
222.137606,68,14213.17759
188.294375,58,14213.50459
116.374241,46,14213.78359
246.58494,67,14214.153216
242.983966,70,14214.539216
82.809383,38,14214.774216
192.04408,69,14215.158788
131.234047,62,14215.518783
66.346486,34,14215.722783
143.335412,49,14215.984315
202.0493,56,14216.294315
212.868937,57,14216.600315
114.059324,43,14216.862315
176.244775,61,14217.223946
170.372199,56,14217.524948
174.389225,54,14217.819946
153.1993,59,14218.139512
113.14985,42,14218.394512
140.170418,48,14218.694512
72.48123,37,14218.930059
173.474382,55,14219.254059
132.654197,74,14219.654059
108.019362,44,14219.926667
225.919353,64,14220.280666
176.691201,65,14220.644665
99.74028,36,14220.873666
147.555877,62,14221.21627
202.511138,64,14221.59027
184.070497,62,14221.934808
238.783043,67,14222.335808
246.892509,71,14222.754807
176.545643,53,14223.076427
141.875956,52,14223.392427
72.580465,39,14223.640426
147.666766,48,14223.933996
227.264567,60,14224.265996
212.095041,74,14224.674996
80.889764,38,14224.913636
191.927991,62,14225.261636
86.720393,38,14225.502636
175.476331,50,14225.787637
163.42598,63,14226.167174
168.518198,53,14226.480174
153.244827,61,14226.848174
189.833524,76,14227.260785
235.489768,73,14227.657785
132.007307,45,14227.939406
233.672499,76,14228.394406
163.636636,71,14228.766406
85.14452,39,14229.011014
116.953163,48,14229.288014
149.670276,49,14229.591014
101.35665,51,14229.902014
171.921289,51,14230.194283
89.916035,33,14230.408283
220.848092,61,14230.777284
108.33449,49,14279.540478
111.704809,50,14279.834479
182.333977,68,14280.186116
137.372657,48,14280.463116
66.102555,36,14280.682113
65.598618,36,14280.904113
55.995461,33,14281.11274
143.40872,57,14281.435729
65.940685,36,14281.666728
251.823789,70,14282.046366
140.511242,47,14282.335365
95.839227,44,14282.604368
223.265601,62,14282.945913
152.105365,61,14283.308911
178.744306,58,14283.630335
93.493444,54,14283.955954
206.035745,73,14284.372954
156.78441,50,14284.663954
208.168454,59,14285.005551
150.061826,59,14285.332551
161.139044,50,14285.626551
166.621108,61,14285.953168
128.88634,62,14286.286168
206.132458,58,14286.580168
170.222381,55,14286.867168
191.593051,56,14287.177815
186.126018,66,14287.522813
100.093706,36,14287.741813
76.466245,37,14287.968447
164.730789,56,14288.293446
219.966956,62,14288.636446
156.859637,50,14288.928983
166.049721,67,14289.288976
186.403535,56,14289.624975
228.264078,60,14289.958614
163.502869,53,14290.254613
180.584082,70,14290.656613
167.581722,64,14291.029244
136.039937,47,14291.31124
157.853397,51,14291.598241
164.263185,53,14291.917853
146.08572,49,14292.182853
196.623644,55,14292.485853
156.504907,62,14292.808853
193.287077,56,14293.105527
240.151079,67,14293.453527
192.516486,56,14293.749527
166.727347,56,14294.048156
138.793077,74,14294.426156
89.260475,42,14294.686156
147.388714,48,14294.961782
98.195519,41,14295.194782
191.878215,71,14295.583781
72.276616,35,14295.789782
149.793263,64,14296.144433
127.028755,50,14296.418433
54.789377,38,14296.645432
223.995053,60,14296.977007
248.22603,75,14297.399007
245.342895,67,14297.781008
219.360471,61,14298.133646
189.426384,66,14298.522645
239.432987,70,14298.902645
191.625875,62,14299.224284
207.279769,60,14299.563287
215.301268,67,14299.910284
205.196536,59,14300.235892
116.180336,43,14300.500892
156.219339,53,14300.797356
121.772823,41,14301.051946
182.883148,63,14301.392944
99.996568,42,14301.647944
206.993746,64,14302.000569
102.401142,45,14302.271568
213.960636,57,14302.588569
164.310114,61,14302.947176
183.189841,56,14303.261177
118.512011,43,14303.496176
74.8794,36,14303.710177
195.814476,58,14304.033821
244.501663,64,14304.353365
213.460384,66,14304.684365
153.649207,57,14304.997009
163.022588,63,14305.312003
58.877092,34,14305.513005
112.410309,54,14305.829003
176.97971,67,14306.200615
142.997454,49,14306.470615
170.807816,65,14306.809615
168.599652,52,14307.113246
92.160207,39,14307.348245
11.145659,82,14307.774247
183.125719,54,14308.100895
207.513614,67,14308.501896
130.363412,48,14308.789896
136.165427,53,14309.106541
163.399546,49,14309.383541
107.146953,50,14309.676541
177.440266,59,14310.002181
127.656477,74,14310.394181
80.858681,45,14359.227475
211.847085,67,14359.606475
122.572875,44,14359.867476
171.824417,57,14360.180106
191.706298,62,14360.517107
214.302397,68,14360.920725
141.407884,55,14361.226725
128.355542,47,14361.496725
165.19387,67,14361.895725
85.253779,39,14362.138348
77.879995,37,14362.36635
220.731339,75,14362.800349
116.952865,48,14363.087881
93.477478,79,14363.517881
135.539525,51,14363.825583
75.42813,37,14364.049214
186.061112,55,14364.354214
207.369607,57,14364.666215
207.371072,58,14365.01387
142.779244,54,14365.31187
152.839306,49,14365.612761
162.36515,51,14365.900762
191.050853,63,14366.239387
214.899395,65,14366.589387
85.415434,38,14366.829387
93.520236,39,14367.068919
114.509447,56,14367.403919
106.263929,41,14367.657919
135.492814,50,14367.954537
188.411452,55,14368.261537
133.048351,48,14368.544537
52.72397,32,14368.748537
165.041785,65,14369.136162
154.350082,50,14369.440163
125.684707,46,14369.708162
194.161887,60,14370.064777
155.782323,54,14370.392777
194.094452,63,14370.738777
118.522467,49,14371.032358
242.918148,72,14371.428359
75.90047,39,14371.669358
78.35761,38,14371.909362
113.03816,40,14372.159009
112.322856,43,14372.42301
70.694817,35,14372.64301
177.909547,57,14372.974633
123.232846,48,14373.266632
67.220935,36,14373.495631
201.440927,74,14373.936266
139.110138,51,14374.237266
169.511519,55,14374.569268
128.978983,56,14374.883266
222.577534,61,14375.244823
148.761701,48,14375.526823
127.856387,51,14375.821823
205.120779,60,14376.13842
184.408849,53,14376.42942
77.728014,38,14376.662419
151.637847,63,14377.009579
212.924262,60,14377.323579
182.982178,53,14377.60858
166.920417,53,14377.919238
62.976566,33,14378.122239
203.953073,67,14378.487237
222.417955,63,14378.830237
154.670297,54,14379.147776
91.714446,40,14379.401777
108.518428,57,14379.735776
214.417339,72,14380.121385
164.199475,67,14380.468384
225.655972,70,14380.833383
232.683739,64,14381.186013
145.394089,52,14381.501018
173.851345,54,14381.812013
158.039001,65,14382.190664
97.23731,42,14382.429664
209.869488,66,14382.800664
75.73171,53,14383.107282
199.468458,57,14383.422282
151.375039,67,14383.806282
187.903283,57,14384.152895
146.689815,52,14384.470896
101.653803,79,14384.902895
112.262359,51,14385.211533
180.359571,68,14385.577532
147.881506,50,14385.880531
48.693569,33,14386.093147
162.915867,51,14386.369146
154.017934,72,14386.741146
189.486811,65,14387.110756
132.844248,62,14387.464757
121.172438,44,14387.735758
145.625877,67,14388.091392
116.335766,47,14388.357392
102.685073,41,14388.603394
85.219483,40,14388.839392
190.279622,58,14389.151923
239.052685,68,14389.507888
173.624509,59,14389.850889
94.38547,40,14390.090512
207.977823,60,14441.438035
230.646823,75,14441.880033
146.074928,49,14442.15868
140.243597,57,14442.497679
156.509734,60,14442.83868
177.915236,57,14443.163311
184.736925,57,14443.47531
241.000138,66,14443.838312
160.301071,66,14444.195859
176.867939,51,14444.480859
238.49261,67,14444.875859
194.717838,58,14445.211504
61.766061,33,14445.420505
176.077868,63,14445.749504
215.915603,65,14446.090036
42.328612,81,14446.506037
163.022597,48,14446.757036
180.923747,51,14447.025674
188.223638,59,14447.341199
155.772719,50,14447.617199
213.895492,65,14447.982837
1188.798117,43,14448.208837
1148.316968,83,14448.590837
1279.278606,63,14448.880837
1227.370388,57,14449.154466
1248.388517,52,14449.421466
1230.485328,69,14449.735466
1270.497795,64,14450.032097
1171.808197,43,14450.256097
1262.253336,73,14450.590097
1150.199906,35,14450.779098
1181.970264,42,14450.997722
1299.447609,69,14451.312722
1257.721535,71,14451.673722
1248.014681,55,14451.931343
108.000388,44,14452.148343
1284.771653,75,14452.492343
1291.181065,64,14452.789343
1196.287035,41,14453.004956
1231.413138,74,14453.336955
1256.054638,71,14453.659222
1321.487239,64,14453.95385
1196.600475,45,14454.188849
1292.197543,69,14454.504849
1222.652889,48,14454.74385
1285.538703,69,14455.05845
1265.516519,69,14455.37045
1265.806061,67,14455.67545
1281.131666,56,14455.955106
175.2579,50,14456.196103
1314.987199,66,14456.502103
1199.570385,45,14456.737106
1216.845418,49,14456.989646
1226.60765,48,14457.235645
1288.515008,58,14457.527645
1219.503188,68,14457.835645
1293.268279,65,14458.137408
1202.327006,52,14458.387405
1287.27985,57,14458.677405
1221.328929,48,14458.916061
1305.307409,74,14459.257539
1200.93031,56,14459.533682
1282.112605,57,14459.826682
1187.062328,45,14460.061296
1211.182284,46,14460.300295
1259.427089,56,14460.574296
1297.685564,64,14460.869296
1295.087393,64,14461.164935
1320.526146,68,14461.511935
1279.571545,60,14461.819937
1241.905174,59,14462.112556
1176.001407,49,14462.363557
177.775066,68,14462.676557
1258.211992,65,14463.007194
1288.662388,62,14463.289195
184.263167,51,14463.529193
1255.963853,58,14463.821194
1302.13525,67,14464.132836
1302.765579,64,14464.457836
1245.680091,55,14464.715838
1253.296838,64,14465.033985
1231.874473,56,14465.321987
1232.311577,50,14465.563985
1285.86828,61,14465.846985
1216.786623,47,14466.090622
1278.725523,69,14466.402484
1255.305941,59,14466.702484
1240.459225,52,14466.952111
120.063711,45,14467.170112
1197.126982,45,14467.396111
1255.543804,65,14467.692111
1314.74963,68,14468.034754
1177.118399,81,14468.401753
1274.68241,67,14468.738755
1290.884505,61,14469.049342
1154.87775,38,14469.249342
1251.067269,53,14469.522343
1266.275636,56,14469.781342
1266.054631,61,14470.064778
1304.973614,78,14470.416778
161.547737,49,14519.091877
1250.693222,52,14519.362877
1261.448933,62,14519.678877
1314.722608,77,14520.066528
1181.344554,52,14520.328528
1245.168221,51,14520.592528
1297.227175,65,14520.924167
1220.83207,56,14521.211169
1191.101531,41,14521.425167
1295.613977,59,14521.722167
1237.792058,53,14521.994799
1248.177577,54,14522.271801
1181.734943,52,14522.531798
1318.169033,71,14522.890798
1277.748533,78,14523.266459
1187.976686,48,14523.51146
201.337807,56,14523.776524
1232.411748,52,14524.047157
1297.356516,65,14524.348158
1272.759444,58,14524.621157
1256.607962,67,14524.959726
1284.522698,62,14525.265726
1309.510111,64,14525.560726
1140.506063,34,14525.742728
1270.707308,56,14526.005376
1241.353459,63,14526.291376
1297.554035,62,14526.575379
1296.776096,59,14526.858379
1314.399983,64,14527.152923
1334.300882,78,14527.539923
1317.339009,67,14527.878923
1201.889535,45,14528.110551
1260.708291,61,14528.390551
1205.370698,48,14528.641552
1271.619889,69,14528.992175
1287.535847,63,14529.277173
1235.694878,54,14529.555173
1247.005184,64,14529.882173
1273.353726,57,14530.158828
1276.515903,74,14530.529827
1212.139886,47,14530.773827
1302.953312,72,14531.135455
1275.720648,56,14531.400454
1216.304606,68,14531.742456
1318.423416,69,14532.089093
1238.890331,51,14532.352093
1254.581414,72,14532.692093
1303.272861,74,14533.063726
1325.273592,79,14533.459853
1263.355568,73,14533.794856
1294.649825,60,14534.074393
1168.380057,40,14534.287394
1331.176376,67,14534.629393
1165.980144,40,14534.837395
1317.974944,68,14535.179024
1189.880822,49,14535.432024
1309.159115,62,14535.720024
1212.594538,48,14535.963641
1294.883163,62,14536.27964
89.579638,38,14536.483641
1266.773252,65,14536.781538
1295.702115,72,14537.112123
1209.928216,55,14537.391125
1226.159556,53,14537.656125
1277.154601,59,14537.957705
1185.556382,42,14538.178705
1305.468234,63,14538.477705
1324.479476,75,14538.853705
1247.233706,58,14539.150367
1243.113208,53,14539.425381
1243.789307,54,14539.702367
1224.795331,65,14540.032011
1273.190071,56,14540.296011
1190.646287,43,14540.521011
1259.480698,60,14540.802012
1278.252573,72,14541.135616
1180.105933,52,14541.401617
1285.653988,68,14541.720616
196.814183,58,14541.991287
1259.841693,56,14542.278284
1252.307528,77,14542.640284
1291.67196,72,14542.970852
1276.097804,67,14543.307852
1161.040912,39,14543.514853
1289.246921,64,14543.806852
1269.347906,60,14544.113393
1176.163104,37,14544.311392
1231.65156,50,14544.564392
1127.863281,31,14544.734392
1259.394629,58,14545.007929
1218.75574,48,14545.255928
1281.145598,63,14545.547928
1335.227984,69,14545.89693
1328.467509,73,14546.231551
1233.362891,63,14546.523551
1325.121087,64,14546.819551
1233.331849,55,14547.093122
1281.456701,65,14547.394123
1206.281188,56,14547.677668
150.067656,49,14547.91924
1221.924078,51,14599.469965
1248.856769,53,14599.719965
1280.581467,62,14600.009584
1319.192992,67,14600.344584
1300.020416,66,14600.645586
1221.44651,52,14600.892584
1227.077346,48,14601.128204
1272.639461,58,14601.423204
1292.77582,59,14601.721204
1272.830194,61,14602.003739
1263.809097,59,14602.303738
1220.608368,50,14602.544738
1292.086335,65,14602.841739
1289.004908,58,14603.115365
1251.91867,53,14603.366365
1294.755901,62,14603.668365
1234.377709,49,14603.917476
1226.274564,49,14604.163983
1287.440557,65,14604.456982
1200.778624,47,14604.691982
1242.207771,55,14604.94556
1284.826317,66,14605.28056
1278.341837,55,14605.55256
118.446182,45,14605.76956
1282.279277,64,14606.063184
1238.391469,51,14606.31518
1247.476621,65,14606.61118
1134.249306,34,14606.796181
1290.75607,64,14607.120786
96.420378,38,14607.315786
1257.409936,78,14607.671278
1151.794936,36,14607.863276
1192.438341,44,14608.0869
1268.824954,70,14608.4079
1264.184541,56,14608.6919
116.549096,44,14608.9069
1171.10747,38,14609.108526
1261.028119,55,14609.365526
1271.54942,68,14609.699526
1223.433161,48,14609.935171
1331.381029,66,14610.267171
1209.057079,46,14610.502171
1298.550435,64,14610.820171
1212.787965,57,14611.096704
1208.982665,54,14611.362703
1229.222052,72,14611.683703
1281.672901,63,14611.999367
1298.067247,63,14612.293353
1179.54564,40,14612.503352
1330.924614,69,14612.822353
1156.467644,36,14613.017004
1288.211512,58,14613.288004
1282.917117,59,14613.572004
1239.603924,51,14613.822003
1207.75811,52,14614.089211
1223.249302,51,14614.349211
1213.864888,47,14614.583211
1207.164124,47,14614.826213
1274.116351,58,14615.093833
1228.897672,55,14615.348832
1303.58746,68,14615.685833
1267.712743,58,14615.952452
1270.892398,64,14616.246454
1297.042222,65,14616.569452
1266.395428,55,14616.848452
1243.150663,53,14617.119052
1299.008242,62,14617.402052
1216.650836,48,14617.648052
1253.602289,60,14617.923482
1278.652006,61,14618.205115
1253.437544,52,14618.469115
1213.061562,47,14618.703115
1287.910977,64,14619.029678
1328.722845,71,14619.380679
1239.466037,76,14619.725678
1277.815172,62,14620.040291
1309.646432,70,14620.380319
1247.438625,69,14620.728291
1236.539331,55,14620.98283
1260.599338,55,14621.26583
1240.890297,54,14621.536829
1208.933099,53,14621.807829
1207.843452,51,14622.064451
1201.610079,41,14622.279449
1218.55602,50,14622.515452
1261.911002,58,14622.782449
1216.179822,46,14623.022094
1206.474518,53,14623.273093
1259.999378,58,14623.543094
1334.876679,64,14623.834095
1264.273364,53,14624.085627
1309.292628,65,14624.382627
1243.965875,52,14624.650627
1183.490781,42,14624.867627
1239.131546,51,14625.120253
1287.147975,64,14625.409253
1255.035074,56,14625.677032
1307.096653,63,14625.966649
1246.567197,66,14626.268649
1163.585434,36,14626.459649
1321.570599,66,14675.508905
1242.793546,54,14675.771285
1226.463203,49,14676.02683
1248.006637,65,14676.350831
1245.37285,55,14676.63283
1332.891168,67,14676.972375
1220.693729,49,14677.224375
1277.539568,62,14677.510375
1190.368465,53,14677.779375
1120.252381,32,14677.958975
1223.838833,48,14678.194975
1294.476792,71,14678.534975
1213.401765,50,14678.790975
1284.676514,65,14679.090606
1227.865316,63,14679.401606
1241.679953,69,14679.717606
1294.814632,59,14679.988223
1237.257936,50,14680.248224
1268.208147,76,14680.597223
134.539781,44,14680.817223
1248.551034,57,14681.103763
1176.011656,42,14681.317763
1227.526095,57,14681.607762
1234.293768,55,14681.892762
1207.277864,45,14682.129376
1312.957288,70,14682.487895
1205.23541,50,14682.747892
1238.101077,53,14683.01845
1153.689733,36,14683.213451
1191.077321,43,14683.44045
1213.913542,57,14683.722451
1237.433468,50,14683.983004
1265.382248,59,14684.255005
1210.70282,47,14684.498004
1246.136872,65,14684.797006
1292.532536,58,14685.07157
1295.123413,67,14685.381569
1171.878389,41,14685.598569
1261.307942,63,14685.889569
1344.419219,72,14686.222199
1238.259314,51,14686.485199
1313.091914,74,14686.847199
1156.229398,36,14687.055757
1254.422285,57,14687.346758
1213.457087,57,14687.624757
1291.948939,59,14687.897757
1224.834444,74,14688.243248
1310.296046,66,14688.56725
1229.450726,50,14688.811249
1177.500415,41,14689.026788
212.223495,57,14689.29079
1271.798013,65,14689.608788
1258.891154,73,14689.965336
1225.569016,48,14690.215336
209.027279,64,14690.505337
1170.472757,41,14690.720336
1320.545992,67,14691.045954
1161.351412,84,14691.427954
1288.853164,60,14691.734962
1264.9349,53,14691.9875
1297.433683,69,14692.3035
1320.881795,62,14692.5995
1240.235852,51,14692.8435
1238.71,60,14693.143147
1218.105549,82,14693.515147
1223.40748,50,14693.774147
1177.370671,41,14693.984735
1282.019347,68,14694.299439
1279.270096,57,14694.588258
1333.780425,77,14694.941815
1211.856608,44,14695.171815
1273.803273,59,14695.447815
1333.710739,74,14695.786815
1263.906203,54,14696.043418
1307.700369,67,14696.369418
1303.536906,66,14696.699419
1297.372281,68,14697.01198
1231.065518,53,14697.267982
1290.998351,73,14697.622982
1218.005755,61,14697.932542
1176.458309,42,14698.149543
1336.660768,76,14698.531545
1271.25393,59,14698.805542
1305.171716,66,14699.106108
1222.80028,51,14699.366108
1243.28741,75,14699.711108
112.369545,43,14699.973726
102.338426,41,14700.228726
210.313314,65,14700.584726
107.717359,42,14700.847726
166.865391,57,14701.153283
134.433362,54,14701.464539
225.998947,67,14701.860539
129.779155,46,14702.128118
130.462672,44,14702.382118
180.671351,54,14702.708118
122.280727,46,14702.981332
78.618701,38,14703.217332
149.346126,56,14703.525333
89.79134,42,14703.78336
170.780247,53,14756.774852
212.589386,57,14757.090486
175.418981,64,14757.472486
192.824864,70,14757.85549
191.828018,64,14758.240035
145.573007,54,14758.571036
145.744117,48,14758.846038
113.681822,42,14759.108629
99.947225,45,14759.387726
139.912205,56,14759.724724
168.453991,52,14760.019275
134.173402,47,14760.292275
201.988375,62,14760.631275
213.721011,60,14760.973927
123.281172,61,14761.324925
172.600603,57,14761.668927
95.579073,40,14761.912925
179.536442,59,14762.238475
194.723729,71,14762.622476
98.45198,40,14762.872474
131.759102,51,14763.176037
157.020521,49,14763.443038
184.3845,57,14763.74904
119.457242,53,14764.035599
118.059565,42,14764.276598
191.584753,63,14764.605601
197.868957,62,14764.969177
160.969308,50,14765.241666
194.454279,63,14765.570668
105.024803,42,14765.811666
198.919601,63,14766.141211
153.223412,62,14766.489211
206.196593,58,14766.811211
101.487957,45,14767.078873
172.184414,71,14767.47287
207.860665,55,14767.763871
150.139858,52,14768.066534
145.576802,53,14768.379534
159.575337,58,14768.710534
76.028445,42,14768.969143
135.637561,49,14769.26625
139.827587,49,14769.560253
132.14992,58,14769.906251
162.244709,55,14770.236877
194.45079,58,14770.569877
160.296767,60,14770.923517
187.059464,58,14771.271997
95.224096,40,14771.520118
116.805784,45,14771.799119
100.278109,56,14772.133688
105.244317,45,14772.411688
120.172922,50,14772.695688
95.639596,38,14772.935271
122.224831,44,14773.208271
162.844841,50,14773.511271
184.875942,63,14773.858271
86.845569,53,14774.176899
118.241261,56,14774.511898
152.589472,63,14774.888898
217.132984,63,14775.230489
164.107884,60,14775.55349
200.478202,58,14775.874489
108.050207,73,14776.269847
161.245249,63,14776.644844
103.663327,40,14776.893844
103.803603,41,14777.145431
113.997805,42,14777.405431
188.747179,67,14777.775431
127.421422,45,14778.031077
99.215215,47,14778.310073
193.644458,56,14778.647073
233.007116,65,14779.017742
157.046035,56,14779.351742
127.411697,45,14779.603742
143.186446,66,14779.962388
225.555318,62,14780.322394
114.895451,43,14780.591388
90.545067,46,14780.852388
147.673086,49,14781.141012
136.221841,45,14781.393015
220.486517,61,14781.759014
239.585756,73,14782.157641
119.511138,73,14782.550643
155.304829,49,14782.825642
191.119094,57,14783.144291
118.088041,47,14783.40629
143.943275,48,14783.691292
146.27445,55,14783.985878
131.252259,45,14784.242406
166.897422,55,14784.565406
146.153474,62,14784.894406
160.313252,50,14785.169989
86.964094,36,14785.389989
72.684209,35,14785.604991
123.696758,47,14785.882989
145.643134,49,14786.178141
122.132513,54,14786.504144
107.498842,51,14786.810145
119.644508,43,14787.075778
159.723237,55,14787.40878
239.542664,65,14836.944285
145.652698,53,14837.249285
177.500245,64,14837.626285
234.176776,67,14838.025912
197.414583,59,14838.338912
205.837599,57,14838.643912
199.08461,61,14838.964554
187.935869,56,14839.263556
214.058012,57,14839.564555
198.725784,69,14839.925088
125.522084,52,14840.213089
213.33177,62,14840.539088
152.481736,70,14840.92862
115.677065,43,14841.19162
115.687174,44,14841.453621
165.772037,66,14841.82462
127.97676,53,14842.129168
176.467531,57,14842.433168
108.046532,42,14842.682168
54.02701,32,14842.88217
104.957761,44,14843.139797
161.95679,54,14843.431798
194.219859,56,14843.758797
70.72652,36,14843.988408
228.846605,72,14844.402408
194.738254,72,14844.815408
166.627859,52,14845.098018
151.107927,65,14845.439016
123.00621,45,14845.701016
141.139519,46,14845.95755
143.779763,70,14846.336549
130.549249,47,14846.624549
188.744241,67,14846.99418
118.695742,49,14847.28818
164.151961,51,14847.585181
84.795461,38,14847.80718
121.117009,53,14848.105578
256.618802,76,14848.523578
190.715181,56,14848.834579
138.197288,47,14849.121214
81.981723,37,14849.349214
128.979608,70,14849.726215
188.575711,61,14850.061786
190.552039,56,14850.372786
76.508166,35,14850.596787
56.217853,34,14850.81279
173.936022,70,14851.192405
94.496352,48,14851.482404
117.79922,44,14851.737406
116.842478,50,14852.030049
140.697729,59,14852.364048
182.886721,58,14852.70805
220.582148,63,14853.050684
157.398534,49,14853.345683
126.450234,46,14853.619684
110.306704,46,14853.896682
92.605163,35,14854.116307
146.720532,50,14854.422308
97.924603,40,14854.668062
95.5378,43,14854.919714
227.570975,64,14855.270715
210.751762,67,14855.634716
136.990151,46,14855.896715
150.869797,58,14856.241342
170.600629,52,14856.534342
212.54415,60,14856.879342
198.848846,67,14857.276915
139.916933,57,14857.604913
224.889178,61,14857.967525
109.029564,42,14858.229525
222.53996,62,14858.597525
223.672499,64,14858.933789
213.43036,67,14859.317789
145.577019,49,14859.591789
208.697023,64,14859.958345
123.049455,44,14860.212345
62.294196,35,14860.424345
122.093081,54,14860.732345
217.278171,72,14861.14398
181.572841,62,14861.469979
97.378678,41,14861.705979
103.744586,42,14861.955566
215.018542,66,14862.302567
139.548315,53,14862.608567
180.647187,59,14862.922127
212.921254,61,14863.253128
170.697987,50,14863.52613
176.420536,58,14863.833127
151.80339,50,14864.124691
144.247833,55,14864.449691
173.97854,53,14864.758691
173.364765,55,14865.088326
110.286603,77,14865.488836
230.769238,65,14865.876838
109.417641,42,14866.136377
208.799872,58,14866.484378
104.861216,44,14866.753377
181.104583,54,14867.05492
84.443704,39,14867.297922
126.396577,48,14867.575605
151.559896,70,14920.360685
214.400643,62,14920.717685
121.487841,50,14921.01825
207.49652,59,14921.374252
178.620787,56,14921.683252
171.693298,52,14921.987813
194.115978,65,14922.362813
169.371058,70,14922.739813
131.528224,46,14923.005435
103.338203,42,14923.260435
153.265334,48,14923.531435
213.807046,61,14923.873435
222.406016,70,14924.289995
73.107923,36,14924.510284
156.931404,61,14924.830285
189.91823,61,14925.154908
221.27315,78,14925.597912
143.351647,52,14925.875908
241.137085,69,14926.269543
197.717773,57,14926.589544
199.916436,60,14926.953175
219.489214,72,14927.388175
54.393854,34,14927.611172
125.768304,49,14927.882173
150.359164,48,14928.155805
121.692817,44,14928.415805
52.677554,33,14928.626804
143.923139,48,14928.907807
228.562891,67,14929.290433
196.706797,76,14929.701436
247.484827,71,14930.069164
110.154537,45,14930.333164
110.258324,43,14930.586164
70.96988,35,14930.806166
106.73845,45,14931.082711
182.974765,52,14931.373711
128.955109,45,14931.64971
209.938587,60,14932.009326
118.152269,48,14932.289325
93.60372,39,14932.528326
153.401772,68,14932.906325
172.540118,60,14933.235965
164.774133,50,14933.520968
143.366871,71,14933.902965
124.266008,44,14934.174499
192.485445,59,14934.516501
165.09959,51,14934.805499
106.207357,41,14935.038092
130.44858,45,14935.291092
117.385421,44,14935.538876
153.28845,54,14935.862876
162.908194,50,14936.144509
127.900265,45,14936.418512
83.271877,48,14936.706508
104.654418,40,14936.949139
89.484886,48,14937.238138
162.85513,65,14937.591137
74.632698,36,14937.818137
130.263805,46,14938.098761
199.455469,58,14938.433762
159.876699,57,14938.750762
242.443256,76,14939.201387
163.136909,56,14939.536387
159.389535,54,14939.859386
200.002561,81,14940.34001
209.475269,58,14940.64401
210.300014,60,14940.986647
102.782052,43,14941.254646
206.868299,60,14941.595646
76.909507,35,14941.814646
106.922069,41,14942.066272
165.648262,53,14942.36927
161.969091,49,14942.652271
113.716506,45,14942.917839
138.432854,51,14943.226839
215.504943,66,14943.584839
168.759899,70,14943.963456
190.905268,57,14944.266457
118.484722,74,14944.632457
166.30312,61,14944.967025
196.073312,55,14945.249025
165.744728,57,14945.557025
175.363359,58,14945.863024
149.068241,49,14946.162644
159.86182,50,14946.447644
160.697491,48,14946.723644
177.954284,53,14947.021271
178.039873,53,14947.321271
204.636791,59,14947.67827
122.484425,51,14947.983923
144.302401,48,14948.278924
202.758719,62,14948.614923
113.802762,42,14948.865923
156.96008,52,14949.161554
199.434069,60,14949.494554
81.414794,41,14949.748554
173.114464,64,14950.098183
111.617802,51,14950.399181
161.587005,64,14950.784181
155.078429,50,14951.070813
169.482026,63,15000.341035
133.056985,50,15000.635035
162.265402,67,15001.0143
165.350048,56,15001.3323
204.819574,59,15001.659301
183.811,57,15001.99192
173.64347,58,15002.33692
160.429859,53,15002.65392
174.863892,54,15002.957547
156.863521,51,15003.244547
198.076069,57,15003.584549
167.24474,69,15003.957163
180.314912,56,15004.286164
189.829961,54,15004.573163
109.666873,53,15004.876163
79.672503,42,15005.121749
163.455786,56,15005.441748
193.136236,60,15005.792748
115.142254,51,15006.096385
151.276933,49,15006.39039
126.207998,47,15006.67039
198.236873,59,15006.993949
71.880893,37,15007.22795
235.207107,65,15007.612949
1253.825842,57,15007.89995
1265.545693,56,15008.189591
1287.075529,60,15008.497591
1254.098783,55,15008.753591
1235.733123,57,15009.042222
1256.156338,58,15009.314222
1317.620527,64,15009.605224
1267.029093,56,15009.893222
1227.783405,47,15010.125839
1212.331123,60,15010.431839
1290.316063,63,15010.71884
1236.657114,51,15010.978476
1210.53973,47,15011.210476
1308.152239,77,15011.595476
104.097443,39,15011.824476
94.221195,49,15012.117093
231.359815,66,15012.476094
83.122067,40,15012.722093
98.637388,43,15012.985719
179.483407,64,15013.366127
105.688116,48,15013.640127
231.988413,69,15013.997665
201.063705,59,15014.308665
65.925847,36,15014.537665
187.7445,55,15014.840665
180.936251,59,15015.189217
132.561413,46,15015.468218
118.585327,55,15015.781217
125.559475,49,15016.076751
229.041583,61,15016.411749
74.256773,37,15016.643749
208.759421,57,15016.94437
199.642321,67,15017.29737
177.786166,52,15017.593646
173.657045,65,15017.943289
196.127775,66,15018.337289
107.025608,48,15018.605289
103.457963,42,15018.861289
231.636878,66,15019.235828
107.215794,38,15019.468829
198.027132,64,15019.816828
194.091871,57,15020.163446
114.720154,76,15020.568447
185.117918,57,15020.910446
179.4681,71,15021.294056
83.459996,39,15021.525057
177.722354,56,15021.847056
187.515649,58,15022.185665
197.132765,56,15022.509665
135.865762,51,15022.807663
147.099704,50,15023.101306
184.852447,59,15023.425306
140.778149,55,15023.723306
188.563261,67,15024.084929
169.200988,56,15024.417928
191.027033,55,15024.723928
145.295971,75,15025.126534
58.102515,35,15025.338534
205.283715,61,15025.657534
109.443555,51,15025.96017
210.189802,72,15026.34817
213.205197,65,15026.73717
75.919406,35,15026.955783
177.184196,55,15027.284783
132.889187,47,15027.544783
169.386584,61,15027.868785
116.13209,48,15028.161434
65.809754,35,15028.381434
91.136883,40,15028.630434
220.457515,64,15028.992968
213.242939,65,15029.346968
112.863659,42,15029.590968
145.060556,48,15029.877968
211.766919,65,15030.263599
129.194212,61,15030.601599
168.850037,53,15030.917214
83.418533,42,15083.283267
181.992968,54,15083.579267
77.144115,38,15083.812268
131.647986,48,15084.084806
139.189781,50,15084.370808
164.671234,50,15084.636806
118.923901,53,15084.923452
202.582096,57,15085.219453
140.763166,48,15085.496452
194.091642,58,15085.801452
56.424211,34,15086.004993
174.270382,54,15086.329497
179.604321,63,15086.667497
199.471728,66,15087.002109
230.908548,69,15087.381109
217.977956,66,15087.719109
128.331915,52,15088.017743
186.07225,56,15088.332746
133.305024,47,15088.602745
240.454482,72,15088.981361
174.003739,51,15089.266361
133.925039,50,15089.551361
203.134694,58,15089.889316
181.497258,55,15090.215927
222.683667,62,15090.53893
160.060821,61,15090.865927
120.010546,47,15091.148555
175.314056,72,15091.513553
228.450919,67,15091.892553
118.360622,45,15092.149204
179.00874,54,15092.445203
213.194451,62,15092.804204
150.98942,51,15093.086826
190.726966,60,15093.410826
175.130871,54,15093.712826
87.259873,38,15093.936443
143.930753,63,15094.265443
143.641615,50,15094.530443
76.761372,38,15094.755445
145.366954,51,15095.044067
192.788563,64,15095.395067
96.528539,44,15095.649067
122.593234,44,15095.900067
144.240082,48,15096.180697
169.70651,55,15096.468697
204.817539,65,15096.801697
190.332765,55,15097.129337
137.945465,47,15097.403337
167.466134,70,15097.755337
181.304013,57,15098.076954
224.409379,68,15098.426955
173.958439,56,15098.750954
163.56887,61,15099.096593
89.123043,39,15099.326592
188.954503,57,15099.637592
74.798026,41,15099.863595
153.81454,69,15100.203222
204.48074,62,15100.557222
148.781501,53,15100.845224
217.726838,71,15101.225347
176.862584,69,15101.616347
187.911983,54,15101.902348
116.927779,43,15102.152971
108.325692,42,15102.39997
168.866425,51,15102.67997
158.31704,63,15103.021603
236.015056,68,15103.406603
203.793014,66,15103.745603
260.826478,76,15104.17519
236.931001,71,15104.56319
96.851938,39,15104.799192
202.925228,57,15105.117812
168.416522,69,15105.482813
177.481194,69,15105.867812
182.803294,58,15106.211429
205.988336,61,15106.570431
148.699148,47,15106.837934
123.599353,47,15107.117473
116.340219,43,15107.377473
88.744342,36,15107.597473
165.220768,51,15107.899473
127.938017,53,15108.198094
88.266993,40,15108.435094
241.493641,68,15108.836096
141.386073,48,15109.1007
220.071592,65,15109.4697
80.184345,34,15109.6707
169.694261,63,15110.01636
203.804856,62,15110.37836
51.175158,37,15110.59836
109.642044,42,15110.84136
99.906876,46,15111.095986
150.940421,50,15111.386987
222.52251,62,15111.706987
121.638173,46,15111.967533
202.125602,59,15112.291533
183.538221,71,15112.693533
134.114881,49,15112.980133
81.609984,38,15113.211133
192.424112,56,15113.513134
68.310041,37,15162.921927
111.277328,52,15163.213926
228.499939,74,15163.598926
191.928111,60,15163.948581
152.51843,78,15164.352581
137.498528,47,15164.637581
126.370257,51,15164.946221
202.667102,61,15165.27922
179.257472,56,15165.615221
227.252546,70,15166.032862
164.942639,54,15166.360859
169.416861,54,15166.664862
189.780382,70,15167.025479
187.068616,54,15167.315476
163.838123,53,15167.600476
139.349639,48,15167.883476
185.579701,63,15168.259108
138.961459,54,15168.567105
98.953908,47,15168.840105
88.684801,40,15169.083753
176.455858,64,15169.449751
75.002575,39,15169.688751
232.690302,63,15170.031386
227.938262,67,15170.397385
177.995448,56,15170.728
199.813612,56,15171.052629
183.312468,70,15171.43563
87.982779,40,15171.664629
180.437236,51,15171.94924
92.745912,38,15172.18424
127.472904,44,15172.44524
112.374942,43,15172.71124
167.613756,50,15172.997868
240.560636,75,15173.44187
75.855943,37,15173.672868
211.733316,82,15174.154503
203.829358,60,15174.480503
186.858786,53,15174.766503
230.775092,62,15175.123043
211.388227,64,15175.458046
226.448201,67,15175.842044
204.339416,61,15176.191688
173.880079,52,15176.470688
116.422653,50,15176.772688
234.628742,65,15177.164353
209.326777,61,15177.503352
231.242083,63,15177.878353
138.885418,45,15178.132008
171.923356,70,15178.506008
139.50645,55,15178.836008
204.739697,60,15179.197634
101.159254,42,15179.461634
146.949166,62,15179.803635
171.74099,61,15180.14426
106.480051,41,15180.392257
210.39092,68,15180.774257
218.183922,59,15181.090893
237.392604,60,15181.418892
167.446353,52,15181.736894
174.141673,66,15182.096433
150.777622,60,15182.449435
213.676488,61,15182.814433
107.658368,41,15183.067014
231.126081,65,15183.439014
206.855754,65,15183.825014
179.88725,57,15184.160603
1138.792932,35,15184.349603
1285.978473,65,15184.672603
1215.525413,46,15184.903603
1302.622469,69,15185.247242
1322.733542,71,15185.571241
1236.07726,60,15185.861161
1290.280714,59,15186.135798
1143.587127,38,15186.331799
1257.27167,70,15186.654799
1280.21987,71,15187.011436
1226.077341,59,15187.298435
1289.959257,63,15187.595435
1323.62718,68,15187.903435
1197.660418,44,15188.132052
1296.865313,70,15188.449052
1315.911987,64,15188.739052
1241.099927,61,15189.042645
1245.356981,58,15189.332646
1196.790627,45,15189.558646
1269.296965,63,15189.850645
1294.501092,61,15190.141279
1309.706337,62,15190.448279
1250.544427,65,15190.765279
1309.997595,64,15191.082897
1262.717324,61,15191.386897
1257.185753,70,15191.706897
1144.941582,37,15191.905738
1294.971148,65,15192.236314
1289.398364,59,15192.514313
109.600965,41,15192.721313
1259.971124,57,15193.011935
1242.304586,53,15193.283936
1236.464379,59,15193.575935
1258.468776,77,15193.929472
115.174266,82,15245.564017
1260.858275,80,15245.941659
1286.086096,65,15246.24345
1290.117978,65,15246.543456
1314.80517,76,15246.92699
1273.502729,55,15247.18499
1165.244645,38,15247.385991
1215.16221,57,15247.67199
1267.433563,72,15247.997543
1218.090999,58,15248.289543
1193.513254,42,15248.509543
1261.064856,58,15248.802543
1296.204393,61,15249.116186
1252.185886,73,15249.446522
1229.693326,50,15249.701522
1286.520883,71,15250.027139
1274.924116,75,15250.377139
1272.434909,65,15250.674139
1316.380595,61,15250.952773
1256.140221,56,15251.220773
1238.931187,56,15251.504773
1221.089842,50,15251.751773
1235.758946,52,15252.02032
1307.8617,64,15252.34932
1301.036129,60,15252.64632
1215.545978,57,15252.93194
1206.1471,45,15253.155939
1244.703988,52,15253.42994
1240.64358,52,15253.677939
1223.478712,57,15253.954581
1286.713097,63,15254.273582
1308.772209,70,15254.615581
1263.630534,58,15254.905581
1239.776917,64,15255.196124
1254.296054,55,15255.474124
1220.605598,50,15255.728124
1229.688201,62,15256.02273
1209.507756,47,15256.27073
1179.99816,43,15256.49473
1189.461153,54,15256.767732
166.748756,83,15257.156347
1185.981385,40,15257.364348
1153.444134,43,15257.583346
1231.240252,50,15257.833347
1250.979551,58,15258.12698
1277.106679,63,15258.41698
1299.107407,59,15258.68498
1205.631554,56,15258.959538
206.759578,67,15259.262538
1232.915879,51,15259.52854
1279.89911,68,15259.872114
116.935556,43,15260.086756
1194.402131,44,15260.316758
1278.126018,61,15260.618759
1294.319719,66,15260.939381
1261.675,58,15261.234382
1292.219501,68,15261.579382
1240.534764,52,15261.827381
1281.053618,79,15262.203016
1219.321823,47,15262.434014
1216.270819,48,15262.688017
1207.082006,51,15262.943985
1249.916346,53,15263.210984
1153.584785,38,15263.415985
1170.413713,41,15263.628984
1296.652025,64,15263.921595
1238.171926,52,15264.170595
98.934983,39,15264.373595
1310.109534,65,15264.671595
1208.814694,46,15264.909595
1269.651086,60,15265.210238
1181.485955,43,15265.434237
1241.434598,51,15265.676238
1194.116924,45,15265.910238
1194.884234,46,15266.14179
1249.545581,52,15266.399791
1157.76845,39,15266.609791
1321.08356,69,15266.921412
1335.424517,75,15267.302412
1299.131816,66,15267.601412
1201.726334,52,15267.860412
1255.337425,51,15268.105032
1229.423791,50,15268.360032
160.813177,47,15268.585032
1247.924769,55,15268.864032
1314.704136,71,15269.222673
1289.757846,63,15269.508673
1262.041788,56,15269.768673
155.761248,48,15269.997307
1268.736779,56,15270.259306
1240.747075,61,15270.565308
1285.230746,60,15270.859306
1320.732709,68,15271.206903
157.422512,77,15271.554903
1306.881779,69,15271.865904
1256.39147,55,15272.149476
1192.265758,54,15272.420475
1199.131048,47,15272.660475
1280.730111,65,15272.991113
1283.569774,61,15273.301113
1213.500244,49,15321.772517
1273.618552,56,15322.041141
1261.790024,64,15322.37014
1191.830023,44,15322.598141
1312.441171,71,15322.942723
1249.936403,67,15323.279723
1270.686805,62,15323.569723
1300.710863,63,15323.899723
1248.177711,55,15324.161354
1312.00355,62,15324.448352
1220.461054,45,15324.681352
157.29011,47,15324.909352
1213.566119,48,15325.162001
1311.385745,64,15325.464001
1239.247092,61,15325.772001
185.728495,51,15326.013541
1259.413991,51,15326.260541
1297.161111,65,15326.590541
1251.878809,54,15326.846541
1293.709318,73,15327.178177
1236.148513,50,15327.421177
1238.192007,52,15327.692177
1286.933014,65,15328.015814
1253.069331,55,15328.294814
146.426074,76,15328.644814
1180.421951,40,15328.857814
1311.260465,66,15329.161433
1314.726065,68,15329.478433
1303.488242,64,15329.782433
1268.979081,64,15330.10497
1301.175524,66,15330.42997
1267.212564,57,15330.701973
1320.978568,65,15331.026596
1192.988854,46,15331.265595
1312.647912,71,15331.626595
1273.265626,65,15331.948137
1270.158638,59,15332.227137
1297.342205,69,15332.569138
1289.17106,57,15332.838137
1350.219778,75,15333.222762
1223.406769,59,15333.523762
1235.215089,51,15333.782763
1281.818417,57,15334.050392
1215.901336,50,15334.305392
1300.235276,72,15334.663392
1310.123977,73,15335.025018
1289.686533,65,15335.322018
1320.259529,65,15335.623018
1273.723074,72,15335.951081
1292.308799,70,15336.272081
1294.314628,66,15336.574081
1316.654334,73,15336.919641
1305.32252,67,15337.260641
1278.286349,58,15337.532641
1244.165106,60,15337.830641
1312.977276,61,15338.115181
1250.808286,53,15338.370781
1287.231093,59,15338.646889
1229.414887,59,15338.936517
1314.9051,72,15339.302518
1282.42099,68,15339.644517
1317.933141,65,15339.968044
1335.903263,71,15340.335047
1180.2884,43,15340.557044
1293.203687,62,15340.846044
1291.939632,61,15341.132061
1255.562264,63,15341.452063
1270.097892,61,15341.765061
1175.374353,42,15341.990668
1309.155528,64,15342.288668
1284.000231,71,15342.613668
1321.076835,64,15342.909668
1288.41852,61,15343.228294
1288.85498,71,15343.552299
1216.307542,46,15343.791293
1240.495098,53,15344.064856
1179.567223,41,15344.283856
1260.335425,55,15344.566856
1206.089503,59,15344.865856
1179.040813,42,15345.089483
1214.46318,57,15345.377483
153.382238,46,15345.603484
1288.029839,63,15345.916118
1292.853429,69,15346.264118
1265.770271,59,15346.54171
1178.743775,43,15346.76071
1308.64455,72,15347.125252
1277.011625,58,15347.399252
1243.900105,51,15347.650252
104.332016,40,15347.857252
1207.650192,43,15348.080788
1340.908818,75,15348.461788
1246.86887,74,15348.798788
1188.825846,43,15349.026415
119.436272,42,15349.240415
201.856011,71,15349.565415
1262.733671,58,15349.840415
1140.760482,37,15350.039051
1307.713981,71,15350.399051
1352.549332,74,15350.790051
1233.011518,55,15401.788843
1296.308828,65,15402.092457
1299.961173,64,15402.422904
1295.998563,59,15402.705905
1259.701671,58,15402.99947
1268.140243,63,15403.31447
1294.575797,72,15403.65447
1341.320594,75,15403.998099
1202.132406,48,15404.238099
1294.3896,66,15404.546099
1189.08743,44,15404.776099
1257.580136,58,15405.076722
1254.810081,58,15405.371722
1335.984065,74,15405.746722
1298.933147,64,15406.071349
1236.81378,52,15406.339349
1296.445564,68,15406.677349
1292.933368,65,15406.981978
1275.989552,63,15407.297978
1200.892163,45,15407.527978
1302.612241,64,15407.856978
1326.95426,76,15408.205636
1162.274537,40,15408.414635
1221.575941,49,15408.672636
1249.352477,54,15408.946245
1167.393088,39,15409.155245
1210.737953,47,15409.401245
1203.185773,45,15409.628245
1283.819871,67,15409.959778
1299.475809,62,15410.27278
1283.047904,73,15410.60678
1213.576811,48,15410.841778
1256.345836,57,15411.134406
1288.514365,64,15411.433406
1180.223714,43,15411.658406
1187.602572,44,15411.888406
1331.173903,68,15412.243031
1251.682118,60,15412.54903
1316.016062,63,15412.857031
172.299447,75,15413.204666
1186.478384,50,15413.453666
1259.101946,75,15413.800666
1286.754999,62,15414.107272
1313.86185,62,15414.405272
1322.88158,66,15414.734272
1288.594503,62,15415.035891
1186.245372,43,15415.266586
133.713345,83,15415.650586
1324.938107,66,15415.995202
1205.083134,44,15416.224202
1274.883504,64,15416.538202
1217.340321,53,15416.809202
1282.831342,68,15417.151124
1227.925837,49,15417.402124
1246.249898,60,15417.683124
1295.824964,63,15417.97576
1292.798448,72,15418.33876
1211.385021,49,15418.58176
1325.455562,75,15418.928386
1263.791861,57,15419.227386
1172.217761,42,15419.448386
1166.50006,40,15419.665386
1353.513824,75,15420.049973
1309.111278,68,15420.388972
1282.244954,59,15420.692972
1250.549509,57,15420.960589
1199.771749,45,15421.196812
1227.344458,50,15421.456815
1243.303031,55,15421.735812
1238.230133,54,15421.99444
1191.634201,45,15422.223443
1276.956087,61,15422.53844
1290.269441,59,15422.831441
1238.880329,52,15423.102079
1326.712102,75,15423.483079
1236.012209,56,15423.750079
1231.998634,51,15424.010697
1233.476291,54,15424.274698
1196.511128,46,15424.505697
1285.523126,65,15424.840698
132.98387,48,15425.075318
1267.983963,60,15425.369318
1300.971193,62,15425.660318
1295.271106,71,15425.985938
1272.045093,53,15426.236939
1327.535858,75,15426.582938
1289.481641,63,15426.877938
1256.614982,61,15427.16346
1245.950681,54,15427.440461
1228.129422,52,15427.707486
1223.48132,51,15427.963082
1264.774913,62,15428.253082
1329.211641,68,15428.567082
1297.929054,61,15428.850082
1263.851131,60,15429.136493
1242.182636,49,15429.378493
1272.481539,58,15429.657493
1329.208049,66,15429.995112
1351.86666,75,15430.377113
1228.18068,50,15430.636112
1269.10056,58,15478.119245
1255.209075,60,15478.400245
1287.669718,57,15478.667245
1223.242487,49,15478.922854
147.981914,76,15479.276856
1237.585267,52,15479.544854
1168.699212,40,15479.760854
1317.358841,68,15480.075557
1319.574465,66,15480.417557
1135.770114,35,15480.610557
1169.252314,39,15480.818557
1256.892834,54,15481.080165
1289.31912,61,15481.393171
1314.238011,73,15481.728165
1246.306043,53,15481.99575
1260.822055,68,15482.307751
1217.274994,48,15482.55675
1257.658385,67,15482.86675
1286.765157,56,15483.132311
1220.641166,51,15483.393314
1298.151006,68,15483.740311
1266.060441,60,15484.022873
1320.670863,63,15484.325873
1290.727329,70,15484.647873
1279.654646,63,15484.943523
1268.149316,59,15485.243523
1256.631036,56,15485.529522
126.097396,45,15485.751522
1295.301473,62,15486.040061
1262.005742,68,15486.352061
1254.526423,58,15486.65006
1220.781927,52,15486.908072
1307.224694,67,15487.251072
1148.085363,37,15487.450072
1308.642983,60,15487.729072
1280.42574,59,15488.005683
1268.242255,57,15488.275683
1261.248372,56,15488.558683
1235.061635,51,15488.825683
1257.279319,57,15489.116221
1217.253901,54,15489.39222
1219.868299,48,15489.631221
1326.607407,65,15489.954842
1211.911202,57,15490.242854
1328.339045,76,15490.628842
1264.001543,58,15490.906921
1312.971043,70,15491.267294
1280.436607,60,15491.579294
1259.116532,52,15491.829294
1281.753644,66,15492.136906
1217.846448,54,15492.404906
1166.988782,41,15492.620906
1328.574791,64,15492.91553
1219.386205,49,15493.16853
1266.664281,63,15493.46153
1226.16534,51,15493.72353
1306.537613,69,15494.07516
1305.610554,64,15494.37116
1249.006785,53,15494.64116
1232.426297,60,15494.942771
1309.784411,64,15495.240771
141.327996,45,15495.462771
1293.573685,64,15495.790771
1237.862668,50,15496.035334
1226.127399,55,15496.298334
1281.599708,65,15496.603334
1219.424663,49,15496.860336
1287.527567,62,15497.17796
1256.079447,57,15497.466959
1204.130397,45,15497.700959
1211.526845,46,15497.938573
1271.833453,57,15498.239573
1262.284761,64,15498.536573
1250.590244,54,15498.817573
1244.275696,77,15499.168684
1315.396767,61,15499.450684
1171.37438,41,15499.665684
1237.937894,57,15499.935232
1187.190159,45,15500.171232
1221.929602,49,15500.428232
1311.496846,63,15500.721231
1307.794528,65,15501.022858
157.115659,48,15501.259858
1254.101573,55,15501.527859
1283.028318,69,15501.852858
1181.649826,42,15502.077476
1287.750973,64,15502.377464
1193.021253,45,15502.611465
1251.770022,65,15502.9121
1212.618423,52,15503.167099
1179.738001,43,15503.387099
139.833019,44,15503.606099
1293.164072,63,15503.927711
1314.120874,62,15504.221551
1273.105081,64,15504.519551
1223.8668,53,15504.790551
1204.857469,59,15505.089188
1297.714978,61,15505.403188
1278.983087,69,15505.723187
1273.973905,72,15506.055811
92.513845,41,15553.776415
1281.77499,62,15554.068043
1279.001401,58,15554.372043
1271.05431,60,15554.653043
1212.67642,54,15554.927654
1317.488319,63,15555.222075
1292.552225,60,15555.505075
1248.892628,53,15555.782075
1276.614671,74,15556.122669
1257.051178,76,15556.46867
1301.531056,61,15556.78167
1189.929021,44,15557.009302
1136.488756,34,15557.196303
1271.652935,58,15557.497303
1276.79602,58,15557.786303
1303.809385,66,15558.10084
1213.294537,47,15558.335841
1284.366857,61,15558.643841
1308.340932,73,15558.982451
1273.126395,67,15559.294451
1240.174703,50,15559.541451
1221.199685,47,15559.773451
1287.495077,59,15560.051071
1278.951777,75,15560.399071
1317.469896,64,15560.723071
1258.473789,55,15561.008703
1203.904068,52,15561.271705
1192.549062,49,15561.522703
1274.601518,58,15561.802703
1301.127192,69,15562.12325
1222.960712,51,15562.37825
1319.652732,65,15562.71625
1278.548121,63,15563.028888
1204.683895,46,15563.273888
1208.471128,48,15563.526888
1323.475196,69,15563.881888
1302.349917,70,15564.207529
1287.459288,61,15564.508528
1261.301131,54,15564.775529
1217.719209,53,15565.04515
1301.994746,67,15565.39015
1254.653539,69,15565.70615
1295.872932,74,15566.048771
1311.33993,65,15566.370771
1218.803719,47,15566.611771
1262.815593,56,15566.882952
1244.620027,50,15567.127602
1263.125873,58,15567.424602
1192.237663,45,15567.658602
1222.125196,53,15567.920218
185.13465,52,15568.170218
1211.226301,46,15568.401218
1250.150801,52,15568.656218
206.367059,57,15568.922828
1276.583613,75,15569.275828
1295.345444,59,15569.552829
1279.465585,59,15569.855829
1207.199954,47,15570.094456
1322.500947,76,15570.478456
1258.968579,52,15570.731457
1278.933655,62,15571.047019
1259.54115,60,15571.335019
1264.826068,57,15571.628019
1312.069527,65,15571.928643
1234.563719,50,15572.172643
1254.164193,72,15572.503644
1310.639311,72,15572.858643
1233.3541,52,15573.126183
1231.48971,53,15573.385183
1229.569986,49,15573.638183
1270.332004,74,15573.97872
1283.102851,65,15574.28072
1237.696185,51,15574.531537
1267.887496,63,15574.824536
1303.911163,62,15575.147157
1143.772734,37,15575.347157
1243.948566,52,15575.593157
1299.028541,69,15575.939781
1326.112163,68,15576.253781
1234.591653,55,15576.532781
1291.93664,71,15576.862781
1272.665163,64,15577.18731
1269.075638,65,15577.51831
1261.272451,54,15577.77531
1315.348129,63,15578.092918
1205.049708,46,15578.331918
1275.554045,58,15578.630918
1218.58648,48,15578.883918
1262.452011,57,15579.173545
1122.663368,33,15579.355545
1262.916518,57,15579.647545
135.070949,46,15579.875545
1264.262424,73,15580.213173
1259.195111,55,15580.498173
1131.140462,32,15580.675211
1279.971903,73,15581.01382
1271.10048,60,15581.31782
1318.34745,65,15581.62182
1306.406893,71,15581.952927
1261.239679,55,15582.234927
1278.397321,62,15634.034899
1256.912437,61,15634.315899
99.901896,43,15634.5359
1312.523293,71,15634.893899
1252.967187,52,15635.143505
1312.003821,66,15635.482505
1210.656484,54,15635.760505
1197.162187,48,15636.009066
1247.770358,53,15636.287637
1299.491529,67,15636.604637
1270.065175,66,15636.943271
1270.36099,55,15637.206271
1307.082206,73,15637.545271
1260.656862,55,15637.818271
1287.87774,73,15638.158895
1184.984997,41,15638.372895
161.447671,75,15638.719895
1311.383459,65,15639.023531
1245.804503,59,15639.30853
1252.908654,54,15639.58653
1249.011133,56,15639.861531
1275.870822,59,15640.160072
1276.035167,60,15640.448072
1271.707231,63,15640.746072
1304.657059,62,15641.069683
1269.894226,69,15641.388683
1228.073799,54,15641.657683
1234.679232,50,15641.907682
1176.015669,42,15642.126247
1222.139682,48,15642.375247
1174.067239,41,15642.594247
1260.134672,55,15642.876247
1326.780289,68,15643.227789
1141.031532,37,15643.42979
1210.192301,55,15643.71279
1299.321138,60,15644.003426
1239.790431,53,15644.278425
1264.33107,65,15644.608414
1260.749405,61,15644.890416
1304.535192,80,15645.260041
1333.41364,80,15645.670042
1231.306783,48,15645.917578
1325.963813,67,15646.228581
1195.662622,46,15646.468582
1170.527882,41,15646.686581
1177.850849,41,15646.905581
1310.456461,73,15647.280188
1186.505968,45,15647.509188
1282.435314,70,15647.833188
1284.469957,68,15648.147795
1260.14527,75,15648.491795
1239.950592,52,15648.746795
1306.625771,68,15649.067423
1220.033316,45,15649.300423
1277.942581,62,15649.589423
1213.270331,50,15649.836424
1236.877093,51,15650.099081
1353.268214,74,15650.482081
1212.822497,60,15650.785081
1192.218111,46,15651.021714
1345.022878,76,15651.406714
1303.856729,75,15651.754714
1267.366293,55,15652.021336
1287.381934,71,15652.348335
1327.908965,78,15652.710335
1334.608432,71,15653.069895
1309.022105,67,15653.380894
1226.60792,51,15653.642894
1275.171136,60,15653.953516
1241.821083,54,15654.232515
1288.644667,66,15654.540515
1247.547226,51,15654.787515
1206.039461,47,15655.034088
1332.847637,69,15655.378088
1303.685834,73,15655.717088
1298.835851,66,15656.023665
1182.99612,43,15656.244664
1235.253684,51,15656.502666
1254.736055,58,15656.771664
1256.860367,55,15657.056201
1302.631153,64,15657.355201
1198.677498,44,15657.582201
1189.433606,43,15657.801201
1311.079858,71,15658.131752
1235.096005,52,15658.395752
1200.632661,45,15658.631752
1202.847703,46,15658.870752
1336.957226,71,15659.202358
1332.884061,69,15659.531357
1218.733882,56,15659.807357
1250.149807,56,15660.070949
1141.292052,38,15660.271949
1279.649517,58,15660.576949
1265.6737,55,15660.856949
1290.284593,58,15661.133558
1291.993204,60,15661.419558
1336.836421,70,15661.777557
154.532478,47,15662.008192
1293.367978,70,15662.334192
1185.137043,46,15662.574192
1244.368229,52,15711.101469
1253.58975,54,15711.363469
1271.450136,67,15711.701469
1221.37861,47,15711.94505
1289.4,61,15712.25269
1320.676709,66,15712.587689
1238.934349,51,15712.851691
1336.809761,68,15713.16633
1297.910747,60,15713.452331
1260.036695,56,15713.72533
1172.744288,43,15713.947959
144.200849,45,15714.169958
1255.659734,52,15714.418958
1296.901431,64,15714.716962
1181.432069,42,15714.931585
1267.590497,67,15715.256587
1315.703607,68,15715.596586
1242.587864,57,15715.864142
1226.01603,56,15716.134673
1215.546174,54,15716.396673
1328.499073,65,15716.724673
1292.000041,66,15717.065287
1136.832252,37,15717.262287
1324.652563,71,15717.59238
1233.520228,49,15717.83138
1216.618783,50,15718.072001
1292.942421,66,15718.383997
1323.586448,62,15718.673997
1200.501204,49,15718.913624
1326.001927,66,15719.229625
1216.940779,47,15719.464625
1300.241193,70,15719.794625
1133.406356,34,15719.979256
1284.127013,59,15720.256256
1279.281414,66,15720.562256
1249.343534,58,15720.838257
1350.849868,74,15721.203895
1248.287037,54,15721.460894
1273.455143,58,15721.755895
1297.849227,62,15722.04151
1291.331998,61,15722.32651
1239.961163,53,15722.594511
1249.29036,51,15722.839513
1285.901344,64,15723.132138
1262.577157,55,15723.408139
1200.64027,46,15723.647138
1270.484462,58,15723.916138
1308.21494,62,15724.217765
1206.447938,47,15724.457765
140.208798,47,15724.687766
1176.645731,41,15724.899765
1277.411537,66,15725.203383
1292.358087,61,15725.517383
95.43863,38,15725.756385
184.986076,65,15726.113021
205.116531,58,15726.447021
200.69258,62,15726.795682
259.168497,73,15727.220311
172.863548,63,15727.554311
147.961728,49,15727.844311
171.385099,49,15728.116877
116.830473,46,15728.376434
114.154134,50,15728.658433
213.238489,66,15729.036058
122.949563,51,15729.327057
232.579859,61,15729.652056
202.126446,58,15729.963694
100.013211,45,15730.227693
141.662135,49,15730.517693
114.736482,45,15730.783694
209.992519,58,15731.110304
144.407413,50,15731.410303
187.127734,67,15731.776304
193.558775,56,15732.10692
170.205218,55,15732.434919
70.65399,36,15732.660919
162.142281,55,15732.969573
196.479998,61,15733.309572
120.5861,83,15733.762572
123.292027,44,15734.021194
131.947267,54,15734.329462
169.808289,55,15734.643461
165.597138,55,15734.941105
124.043415,40,15735.179104
177.036167,54,15735.488104
180.203166,58,15735.812104
218.68437,66,15736.173698
181.11047,57,15736.520696
216.85546,62,15736.895696
185.375143,51,15737.183318
245.501957,74,15737.586318
93.511888,42,15737.841319
151.470913,49,15738.124868
188.362963,56,15738.437869
92.722372,40,15738.681868
209.421649,69,15739.058489
184.325613,60,15739.380489
136.020775,49,15739.666488
199.351323,67,15740.053122
166.731267,54,15740.372122
121.331545,53,15792.03444
246.313199,66,15792.42944
66.904942,36,15792.65644
146.32018,48,15792.911441
76.684211,36,15793.11807
205.204566,60,15793.476073
119.870521,43,15793.73107
184.093217,54,15794.03665
147.969687,49,15794.335649
182.894999,54,15794.63665
128.589198,47,15794.922265
130.545438,52,15795.232265
73.863673,38,15795.468307
112.913,52,15795.778265
207.55228,60,15796.132831
183.092965,63,15796.474878
214.103407,59,15796.826832
196.324918,55,15797.130491
235.829806,66,15797.517491
157.605396,51,15797.819491
80.662036,40,15798.063054
199.854322,58,15798.412055
126.402942,45,15798.684054
192.987924,57,15799.02768
232.882483,67,15799.39468
141.288163,50,15799.69468
157.289206,59,15800.033317
232.324081,63,15800.414318
186.029173,62,15800.780317
198.601372,61,15801.134942
168.273223,54,15801.435942
239.218436,64,15801.820942
197.616289,58,15802.15757
186.807303,57,15802.49157
216.229531,62,15802.81957
140.786899,55,15803.126195
190.354278,57,15803.458195
60.462931,37,15803.680195
230.816916,61,15804.003831
115.256599,44,15804.258831
136.740049,55,15804.576833
83.998738,39,15804.818833
224.36544,60,15805.149548
265.906598,72,15805.575548
200.340416,79,15806.004182
130.45385,45,15806.279182
93.209605,41,15806.534183
163.093155,50,15806.820182
179.711969,54,15807.143824
120.874144,44,15807.399822
94.645557,40,15807.636364
209.608308,68,15807.992938
239.804152,76,15808.391937
157.395453,54,15808.702936
171.871366,63,15809.080531
202.314605,54,15809.382531
191.922629,63,15809.728531
95.262584,40,15809.97708
161.214977,51,15810.28808
131.258539,46,15810.555079
181.613199,63,15810.910479
118.973062,53,15811.220478
227.847634,65,15811.604478
95.079355,45,15811.871478
219.14785,60,15812.236113
199.769687,55,15812.543114
71.538164,34,15812.761116
211.126164,63,15813.126741
196.701584,60,15813.456741
50.351308,30,15813.652744
124.828207,50,15813.951359
165.781875,51,15814.258359
124.830514,48,15814.548359
111.05088,47,15814.82436
162.891403,58,15815.166988
99.808738,45,15815.442986
195.381626,62,15815.807986
210.59655,62,15816.164621
177.220681,56,15816.475624
66.112957,36,15816.689623
162.271815,50,15816.96116
239.300619,76,15817.364158
197.462075,66,15817.718158
207.820197,60,15818.048716
108.474776,44,15818.313716
187.399395,65,15818.687716
76.079893,36,15818.895717
190.94911,78,15819.299875
113.47661,44,15819.570875
203.688943,66,15819.930411
160.194364,50,15820.232411
217.246979,61,15820.60041
101.254132,43,15820.856411
160.492825,52,15821.161949
139.589544,47,15821.435946
105.979946,41,15821.680946
64.486739,37,15821.901946
131.717485,51,15822.206576
146.334331,47,15822.478578
207.679878,62,15822.834576
149.368167,56,15871.328182
133.648336,45,15871.593182
177.206358,54,15871.918806
94.285549,41,15872.175806
209.092645,62,15872.547807
77.646586,38,15872.785805
63.156048,37,15873.020421
214.037096,69,15873.395421
70.012745,35,15873.619853
70.731432,37,15873.849853
84.046391,37,15874.083416
153.69963,55,15874.394417
169.370142,54,15874.717417
173.393847,53,15875.03505
176.789709,54,15875.360051
107.748858,47,15875.64405
206.298806,63,15875.991676
245.068432,65,15876.373677
155.92802,53,15876.677677
186.4071,56,15877.0103
123.794312,47,15877.2863
112.458057,47,15877.568299
143.463116,46,15877.8313
231.24919,63,15878.207931
181.358083,58,15878.530934
213.725459,60,15878.850931
194.010964,59,15879.160556
199.217306,62,15879.525556
97.355987,42,15879.777557
193.518342,65,15880.148202
191.006501,57,15880.490201
95.438832,42,15880.742201
210.881575,64,15881.112825
226.30122,79,15881.573825
173.16613,55,15881.875825
216.877611,59,15882.214458
191.545288,65,15882.553456
193.053129,60,15882.894457
205.534694,58,15883.233074
73.276448,37,15883.453073
114.682508,43,15883.712073
90.718693,42,15883.956644
128.042263,54,15884.267643
112.839954,42,15884.517644
215.397678,71,15884.931296
207.302279,59,15885.284294
211.994787,68,15885.655294
209.587453,58,15885.99493
115.666016,45,15886.26593
99.00266,43,15886.52593
185.559778,73,15886.90793
92.561049,37,15887.12757
171.857803,58,15887.431572
128.617961,44,15887.67957
212.049655,67,15888.027141
159.026782,51,15888.340141
246.097233,65,15888.718141
130.084173,47,15888.993706
220.143725,66,15889.367706
122.541792,43,15889.630706
230.405625,73,15890.046332
216.15787,80,15890.513377
199.631277,62,15890.850331
242.583396,64,15891.19995
241.691689,70,15891.604951
174.849996,59,15891.927489
232.665932,65,15892.311489
179.213713,62,15892.648514
207.571915,60,15893.002107
214.270822,63,15893.368107
232.117905,61,15893.705107
175.154413,56,15894.023742
243.765413,67,15894.418742
171.166555,55,15894.741742
81.58069,38,15894.960371
203.905779,58,15895.257371
199.671272,59,15895.580372
61.8102,35,15895.790372
210.27956,59,15896.142009
214.184898,68,15896.515009
142.343988,55,15896.832009
133.311481,53,15897.152656
154.842748,50,15897.451655
208.33621,59,15897.782655
235.560535,74,15898.185906
135.380031,46,15898.465906
133.182359,49,15898.746906
199.163639,59,15899.078448
229.944324,62,15899.424597
216.267878,70,15899.794596
101.521666,41,15900.0342
146.259556,47,15900.311201
220.058997,66,15900.683202
128.172267,48,15900.969826
262.1503,74,15901.390826
252.153823,67,15901.777828
188.306088,55,15902.082462
74.607423,39,15902.323461
197.304576,56,15902.638461
211.272875,59,15902.961995
110.311737,45,15954.206995
143.755293,58,15954.538994
152.09072,50,15954.837994
111.045974,46,15955.097612
186.101687,55,15955.422612
141.761037,53,15955.742612
219.135204,61,15956.105245
251.077226,79,15956.549245
133.478771,47,15956.800245
222.766408,63,15957.139788
149.283015,46,15957.421788
207.278788,58,15957.757788
146.981985,60,15958.111394
78.052492,37,15958.343394
69.197094,35,15958.564394
182.886891,64,15958.909394
127.523844,44,15959.168015
82.228582,36,15959.394015
129.528642,43,15959.658015
83.423878,40,15959.903018
214.081487,64,15960.27164
256.186334,69,15960.64764
179.0893,54,15960.973257
167.39899,52,15961.274257
206.093063,59,15961.631257
241.217059,63,15962.007873
149.461602,49,15962.281872
233.677293,66,15962.650872
168.810145,51,15962.931587
172.025948,51,15963.226587
157.381305,79,15963.637587
199.219637,56,15963.961214
165.142001,53,15964.258214
112.67552,44,15964.513214
80.771724,39,15964.748214
146.994981,50,15965.03885
169.130237,50,15965.32085
118.006183,38,15965.55885
205.158226,57,15965.907852
151.745684,53,15966.214464
73.162365,31,15966.416464
235.489489,63,15966.797462
240.925359,68,15967.171088
184.698993,65,15967.543088
215.937034,78,15967.952714
165.096809,60,15968.308714
199.406452,57,15968.631713
117.028096,43,15968.886714
217.158865,67,15969.282337
272.237838,78,15969.746877
156.611099,50,15970.05049
197.646811,66,15970.44049
231.576004,63,15970.819491
225.857292,59,15971.144119
174.100924,63,15971.491717
157.326808,50,15971.796717
114.508997,43,15972.063262
222.081705,63,15972.409262
149.410892,52,15972.726263
153.38118,48,15973.0199
80.011259,39,15973.2619
204.041154,71,15973.647897
157.149245,57,15973.98147
180.842361,57,15974.29847
210.654285,57,15974.616471
198.149585,56,15974.949008
210.195763,65,15975.297007
235.543084,71,15975.685107
212.494036,59,15976.037722
192.981001,55,15976.371721
136.392898,46,15976.629721
240.804609,65,15977.002351
165.485605,52,15977.29435
168.204605,51,15977.604353
141.68185,47,15977.886353
131.542316,56,15978.206888
242.74503,65,15978.562888
193.10982,56,15978.874888
127.188153,45,15979.1375
114.08935,40,15979.386066
228.071797,71,15979.772066
139.932145,49,15980.062687
198.378124,68,15980.429687
145.13424,53,15980.730687
192.782683,62,15981.068324
67.796887,36,15981.291324
180.924338,53,15981.612324
183.774627,53,15981.905324
134.120127,47,15982.193948
146.702571,47,15982.470948
191.806449,59,15982.797948
122.434333,46,15983.07353
188.419584,60,15983.42853
124.462945,58,15983.77253
107.109991,37,15984.006158
191.658245,53,15984.300158
227.441039,73,15984.697158
235.167373,69,15985.067764
172.091573,55,15985.392764
245.656561,67,15985.789764
49.491586,33,16035.21981
146.980289,48,16035.498811
134.606472,47,16035.783813
177.411569,53,16036.104412
120.152792,45,16036.375412
206.346625,60,16036.723413
206.831938,64,16037.057004
218.124009,69,16037.416002
172.039071,59,16037.740003
179.052415,55,16038.064571
49.508564,34,16038.281572
228.935496,66,16038.625573
189.220033,56,16038.962195
174.455265,53,16039.258195
143.560772,48,16039.552195
106.300773,43,16039.807196
194.454992,58,16040.143811
60.416415,35,16040.359811
220.597468,63,16040.724811
97.569773,49,16041.011462
212.075412,59,16041.321462
218.999246,67,16041.713462
188.195133,79,16042.139087
154.246125,54,16042.471089
171.309088,57,16042.790088
208.636515,61,16043.106714
193.454529,69,16043.465713
118.174882,44,16043.710712
174.486558,53,16044.00929
147.08532,56,16044.309289
219.901481,63,16044.669289
157.876706,55,16044.957918
141.819365,48,16045.239922
140.185833,48,16045.500918
127.567611,46,16045.762918
78.308921,37,16045.980565
81.757232,39,16046.214565
159.613514,50,16046.506566
266.986925,72,16046.916211
108.502331,55,16047.231214
209.484803,71,16047.615214
220.831217,66,16048.00877
208.695563,59,16048.33077
203.346692,64,16048.70877
92.440897,38,16048.937394
231.829481,62,16049.303393
64.912588,32,16049.502393
146.848861,81,16049.928982
136.524818,48,16050.217984
127.506789,53,16050.533461
110.938845,37,16050.767462
196.376929,57,16051.107996
224.099266,64,16051.441996
98.411688,41,16051.688996
157.572559,51,16051.96361
157.411229,51,16052.24861
179.727492,63,16052.624228
161.978173,61,16052.974857
214.642595,72,16053.375857
216.102761,69,16053.783856
201.478676,66,16054.13942
155.889353,50,16054.44342
163.18211,59,16054.789419
189.373171,58,16055.111987
98.057052,39,16055.351987
158.861222,54,16055.649987
164.198533,51,16055.957627
257.408802,71,16056.374635
178.332052,74,16056.769625
188.13283,56,16057.094258
161.019366,55,16057.397258
166.532038,56,16057.705258
134.864091,58,16058.04888
101.781667,37,16058.278881
209.592206,57,16058.59488
194.18221,65,16058.953503
136.269601,50,16059.254503
140.046112,47,16059.541505
252.889451,73,16059.971039
222.290977,66,16060.344039
99.143881,44,16060.611041
182.372978,53,16060.927675
220.075753,60,16061.289675
198.199756,57,16061.610675
139.798168,48,16061.887675
139.42693,50,16062.164212
128.550787,48,16062.431212
225.84614,64,16062.801212
176.502861,81,16063.236775
71.562052,36,16063.463775
219.11468,60,16063.827775
179.097134,65,16064.190399
132.199344,52,16064.5034
217.874614,65,16064.8574
187.029501,61,16065.191601
146.142069,50,16065.491598
157.856634,51,16065.774599
120.878874,45,16066.046227
143.654112,60,16066.401227
229.249849,67,16066.772228
65.667543,36,16118.739563
183.446615,54,16119.052189
180.718102,59,16119.372188
236.175956,66,16119.727188
206.60344,59,16120.041813
230.328654,66,16120.390813
130.222004,46,16120.664815
206.465007,66,16121.011435
210.081028,65,16121.385436
107.624217,42,16121.643434
167.943171,62,16121.984112
209.518577,70,16122.364112
1179.98706,42,16122.577112
1325.66191,78,16122.967657
1244.193551,56,16123.223655
1296.765885,62,16123.524655
1244.88886,53,16123.794656
1217.919746,44,16124.022279
1286.127246,76,16124.367279
1348.441859,73,16124.733279
1189.912926,43,16124.957925
1320.643615,63,16125.283924
1221.019828,49,16125.524924
1274.766397,56,16125.791925
1236.402608,50,16126.046471
1342.842857,70,16126.392469
1327.557802,70,16126.746469
1277.223054,73,16127.077048
1304.48653,70,16127.430048
106.228914,43,16127.645048
1177.143241,41,16127.862048
1259.328648,75,16128.198674
1323.393663,63,16128.512675
1219.425627,47,16128.756675
1193.389526,47,16129.001327
1172.845437,42,16129.216326
1298.55213,63,16129.506326
158.849875,48,16129.735327
1306.52189,65,16130.032872
1276.504526,56,16130.318873
1206.213207,45,16130.552872
1228.180217,56,16130.817873
1247.186456,54,16131.091514
1361.356256,78,16131.483513
1309.541823,62,16131.801515
1269.928779,55,16132.074125
1284.895293,67,16132.411129
1215.893577,50,16132.664126
110.703946,42,16132.875125
1291.085534,64,16133.169707
1279.973601,74,16133.505707
1234.584597,61,16133.810707
1347.673044,76,16134.196326
1316.055214,69,16134.512327
1163.592857,85,16134.900555
1225.791613,52,16135.166189
1199.869145,51,16135.426187
1241.559405,53,16135.695187
1233.538828,54,16135.97072
1220.644744,56,16136.25572
1198.848492,45,16136.48572
1294.823463,75,16136.83172
1233.527116,51,16137.095354
1261.400238,65,16137.406353
1342.429635,73,16137.772353
1292.773752,70,16138.088982
1308.490316,76,16138.451984
1200.097982,44,16138.682985
1155.430025,39,16138.888982
1225.149744,51,16139.12962
1209.109719,60,16139.42862
1175.485141,39,16139.632619
1251.212455,51,16139.893619
1309.89215,76,16140.240276
1315.691275,65,16140.547275
1207.390052,48,16140.782274
1248.30098,68,16141.119926
1281.064114,62,16141.403926
1341.320293,75,16141.745927
1212.915508,49,16141.990546
1301.606241,64,16142.284547
1278.089561,57,16142.558548
1235.214569,58,16142.844546
1275.570886,58,16143.138178
1299.488252,65,16143.434178
1179.568542,43,16143.652178
1234.886474,56,16143.933832
1136.20222,36,16144.122832
1276.936546,59,16144.392832
1250.863586,50,16144.650832
1293.970435,69,16144.963456
1265.805212,72,16145.286456
1240.197075,57,16145.561458
1245.479293,78,16145.912456
1234.539219,50,16146.158103
1289.72985,59,16146.459105
1271.289086,60,16146.737105
1189.421378,44,16146.956747
1276.678315,68,16147.296749
1248.152033,52,16147.557962
1318.730651,68,16196.224085
1311.169826,64,16196.523085
1303.841277,63,16196.842085
1205.062443,53,16197.101728
1255.607643,63,16197.384728
1289.096763,61,16197.668729
1260.589106,66,16198.002268
1262.260953,78,16198.352265
214.306188,65,16198.651195
1297.76837,73,16198.982737
1283.177178,58,16199.279738
1290.394291,66,16199.606737
186.387964,52,16199.853737
1250.717258,65,16200.14555
1236.09638,56,16200.401551
1247.769869,53,16200.670551
1244.17918,58,16200.942185
1192.452388,43,16201.170186
1294.967057,63,16201.488186
1221.34781,48,16201.721185
1198.31315,47,16201.956841
1268.844681,66,16202.254842
1206.282904,47,16202.490841
69.825079,38,16202.689842
1280.918775,72,16203.018479
1247.882237,58,16203.287479
1227.202259,48,16203.53648
1257.692521,57,16203.817479
1287.762167,68,16204.13102
1286.18897,62,16204.44402
1217.135133,47,16204.687018
1301.651251,65,16204.988646
1266.306047,55,16205.247646
1228.668906,83,16205.624646
1238.713521,55,16205.900646
1196.899092,46,16206.138884
1263.68565,55,16206.409884
1203.951007,47,16206.644884
1300.226352,62,16206.93053
1201.546542,46,16207.15653
1280.122423,63,16207.448531
1279.33303,60,16207.74553
189.948056,79,16208.105067
1299.801158,64,16208.420066
1183.522481,44,16208.643066
1264.857161,58,16208.936637
1296.504404,61,16209.216637
1189.261916,44,16209.435637
1333.190156,70,16209.786637
1177.201732,41,16210.001265
1296.991789,71,16210.355252
175.249065,52,16210.598259
1294.866202,60,16210.90325
1220.007128,49,16211.145321
1249.846362,56,16211.402321
1315.056047,66,16211.733322
1264.070816,63,16212.046888
1319.736933,63,16212.366888
166.791782,78,16212.719889
1270.213835,72,16213.045503
1325.200766,72,16213.372503
1303.188362,64,16213.692504
1310.789948,63,16213.983137
1351.550856,73,16214.347136
1245.888687,62,16214.628136
1239.844756,53,16214.898135
1174.551869,38,16215.098761
1277.794863,61,16215.381759
1235.116325,53,16215.639759
1304.526265,73,16215.98339
1272.193807,58,16216.27439
87.836518,86,16216.662388
1216.770274,49,16216.91201
1336.673411,67,16217.250009
1248.005926,56,16217.506009
1242.99162,51,16217.771008
1214.852078,49,16218.01955
1308.630672,73,16218.371549
1323.782934,69,16218.710549
1172.911196,37,16218.910192
1226.777444,55,16219.177192
1211.191897,47,16219.418192
1314.353106,67,16219.723192
1320.611485,66,16220.058812
1251.065626,62,16220.365815
1339.804842,72,16220.717815
1295.519506,63,16221.026366
1180.167781,43,16221.246366
1208.833758,47,16221.483367
1300.546615,75,16221.824366
1208.631278,46,16222.059898
1213.985653,47,16222.303899
39.67639,89,16222.710899
1312.435636,63,16223.004444
1245.623915,56,16223.261444
1153.929391,39,16223.464444
1235.651468,51,16223.708444
1190.91949,53,16223.974977
1157.146575,39,16224.177977
1196.331291,54,16224.448982
157.605757,77,16276.023487
1259.983752,76,16276.367487
1336.331355,69,16276.716488
1252.720994,54,16276.973191
1244.92757,52,16277.217191
1212.190285,59,16277.508191
1319.967909,63,16277.832191
1246.573231,65,16278.125833
1258.655865,54,16278.393833
1181.749631,40,16278.604833
1300.871333,66,16278.933481
1231.492807,49,16279.18448
1219.943147,50,16279.42448
1243.658897,63,16279.735482
1338.944468,72,16280.068021
1208.282364,50,16280.312021
1235.383304,61,16280.589021
1197.559775,47,16280.821021
1282.427577,57,16281.082664
1306.257636,69,16281.429336
1273.541088,59,16281.705336
1338.770852,68,16282.040976
1250.04638,58,16282.308975
1151.729057,35,16282.498976
1177.519932,43,16282.71898
1288.819695,65,16283.014583
1241.319524,51,16283.259583
1249.606512,64,16283.566583
1144.748543,34,16283.750583
1345.714768,78,16284.126215
1310.716028,67,16284.464214
1200.685142,45,16284.690215
1309.531749,63,16284.979862
1217.174933,51,16285.235863
1214.940583,48,16285.477862
1258.66855,56,16285.741862
1226.336733,49,16285.985492
191.057443,78,16286.337492
1253.312101,52,16286.583492
1209.573562,46,16286.824492
1210.52131,47,16287.064077
1257.89435,53,16287.338078
1310.689078,64,16287.657077
1253.196471,63,16287.964868
1182.26419,42,16288.182868
1151.531296,36,16288.374868
1237.194963,56,16288.630868
1289.614532,65,16288.956517
1314.809907,62,16289.241517
1342.577403,68,16289.587518
1261.479685,56,16289.854517
1353.03998,74,16290.226049
1288.898016,59,16290.524049
176.66275,76,16290.875049
1275.483884,56,16291.16367
119.123099,43,16291.37567
1333.417584,78,16291.72867
160.801073,79,16292.087236
1268.943581,77,16292.434234
1278.660443,60,16292.722234
1131.318898,33,16292.907806
1235.793698,53,16293.163806
1305.787096,63,16293.453808
1268.988048,55,16293.726808
1317.441011,64,16294.024266
1313.158951,64,16294.321266
1297.253693,60,16294.622269
1281.751721,61,16294.909266
1158.796428,40,16295.116891
1250.114556,68,16295.42189
1241.980985,52,16295.66789
1284.278652,58,16295.956534
1256.156228,64,16296.245533
1281.56122,58,16296.515533
1200.808664,43,16296.740534
1294.390999,61,16297.023173
1296.723698,59,16297.330174
1246.600308,53,16297.597173
164.44629,75,16297.943819
1261.749519,63,16298.229819
1273.488805,64,16298.52082
1225.523154,51,16298.771819
1302.922944,65,16299.075389
1249.790789,53,16299.343389
1304.436534,60,16299.653404
1254.329295,55,16299.921181
1159.867195,39,16300.12818
1175.713073,42,16300.34418
1330.543143,68,16300.67718
1230.327335,48,16300.923717
1290.135961,74,16301.257717
126.428698,81,16301.620718
1193.652934,54,16301.889717
1276.946284,65,16302.185345
1285.943862,64,16302.487348
1231.871161,50,16302.736346
1302.08316,69,16303.079976
1240.57711,65,16303.371975
1267.614114,56,16303.638976
1306.218015,70,16303.958605
1215.939325,47,16353.216771
1359.273155,76,16353.595771
1270.591262,74,16353.928409
1207.904448,46,16354.168409
1312.324556,66,16354.47841
1196.07958,44,16354.710411
1211.91858,42,16354.931953
1206.235418,47,16355.170954
1321.641351,69,16355.505954
1322.012282,63,16355.797956
1327.879419,64,16356.120167
1299.878416,61,16356.404168
1191.10637,43,16356.632168
1220.400586,48,16356.880167
1220.811643,48,16357.124829
189.660231,74,16357.46783
1223.489349,54,16357.741828
1208.053647,46,16357.982375
1296.312659,59,16358.268376
1226.283691,53,16358.515374
1313.025205,64,16358.84444
1167.890415,41,16359.058061
1312.141049,73,16359.411061
1249.816539,55,16359.677062
1301.837763,60,16359.955676
1227.630913,51,16360.203677
1275.954575,81,16360.574676
1268.088531,59,16360.868676
1290.464903,69,16361.218606
220.807247,75,16361.562607
1187.172338,38,16361.765607
1193.21479,46,16361.999224
1333.529934,75,16362.348223
1213.168578,44,16362.578223
1315.212651,66,16362.911839
1285.887538,70,16363.261839
1300.943696,75,16363.605839
1244.165972,57,16363.89384
1226.070749,49,16364.150022
1251.587299,56,16364.426022
1296.677057,59,16364.721022
1258.32921,55,16364.986654
1254.889165,53,16365.257652
1261.32324,53,16365.510654
1321.582768,66,16365.817652
1239.770912,55,16366.085246
1284.604075,58,16366.354244
1238.795965,61,16366.657245
1314.440817,64,16366.957884
1345.420861,72,16367.319884
1272.508123,60,16367.598882
1178.817365,41,16367.818882
1324.652823,69,16368.136457
1212.701729,48,16368.382456
1298.903843,62,16368.670455
1292.69874,59,16368.953123
1292.148536,59,16369.227123
1250.901962,55,16369.497123
1260.505531,60,16369.798123
1229.73254,49,16370.041757
1299.23545,60,16370.322758
1228.036924,49,16370.573376
1321.00959,69,16370.888376
1351.528748,69,16371.239992
1314.406471,64,16371.552992
1223.074873,49,16371.790992
1154.077693,35,16371.978621
1217.498496,62,16372.285621
1312.569927,68,16372.602621
1279.934364,66,16372.914246
1256.596108,52,16373.163246
1272.731348,59,16373.444246
1174.345802,42,16373.660246
1144.924188,37,16373.857247
1289.476799,68,16374.194861
1193.830087,40,16374.404862
1289.109114,81,16374.773863
1208.188348,53,16375.038538
1341.668592,67,16375.379538
1311.117329,62,16375.668538
169.827323,52,16375.911168
1259.512543,54,16376.185168
142.892301,50,16376.427168
1306.730588,73,16376.762168
1274.179061,63,16377.079178
1228.45625,50,16377.329178
1189.584191,54,16377.593178
1285.809545,60,16377.868178
1245.983841,53,16378.130822
1245.36644,54,16378.394823
1126.582893,36,16378.585823
1256.84234,54,16378.848822
1336.063106,67,16379.190367
1349.38459,75,16379.563367
1269.614123,60,16379.859915
1281.502737,80,16380.223527
1274.360186,77,16380.575527
125.406277,45,16380.800527
1280.057116,65,16381.102153
1245.525902,53,16381.355152
1306.124303,62,16432.808317
1296.893602,59,16433.108885
1233.85332,50,16433.372885
1261.062929,65,16433.698884
1220.421463,53,16433.969519
151.712997,72,16434.29652
1249.192527,53,16434.550518
1181.643828,56,16434.833518
1272.140289,57,16435.120093
1185.216439,45,16435.355093
1250.981082,57,16435.621094
186.843013,68,16435.934725
1290.940365,62,16436.234725
226.264078,67,16436.545723
1305.6498,67,16436.879724
131.512893,78,16437.234354
1255.372838,68,16437.574356
1307.637382,65,16437.903354
1167.058071,38,16438.107005
1189.093425,49,16438.359003
1284.736205,69,16438.699003
1239.801354,52,16438.96557
197.585675,69,16439.284569
192.527285,57,16439.552569
1182.816825,55,16439.83057
1250.501485,67,16440.156183
1273.564989,61,16440.466183
1239.42356,64,16440.770183
1279.625707,77,16441.119809
240.378959,83,16441.538809
1257.902237,54,16441.802809
1243.477214,52,16442.055449
130.388705,44,16442.27645
1191.699078,48,16442.522449
1206.153434,48,16442.769449
1197.12452,52,16443.033998
142.710683,83,16443.412999
1335.3634,65,16443.715998
1346.511809,70,16444.074638
1274.307956,64,16444.395638
1328.978315,78,16444.773639
1313.120272,64,16445.098266
1226.188846,50,16445.354267
1278.432963,59,16445.652265
1278.151997,60,16445.949798
1206.512126,42,16446.169798
1304.481394,65,16446.478798
1300.520919,60,16446.779798
186.663862,72,16447.112424
1204.558734,47,16447.352422
1280.035047,64,16447.656422
1336.762809,76,16448.007023
1314.672476,70,16448.354023
1149.779321,37,16448.554024
1248.947996,82,16448.930627
120.730107,43,16449.146627
142.692066,75,16449.489627
204.920962,65,16449.793776
90.291357,44,16450.016515
1256.713211,53,16450.286516
1318.07095,66,16450.617516
194.130308,69,16450.936157
1278.685501,70,16451.254157
1179.460102,44,16451.47516
1312.198176,61,16451.756157
1325.13056,71,16452.099804
191.681778,68,16452.410804
1319.353347,65,16452.738804
192.485286,70,16453.061434
1265.722509,66,16453.379434
1325.818507,64,16453.709433
1296.897144,59,16454.005059
1265.014276,69,16454.325059
154.91084,78,16454.681059
1168.416212,40,16454.89506
1246.277018,53,16455.158664
175.383394,52,16455.403665
1242.997048,53,16455.672664
1178.315099,47,16455.914277
1278.16676,75,16456.252277
1230.508493,55,16456.511277
1326.446258,65,16456.841277
1282.673343,67,16457.148905
1327.777632,78,16457.504905
172.818124,56,16457.768905
1241.041553,56,16458.040525
1175.979253,56,16458.320525
1151.899552,36,16458.515525
154.832123,72,16458.842525
1256.661762,56,16459.11114
1310.043599,69,16459.450372
138.959315,78,16459.806404
1185.635232,41,16460.025941
1277.495369,61,16460.328942
1168.574138,40,16460.539941
1239.120343,48,16460.788941
1230.851882,56,16461.048481
1347.975375,78,16461.438091
1279.69839,59,16461.717089
184.415128,57,16461.983723
1203.18141,46,16509.400714
1298.896993,81,16509.769714
1317.035526,70,16510.091327
1297.402641,62,16510.401327
1266.639286,63,16510.716327
1246.635757,58,16510.981864
1273.745909,56,16511.267863
1292.357156,65,16511.579863
1264.027265,57,16511.843863
1236.384355,49,16512.09551
1267.941628,59,16512.380509
1274.228663,61,16512.66151
1324.838785,70,16512.993133
1341.962634,73,16513.327126
1192.521225,45,16513.561128
1267.807794,59,16513.839126
149.907921,85,16514.232686
1285.509357,61,16514.513686
1219.584899,48,16514.760685
1215.925692,49,16515.002303
1265.543466,63,16515.313303
1202.164228,46,16515.547302
1281.168923,68,16515.882304
1330.353597,65,16516.205864
1200.857928,48,16516.440863
1290.47415,67,16516.779863
1213.2754,51,16517.03547
1312.371392,72,16517.366557
1230.163579,49,16517.606555
1232.045868,50,16517.866555
167.184972,83,16518.246189
1258.051685,54,16518.509189
1273.517547,70,16518.831189
1284.643626,78,16519.189126
196.63629,58,16519.509127
121.650966,44,16519.759127
222.143531,62,16520.107743
149.591735,53,16520.409743
127.815419,45,16520.666744
120.434299,57,16520.990316
203.071892,58,16521.297316
183.585184,54,16521.576316
222.765135,62,16521.902316
149.191753,52,16522.182861
211.224807,58,16522.52286
96.40829,49,16522.80486
239.308911,70,16523.17191
178.745892,52,16523.47491
68.712648,37,16523.70191
221.326247,65,16524.055522
191.927172,75,16524.461522
192.380827,56,16524.788522
91.062096,46,16525.068053
129.877215,45,16525.334053
220.03544,67,16525.69907
93.13329,39,16525.932693
191.066663,60,16526.264691
32.514144,31,16526.460691
86.092162,52,16526.777691
223.800825,68,16527.14832
113.517605,45,16527.411321
104.957894,49,16527.699322
213.090393,59,16528.040941
196.031256,55,16528.371941
220.981221,67,16528.741941
236.952814,71,16529.131576
141.609722,45,16529.393576
169.973501,56,16529.709576
163.491942,51,16530.00521
219.10181,65,16530.33021
189.396985,58,16530.626239
254.279953,76,16531.058774
98.151237,42,16531.316776
104.861687,48,16531.607776
218.231595,58,16531.929393
193.597336,74,16532.328393
113.146619,44,16532.601393
78.976619,39,16532.832394
110.996192,47,16533.106998
239.274758,64,16533.474998
209.205312,68,16533.829998
202.776734,58,16534.144551
48.122368,34,16534.36355
201.891354,55,16534.66855
195.164914,61,16535.037155
184.565215,53,16535.357155
170.370256,59,16535.679155
172.027649,56,16535.984775
188.371481,71,16536.363367
120.578806,43,16536.608367
151.941813,49,16536.885367
165.355205,75,16537.289898
176.149875,73,16537.681898
180.319312,64,16538.01152
90.187623,47,16538.28052
94.373845,39,16538.52152
181.990437,58,16538.85252
265.511004,69,16539.25807
230.995316,71,16539.64207
234.168828,64,16540.000679
231.483682,71,16590.806859
259.230438,69,16591.219485
60.4916,32,16591.429482
166.489056,57,16591.747482
210.386773,58,16592.095023
212.861232,66,16592.458025
194.251307,65,16592.817024
220.592952,63,16593.197254
224.090976,63,16593.577254
143.305511,48,16593.878255
223.960154,63,16594.262802
164.475046,52,16594.579387
46.888317,35,16594.806386
167.068055,53,16595.132933
142.050586,50,16595.438932
155.32825,54,16595.747934
38.505432,34,16595.964479
75.822291,40,16596.201479
245.439672,77,16596.62148
73.654261,39,16596.854479
248.963778,71,16597.244018
179.327288,55,16597.57102
234.373831,62,16597.929568
116.95429,45,16598.194568
167.563996,51,16598.505568
188.811463,59,16598.835568
110.998821,47,16599.102113
160.516206,54,16599.405114
159.236358,57,16599.737113
209.577775,62,16600.081657
138.313259,42,16600.342657
190.473699,54,16600.636656
74.56833,37,16600.869656
68.289473,34,16601.088274
253.181556,72,16601.481274
113.87951,46,16601.746274
207.350908,66,16602.108508
238.586342,63,16602.483508
152.193999,52,16602.782508
157.417895,60,16603.124047
206.494495,62,16603.469047
212.339799,65,16603.833048
109.547656,49,16604.120589
88.861496,40,16604.356589
218.586659,62,16604.712589
192.916559,55,16605.024201
188.324141,57,16605.350195
156.554627,51,16605.639197
167.529149,50,16605.924793
83.872246,39,16606.170969
236.873264,63,16606.538969
1172.609274,43,16606.765971
1217.20147,50,16607.011517
1251.074867,58,16607.279517
195.253965,69,16607.594518
1132.453764,36,16607.790517
1353.294609,74,16608.157083
165.395042,73,16608.489081
1250.824002,54,16608.763081
1255.865578,64,16609.083634
1180.89363,45,16609.312637
1261.61195,55,16609.599634
1228.284521,51,16609.854635
1277.189973,70,16610.173251
1212.287938,50,16610.418251
1324.647413,69,16610.744251
1330.925776,74,16611.120895
1318.333869,71,16611.477898
1210.227558,50,16611.731895
52.511686,44,16611.960444
1216.109549,48,16612.196445
1254.895391,54,16612.471537
1278.112441,56,16612.731537
1271.12409,57,16613.01908
1293.570077,65,16613.319081
96.718577,42,16613.53208
1255.76613,57,16613.80108
1217.524226,51,16614.062625
1328.142678,69,16614.377625
1236.731224,61,16614.656625
1188.864272,46,16614.885626
1207.915677,46,16615.12523
1329.446775,74,16615.46123
140.291025,79,16615.80823
1285.673114,65,16616.10883
1187.560093,41,16616.32383
1280.07452,58,16616.59083
1271.632636,64,16616.88183
1209.922653,49,16617.127458
177.786353,66,16617.428458
1258.822217,55,16617.704462
164.394163,75,16618.04509
1250.438146,56,16618.304092
1264.87217,62,16618.61509
1255.878398,54,16618.887867
1218.712738,50,16619.146425
1190.449133,52,16619.409426
1227.713618,50,16619.668425
1255.257252,54,16619.938057
1232.505796,52,16620.190056
1241.579321,64,16668.813949
102.456982,82,16669.189551
1258.545373,55,16669.468551
1174.607741,39,16669.676551
172.37014,74,16670.012188
-133.428865,1,16670.073189
1220.919246,50,16670.322189
1340.461712,77,16670.704188
32.90103,21,16670.835188
220.143163,59,16671.176235
120.877656,48,16671.455235
67.366619,35,16671.676235
189.606509,57,16671.996792
134.91609,50,16672.287793
144.35722,54,16672.587792
167.231327,59,16672.935423
103.320115,49,16673.231423
242.099802,63,16673.597424
195.699865,69,16673.974048
225.881742,69,16674.349048
126.143276,50,16674.647048
239.528608,65,16675.036676
183.738999,78,16675.459676
100.165345,43,16675.716681
217.69406,60,16676.037469
206.260187,57,16676.367049
192.077077,56,16676.666049
202.565865,68,16677.050611
167.26016,55,16677.356611
198.787376,58,16677.665611
205.055876,64,16678.004231
107.887817,42,16678.257924
245.644549,76,16678.694924
144.557977,46,16678.968542
181.095483,63,16679.326543
194.527329,58,16679.640543
85.780691,37,16679.867542
206.117305,74,16680.256193
187.743189,56,16680.590194
186.393931,53,16680.912723
156.291173,61,16681.246722
98.539404,57,16681.589723
209.605647,58,16681.944338
219.503378,71,16682.329337
1128.444197,37,16682.529337
1330.189558,67,16682.867337
1240.410231,61,16683.155364
1302.60046,69,16683.469363
1315.267692,64,16683.780365
1219.229994,53,16684.037976
1340.56093,69,16684.371976
1240.414726,58,16684.651976
1276.883961,60,16684.930871
1279.412743,56,16685.219872
1251.405103,65,16685.538871
1158.548713,37,16685.738872
181.358237,55,16685.996513
1213.341532,51,16686.246511
148.720649,74,16686.576511
130.638476,84,16686.95915
1161.076903,42,16687.17615
1249.294917,56,16687.43315
229.556016,74,16687.76915
1278.705243,62,16688.081793
97.01266,81,16688.450793
1168.612057,41,16688.668796
1148.119524,39,16688.874795
1309.821171,62,16689.176438
1306.371439,59,16689.451437
1303.368891,63,16689.768437
1222.08117,49,16690.018053
1244.991911,53,16690.281054
1186.92296,49,16690.532054
1291.994756,67,16690.853053
1218.902304,49,16691.092692
239.515181,83,16691.504691
1227.634752,58,16691.77569
1261.152091,53,16692.028262
1285.638161,72,16692.352262
1318.717758,63,16692.660261
1268.898495,56,16692.936877
1260.889509,64,16693.256879
1308.079892,69,16693.572879
1259.497509,58,16693.836879
1186.532112,46,16694.069468
1181.651623,48,16694.316469
1313.086071,71,16694.667469
1283.335286,64,16694.968045
1208.044414,48,16695.204043
1301.873596,75,16695.546044
1281.915353,68,16695.859978
122.516656,77,16696.207597
1338.234449,69,16696.536597
1328.847904,66,16696.869598
1271.613441,57,16697.134226
1237.277195,57,16697.394226
1309.630454,72,16697.719226
1236.073593,52,16697.985805
30.826056,41,16698.200804
1252.74022,54,16698.474805
1256.437056,53,16747.866441
1231.149491,53,16748.124049
1332.885228,68,16748.471049
1162.540926,35,16748.664051
1204.671394,54,16748.940599
1287.52898,57,16749.208599
1287.651967,61,16749.506599
1349.189019,78,16749.883602
1260.317721,57,16750.157204
1292.843319,73,16750.493203
1184.826377,45,16750.730203
1183.200748,44,16750.959756
1316.756136,70,16751.286756
1322.397818,67,16751.633756
1207.298755,48,16751.882756
100.368333,86,16752.282324
1258.377546,64,16752.584323
1328.27752,77,16752.969903
215.502208,62,16753.296904
1181.933142,46,16753.533902
175.010665,65,16753.833901
1259.306422,54,16754.117454
184.083596,60,16754.398453
1248.993498,59,16754.670453
109.499385,82,16755.04801
100.693464,42,16755.304008
210.207556,58,16755.636009
128.910497,49,16755.933595
185.62458,81,16756.397597
181.129708,53,16756.697596
140.944968,77,16757.102148
173.566231,67,16757.49915
83.615413,39,16757.74915
174.452519,56,16758.060696
156.528088,52,16758.351696
151.466035,53,16758.660696
238.132046,64,16759.046266
117.254272,59,16759.400268
126.917751,46,16759.672265
182.259844,51,16759.963816
113.660875,47,16760.251817
123.163474,57,16760.592818
174.611215,64,16760.943378
160.105939,50,16761.23238
191.524431,61,16761.581378
209.608924,69,16761.98893
78.952724,40,16762.23093
225.862071,58,16762.542896
201.741917,56,16762.869896
194.215925,58,16763.192448
124.615416,49,16763.467447
102.303129,42,16763.710447
148.056538,58,16764.030063
231.606082,62,16764.393063
98.885782,43,16764.643064
152.967202,65,16764.983599
193.461801,59,16765.314598
246.981725,69,16765.720599
232.960711,66,16766.08322
144.878257,47,16766.356715
165.188252,51,16766.670715
91.182142,47,16766.982347
91.477792,43,16767.262347
101.680349,47,16767.54135
129.550337,47,16767.814349
128.488078,43,16768.080979
163.543901,54,16768.376977
127.41285,50,16768.675968
189.646747,55,16769.007612
126.143008,79,16769.426612
89.455849,40,16769.669612
201.741452,63,16770.016263
166.633529,63,16770.363262
219.377145,71,16770.766263
224.678968,67,16771.132895
213.998853,72,16771.553899
217.68838,60,16771.899897
202.341564,59,16772.225524
200.823432,62,16772.581522
64.589643,33,16772.841781
84.688096,39,16773.084328
173.270891,60,16773.409328
212.404973,66,16773.781327
166.149964,53,16774.086872
1156.666763,35,16774.288871
1275.582662,65,16774.577871
1272.993732,66,16774.870872
1169.489483,44,16775.092488
136.85324,71,16775.41049
1283.375699,59,16775.704488
148.567845,67,16776.002029
1301.656813,65,16776.305028
1218.489412,61,16776.606028
1203.770715,48,16776.843028
1208.272599,48,16777.083661
1297.119467,62,16777.360662
1201.10376,50,16777.596661
187.129916,75,16777.963019
1336.41778,69,16778.306018
1251.900618,62,16778.580018
1236.861677,53,16831.855814
1251.870755,57,16832.143457
1260.740127,54,16832.400457
1325.1708,64,16832.726457
1273.853325,57,16833.00409
1270.401655,62,16833.315091
1270.31961,55,16833.59409
1263.511785,54,16833.87009
1313.30656,62,16834.184626
1243.535857,51,16834.432626
1242.217672,66,16834.731627
1305.316196,69,16835.045255
1266.649699,66,16835.349231
1203.373418,47,16835.590231
1278.522318,60,16835.868231
1316.694987,64,16836.190772
1259.114413,58,16836.457772
90.626265,82,16836.827772
1304.427033,67,16837.134403
196.832943,72,16837.462404
1271.019737,55,16837.742403
1240.041909,52,16837.995952
1170.044195,37,16838.197953
111.508002,78,16838.548951
104.064709,78,16838.902952
1197.122566,48,16839.142584
1232.559042,51,16839.404622
1218.270882,64,16839.720582
1247.124896,60,16840.004201
1252.52699,52,16840.255201
1317.080428,62,16840.572201
1331.91862,67,16840.899202
1253.987982,53,16841.174128
1316.015041,61,16841.460129
1203.430974,45,16841.696128
1205.430386,47,16841.933761
1231.139449,51,16842.17676
1170.81786,39,16842.383762
1318.450095,72,16842.72776
1239.952026,55,16843.003398
1227.144484,48,16843.253398
1232.246046,63,16843.564398
1217.119591,53,16843.829398
67.74594,83,16844.200036
187.536811,71,16844.550036
1271.371053,60,16844.826034
1183.595656,60,16845.124643
1267.265451,62,16845.405643
1306.812656,73,16845.753643
1308.461116,61,16846.051284
1217.068538,51,16846.309284
1250.14631,62,16846.618284
1249.685221,62,16846.924916
1224.33831,49,16847.178916
1186.200173,54,16847.448916
1319.041802,65,16847.775916
1225.170876,50,16848.023528
1268.226759,55,16848.285439
1216.188244,49,16848.523439
1228.563102,52,16848.773439
1237.649716,60,16849.057078
1177.17629,39,16849.267079
1211.267877,48,16849.510078
1311.069927,62,16849.818079
1317.752903,66,16850.14962
116.859945,44,16850.371617
1276.706765,59,16850.669617
192.245494,68,16850.978233
157.581108,83,16851.357221
1326.889115,77,16851.72222
1282.379355,57,16851.99184
1318.88483,63,16852.27984
160.854414,70,16852.595839
-125.157432,94,16853.023472
133.879706,70,16853.340472
54.29327,85,16853.722472
1229.548037,54,16853.981005
1294.409852,70,16854.328005
1305.179986,60,16854.629005
137.742634,72,16854.954633
1160.745053,52,16855.210633
203.754171,66,16855.513633
1307.45207,63,16855.818633
1136.252446,38,16856.02127
1175.245675,41,16856.23927
1200.218687,51,16856.48627
1286.282173,64,16856.77927
1276.668094,58,16857.059895
1239.001265,53,16857.317895
97.65209,83,16857.684895
1160.523688,36,16857.877894
214.641519,63,16858.169522
1280.242694,56,16858.458523
1239.873056,52,16858.712522
1257.589117,60,16858.998115
1227.896799,55,16859.252115
1217.495464,53,16859.520116
1167.32037,37,16859.718115
1273.136634,67,16860.019645
1222.771431,48,16860.270645
1283.885514,59,16907.531219
68.328555,84,16907.908849
1160.234283,40,16908.116848
1328.588927,68,16908.439848
1297.008849,65,16908.742848
1217.583789,50,16908.988833
1233.169673,55,16909.241833
1273.897922,58,16909.517833
1251.181451,52,16909.785833
1373.944611,78,16910.171419
1190.132719,45,16910.397419
1239.917264,50,16910.650419
1231.878219,52,16910.901419
1265.308024,70,16911.219952
1181.664206,42,16911.44195
1279.140813,55,16911.69995
1224.136442,53,16911.958568
120.536303,79,16912.316568
1276.172063,64,16912.634568
1311.465259,62,16912.921203
1222.839688,53,16913.167203
1302.334704,67,16913.483203
1164.500631,42,16913.699204
1300.328271,61,16914.005131
1322.898896,65,16914.303133
1262.278276,55,16914.578131
1278.498971,62,16914.887138
1313.232438,62,16915.175748
1266.771823,62,16915.473748
1167.409588,42,16915.687748
1304.024323,63,16916.004396
1246.788916,51,16916.264396
1223.575416,49,16916.501396
1222.305142,47,16916.744396
1219.682599,46,16916.979928
1242.913907,55,16917.250927
1210.619397,56,16917.530927
151.656926,77,16917.883929
1211.279745,47,16918.116558
1235.958928,52,16918.365558
1249.169157,60,16918.641566
1283.57639,63,16918.931189
1242.317438,55,16919.197189
1159.036754,36,16919.391189
1157.742351,34,16919.575189
1278.992912,71,16919.926834
1261.011018,56,16920.184834
1129.437751,34,16920.370835
1223.49142,60,16920.647834
1282.515572,57,16920.916006
1318.630946,66,16921.220578
1308.4741,74,16921.560578
1282.786317,58,16921.855578
1308.208583,62,16922.1702
1238.886985,50,16922.4282
1232.395076,50,16922.6852
1248.977903,66,16922.985824
1275.547102,57,16923.274821
1248.474671,51,16923.521821
1230.5143,74,16923.852823
1264.858284,66,16924.152377
1179.101579,43,16924.376375
1275.94513,57,16924.647375
1212.32255,54,16924.915913
1226.946947,49,16925.165913
1213.875508,46,16925.406913
1327.407298,61,16925.690914
1296.418668,68,16926.001537
1142.552514,37,16926.202013
1294.125798,62,16926.511013
85.603422,80,16926.872012
1242.226192,53,16927.133662
1284.988882,73,16927.462663
1335.486212,70,16927.781662
1200.17525,46,16928.017278
1183.721467,45,16928.244757
1182.595277,43,16928.469364
1203.544587,49,16928.701364
1306.846562,69,16929.014917
1258.086854,56,16929.278917
1249.259755,69,16929.590917
1200.628766,46,16929.825917
1197.868568,46,16930.061537
1254.13087,53,16930.315536
1233.666511,49,16930.563537
1207.697859,47,16930.797536
99.005977,81,16931.164154
1214.191849,51,16931.406154
99.198424,83,16931.782154
1328.542424,67,16932.115776
1324.861496,63,16932.406776
1254.897411,61,16932.695776
1283.77232,61,16933.001416
1340.687804,68,16933.313417
1210.728943,45,16933.543417
142.943251,75,16933.883416
1323.576516,64,16934.210976
1216.330883,59,16934.506978
1133.66637,36,16934.702977
1209.6834,50,16934.9466
1285.807853,61,16984.91483
1170.156782,43,16985.13583
1271.033114,61,16985.42783
1317.435373,68,16985.73783
1269.430816,58,16986.001474
-66.221988,92,16986.419474
1280.901835,71,16986.738474
1321.928104,73,16987.073103
1200.694085,47,16987.314102
1257.660305,52,16987.562103
1357.344765,73,16987.925723
1309.799696,62,16988.211723
1265.542229,54,16988.466723
1161.544925,36,16988.657725
1300.987034,74,16989.024353
1218.117886,55,16989.299351
1203.644555,46,16989.529354
1241.201954,51,16989.785351
1257.909917,65,16990.085918
1280.560784,58,16990.370918
1204.625594,51,16990.613918
1197.863824,47,16990.851918
1258.237835,59,16991.129536
1140.010967,37,16991.330536
1272.093931,58,16991.597536
1219.481349,52,16991.850537
1243.818061,60,16992.123159
1208.969578,52,16992.377159
1164.513514,38,16992.580159
1289.24387,66,16992.905536
1251.109971,59,16993.204165
135.720109,75,16993.539165
1173.369039,39,16993.745165
1180.797922,42,16993.967782
1279.864211,62,16994.250782
1212.067462,52,16994.497783
1225.917006,54,16994.755783
1211.295681,47,16994.998424
1186.88429,45,16995.226424
95.045969,41,16995.437424
1209.773696,48,16995.676424
1218.114181,52,16995.931988
1147.433587,40,16996.139988
1176.884915,38,16996.344988
1289.458111,61,16996.652988
133.003392,67,16996.985622
1238.140622,48,16997.234621
1289.117545,58,16997.533622
1269.856156,63,16997.829622
1264.66051,55,16998.09526
149.447007,80,16998.457261
168.018643,84,16998.838261
1216.333312,53,16999.087896
1200.097281,50,16999.333896
1321.497858,61,16999.616896
1312.188211,65,16999.934529
1283.652436,58,17000.223529
1126.191724,35,17000.413529
1266.974323,57,17000.676529
1235.064438,57,17000.940147
1239.033756,57,17001.226982
236.769438,82,17001.631982
1290.843011,70,17001.947598
1180.254383,43,17002.166598
1289.45132,63,17002.486598
1209.887641,48,17002.731598
1232.846963,53,17002.992134
1143.80137,38,17003.196135
1193.916991,45,17003.424134
1300.085964,71,17003.781133
1218.797178,51,17004.040688
1205.129571,45,17004.277688
1179.850086,46,17004.505687
1235.286025,49,17004.761688
1230.491395,51,17005.021317
1300.193455,73,17005.391319
1338.901538,74,17005.748317
1173.678231,52,17006.009968
1304.533445,63,17006.326967
1258.559921,52,17006.576968
1223.41433,53,17006.833967
1196.759803,47,17007.072598
1286.935198,57,17007.366598
1162.710873,54,17007.634598
1195.003976,44,17007.863597
1278.182525,57,17008.126229
154.145274,69,17008.439227
1279.97093,56,17008.724227
1241.597522,52,17008.971869
1193.478847,46,17009.206869
1142.190274,36,17009.398871
1363.367433,74,17009.768869
168.08443,49,17010.005428
1279.881931,65,17010.302428
1256.204782,51,17010.564428
1205.532642,47,17010.807428
1179.85165,43,17011.034997
1114.291094,33,17011.217996
1175.785595,40,17011.430996
1290.17405,65,17011.758996
1169.482169,37,17058.522883
1235.029725,52,17058.769883
1306.647909,71,17059.090519
1328.412835,71,17059.44052
1198.286848,47,17059.67252
1288.713894,61,17059.954088
1183.007067,56,17060.236088
1196.996418,50,17060.496087
120.490229,78,17060.848087
1241.266875,52,17061.102724
1267.340201,56,17061.371721
1158.869428,41,17061.585721
1313.774156,67,17061.926285
163.218375,49,17062.164284
1207.312088,45,17062.401284
1287.79109,57,17062.670284
1314.707459,61,17062.954832
42.432375,87,17063.353832
1322.125393,69,17063.694832
1215.627663,48,17063.941369
1256.912311,68,17064.248369
1262.798503,58,17064.519369
122.656294,84,17064.904995
132.733901,47,17065.137997
158.420756,52,17065.388998
1250.009521,52,17065.636998
1217.965485,56,17065.91963
1186.78588,45,17066.148629
110.83397,84,17066.53163
1315.488018,73,17066.893629
125.167535,72,17067.219173
1217.428802,49,17067.467173
1230.99241,51,17067.725173
1309.353531,64,17068.031707
1265.76562,56,17068.300707
1180.448159,44,17068.529706
1234.905386,52,17068.780706
1307.403994,69,17069.096325
1233.497816,49,17069.356325
1113.440799,34,17069.543325
124.45148,78,17069.901325
1246.344358,55,17070.159948
1203.859847,61,17070.467947
1142.102158,37,17070.666947
1240.083325,66,17070.98804
1213.687182,48,17071.226039
176.56147,70,17071.548039
1304.484073,70,17071.900039
1337.653552,67,17072.241651
166.544853,79,17072.602651
1210.446624,46,17072.840651
1324.303656,75,17073.215272
1281.771303,74,17073.582272
1320.086319,76,17073.946928
1178.385257,44,17074.172928
1321.232467,63,17074.47893
68.322141,81,17074.844931
1143.835446,39,17075.049474
1214.681593,46,17075.289474
1258.979372,58,17075.563474
1286.602471,68,17075.900474
1196.849525,54,17076.170112
1241.545269,52,17076.434112
1206.135961,51,17076.682112
1293.172971,56,17076.943765
167.785312,76,17077.287765
175.009962,50,17077.526765
1311.187199,63,17077.816734
1218.119078,48,17078.061368
125.744568,74,17078.394367
1223.928671,46,17078.632367
1273.107276,70,17078.946897
1246.721441,60,17079.219897
1236.969056,56,17079.476897
1251.791661,63,17079.759897
108.630865,69,17080.102529
1183.657018,43,17080.327529
107.702389,77,17080.671529
141.436629,74,17081.004164
1260.966223,68,17081.312166
1178.578254,45,17081.541403
1287.925194,62,17081.825101
1241.822063,63,17082.14074
1267.764906,60,17082.41374
1322.515685,63,17082.73274
1328.025207,68,17083.077368
1316.081755,68,17083.407368
1185.752047,47,17083.639368
1349.601827,70,17083.992707
97.983281,45,17084.218707
1301.405582,68,17084.526707
1229.812727,58,17084.799707
1269.798233,56,17085.077323
1250.553332,57,17085.351323
1256.028151,58,17085.629325
1212.225958,47,17085.870323
1182.364793,44,17086.099954
1295.39054,70,17086.431957
1208.933791,49,17086.672954
1322.390433,69,17086.99557
1319.9614,74,17137.59387
1241.267777,50,17137.84787
1281.757833,56,17138.110425
1158.755118,42,17138.326424
1339.142492,68,17138.670424
1290.236484,71,17139.009043
1227.676585,54,17139.270043
1307.996952,62,17139.567043
1300.617026,80,17139.930665
1274.156552,59,17140.202665
1254.500458,58,17140.469665
1367.171464,77,17140.848686
1307.378612,63,17141.141294
1181.341317,44,17141.367294
1318.261533,71,17141.722319
1196.108676,51,17141.981872
1281.253751,66,17142.28487
1331.058476,66,17142.60887
1254.444179,59,17142.90487
1242.7931,51,17143.165498
1236.414695,52,17143.414496
1303.355433,63,17143.707496
1269.876732,55,17143.978111
1279.23833,59,17144.255111
1322.566489,64,17144.578111
1233.902044,60,17144.856112
93.823618,42,17145.070723
1157.33679,37,17145.268723
1279.202953,60,17145.545723
1194.841012,46,17145.775723
1166.302376,41,17145.986337
1285.3534,64,17146.278337
1336.44502,65,17146.611337
1133.076218,40,17146.820337
1255.522492,57,17147.106958
1277.367602,65,17147.404959
1214.608945,54,17147.663958
1314.594298,69,17147.979194
1196.977061,41,17148.195194
1142.25421,39,17148.403194
1241.413534,62,17148.713194
1224.470516,54,17148.98783
1248.651533,59,17149.28883
1239.79246,52,17149.55283
1253.435086,69,17149.86783
1295.393484,65,17150.197179
1271.928289,60,17150.473179
1201.738068,50,17150.71718
105.505179,43,17150.934841
1235.497207,53,17151.181841
131.9078,45,17151.406841
1242.008565,59,17151.705841
1266.452744,55,17151.971469
1156.337859,34,17152.156471
1230.904372,57,17152.436469
1250.542729,53,17152.690469
1195.885608,45,17152.925095
1238.443618,50,17153.170095
1139.651633,39,17153.375096
1276.147097,71,17153.715095
1278.38112,57,17154.009729
1318.08656,63,17154.326729
1205.39417,51,17154.576729
1118.464061,35,17154.76373
1310.036111,63,17155.087381
1133.292785,37,17155.284379
1237.857038,56,17155.54338
1230.165959,50,17155.799379
1237.178839,58,17156.068011
1335.392942,70,17156.390011
1197.915558,46,17156.619011
1306.288193,67,17156.949612
1268.244892,55,17157.209611
1222.746849,50,17157.465613
1249.180317,52,17157.716614
1264.538899,58,17157.989252
1264.894564,65,17158.320253
1175.931757,40,17158.535255
1205.974427,47,17158.777252
1324.22138,68,17159.114824
1272.066695,61,17159.392823
1183.574494,45,17159.619823
104.835468,77,17159.967433
1294.376763,72,17160.290432
1263.81525,73,17160.614432
1230.936477,50,17160.864432
1295.802345,79,17161.225058
108.631187,75,17161.564056
1220.980424,48,17161.814029
1133.776249,35,17162.004647
1270.014147,55,17162.288647
1237.792674,55,17162.557647
1207.273985,48,17162.796648
127.915082,72,17163.125292
1238.287806,52,17163.393291
1284.331306,66,17163.698291
1300.869862,58,17163.995952
1322.7539,67,17164.304952
1244.119135,63,17164.620952
1337.712682,69,17164.964497
218.700661,62,17212.564322
208.629866,57,17212.909568
77.481926,38,17213.138568
211.012361,57,17213.467568
233.340711,76,17213.880568
98.707158,44,17214.137153
176.123314,51,17214.427153
113.204817,47,17214.710153
54.03657,35,17214.934782
170.905727,70,17215.313782
159.269046,50,17215.600782
229.395986,73,17215.998414
71.7658,38,17216.239414
98.799226,42,17216.491415
181.856907,54,17216.806415
179.248964,63,17217.161976
204.719425,57,17217.466976
209.720808,70,17217.836531
241.857156,65,17218.176418
93.901696,40,17218.402419
218.176525,67,17218.757418
106.906456,46,17219.025054
154.26065,55,17219.353055
107.230114,39,17219.595054
213.148279,58,17219.941596
147.341336,51,17220.248596
137.520041,55,17220.572596
224.623055,62,17220.907596
133.751564,48,17221.18624
175.355469,64,17221.533237
162.770395,53,17221.825236
218.469839,80,17222.291783
205.717053,62,17222.63478
80.893086,41,17222.87478
52.398018,34,17223.093424
187.783833,55,17223.420427
62.416182,32,17223.617424
181.990128,67,17223.963039
106.036748,44,17224.221039
85.540733,39,17224.456039
183.289472,54,17224.744039
188.600691,54,17225.054681
212.739006,59,17225.368678
181.038285,53,17225.667678
202.498702,74,17226.0503
135.258605,51,17226.336302
228.744652,61,17226.686302
137.588805,78,17227.097925
133.966006,73,17227.488925
98.270866,44,17227.745925
150.408445,59,17228.069551
208.439482,57,17228.40555
91.24864,41,17228.65555
88.046349,55,17228.966164
144.306836,50,17229.234164
179.572631,55,17229.545164
118.736737,40,17229.783164
183.0475,56,17230.117698
212.269655,65,17230.48351
176.647804,58,17230.786508
105.410009,44,17231.051133
106.75271,46,17231.321131
134.006844,49,17231.607131
185.835114,64,17231.95474
166.376901,52,17232.261402
168.375128,71,17232.648404
224.567119,67,17233.040942
133.509532,53,17233.357942
127.436905,47,17233.645943
102.54539,40,17233.897944
201.232309,57,17234.216568
125.870711,52,17234.508569
264.275653,76,17234.950268
126.926254,54,17235.260265
259.991168,69,17235.637265
119.683132,51,17235.931806
240.411028,75,17236.369806
199.595861,57,17236.694805
202.986348,56,17237.033979
199.180002,61,17237.372978
145.379581,54,17237.679978
232.616459,64,17238.01652
109.4556,55,17238.331522
115.743741,48,17238.597521
168.166568,66,17238.941136
133.189028,49,17239.234137
198.264271,55,17239.567137
90.75529,39,17239.809136
127.300782,43,17240.075792
199.906977,67,17240.444792
230.328022,71,17240.850792
173.139345,66,17241.209434
154.054828,50,17241.503434
179.295367,66,17241.890435
117.749485,43,17242.159055
92.615505,49,17242.457052
138.206074,48,17242.742052
198.067406,58,17243.059676
199.287518,60,17243.387676
95.180336,43,17243.643676
171.723994,62,17294.633838
229.621144,68,17295.033458
93.624004,50,17295.334462
100.806656,37,17295.565458
220.433656,65,17295.919024
165.297899,59,17296.266029
196.008368,68,17296.644029
161.713446,63,17296.985652
67.829679,38,17297.223652
178.295018,58,17297.56565
174.626508,63,17297.908651
198.97167,53,17298.204288
216.086606,73,17298.600287
141.76963,58,17298.926923
251.398065,66,17299.301925
183.940817,59,17299.624922
187.943352,56,17299.955483
64.275047,36,17300.184483
100.504615,55,17300.515483
164.791961,55,17300.820483
174.423273,60,17301.133998
149.82508,52,17301.429998
110.786452,44,17301.680998
182.240139,57,17301.982632
170.512343,52,17302.293631
1196.866115,42,17302.517632
1323.473592,66,17302.833781
90.269388,43,17303.05241
1188.566038,46,17303.28041
1126.695088,35,17303.46741
1231.719437,52,17303.71641
1191.396366,42,17303.933042
1158.828472,41,17304.143042
1217.637757,53,17304.396042
1260.534112,54,17304.651042
1297.150391,57,17304.914042
1250.199176,54,17305.1847
1244.260692,53,17305.4367
1272.455235,60,17305.725701
1316.668433,75,17306.06531
1227.954983,51,17306.31431
9.183627,90,17306.725311
198.124188,66,17307.082861
185.685728,52,17307.377862
55.75335,32,17307.581861
239.859788,64,17307.931476
174.50509,50,17308.215477
179.70377,53,17308.533477
192.030095,64,17308.903476
94.95489,44,17309.164067
109.409166,48,17309.457067
242.333206,68,17309.860066
189.945108,59,17310.198694
214.400526,58,17310.541695
118.772864,50,17310.819694
188.239937,56,17311.150258
199.07227,66,17311.510258
147.84778,50,17311.793258
99.576257,42,17312.043878
150.698863,48,17312.336878
223.529473,71,17312.740879
186.874893,54,17313.030516
210.101593,66,17313.402516
140.760344,47,17313.665516
160.316848,59,17313.974158
117.87345,43,17314.230157
163.15323,67,17314.592159
241.436551,67,17314.955782
96.863057,46,17315.229782
206.669537,58,17315.567782
159.860438,55,17315.869782
216.345814,62,17316.224393
120.74674,51,17316.519392
145.702113,48,17316.788391
135.132887,76,17317.197018
138.237673,47,17317.479017
128.10601,77,17317.894017
147.69652,48,17318.187645
194.534212,59,17318.512644
150.853272,48,17318.789644
178.014722,66,17319.173182
221.931261,62,17319.535182
63.833966,36,17319.764182
94.17907,36,17319.991738
111.160653,40,17320.241736
65.184312,36,17320.468734
194.59543,74,17320.864735
206.772204,64,17321.208403
108.492719,43,17321.4644
169.444074,51,17321.741401
219.261043,63,17322.095028
185.280784,56,17322.399672
207.693319,59,17322.746673
115.737495,47,17323.024304
187.933004,68,17323.393304
189.262897,53,17323.687304
239.598705,68,17324.071946
105.206721,51,17324.374944
107.162434,40,17324.624944
171.414492,51,17324.931482
134.802667,49,17371.190111
145.885406,56,17371.521111
207.061812,62,17371.875111
136.048223,49,17372.169751
220.502376,60,17372.497751
138.119185,51,17372.795751
244.9296,68,17373.196382
72.155552,83,17373.648382
1302.960197,65,17373.944918
81.949617,38,17374.16992
190.975295,70,17374.535919
104.413802,48,17374.810918
181.255042,59,17375.163553
135.955438,46,17375.450554
100.267172,44,17375.718554
167.630323,49,17376.000178
188.031894,66,17376.362181
162.22957,55,17376.683178
219.739551,61,17377.018821
205.562775,59,17377.360821
153.020459,52,17377.659823
142.81203,53,17377.948471
183.114947,55,17378.242473
85.6303,52,17378.54147
131.109343,44,17378.804471
179.534098,54,17379.103045
223.770757,62,17379.447043
91.021413,42,17379.704041
172.699409,58,17380.043688
122.913311,48,17380.325688
127.681208,55,17380.650688
194.242086,57,17380.98831
65.349689,33,17381.20031
221.240755,59,17381.53931
104.409007,45,17381.81031
200.935309,57,17382.148934
1194.844726,40,17382.360935
117.666776,82,17382.734934
1175.700569,36,17382.925547
1305.424305,78,17383.286547
1189.516465,48,17383.522547
1170.405982,38,17383.720547
1298.376583,63,17384.033176
1279.710712,76,17384.370176
1260.019091,56,17384.633176
1287.113974,69,17384.973812
1290.349212,68,17385.281812
201.142467,71,17385.606812
1324.587216,77,17385.979425
1263.207081,56,17386.236423
1324.302456,63,17386.560423
1240.372469,72,17386.881423
1301.460698,64,17387.185062
1243.154929,55,17387.458052
1197.865328,40,17387.668052
1255.807208,62,17387.948655
1163.259337,43,17388.165655
122.233792,73,17388.497655
129.54772,76,17388.842655
1274.550133,59,17389.117189
1196.666882,49,17389.353189
1218.75459,47,17389.59819
1271.846566,58,17389.881189
1277.118345,60,17390.17976
152.655241,77,17390.528759
1307.88544,61,17390.837759
1136.820046,35,17391.022898
1221.73301,51,17391.266898
1246.798052,56,17391.538898
115.81071,78,17391.892898
1211.019505,50,17392.141461
1285.475288,58,17392.417461
1328.673306,81,17392.817461
1332.567197,66,17393.147026
1187.700271,47,17393.378026
1135.964968,36,17393.573026
1302.326277,67,17393.896027
1300.798877,72,17394.254651
1304.829616,68,17394.564651
1236.665002,57,17394.841651
1173.014733,44,17395.068225
1195.951481,48,17395.305225
1255.313493,66,17395.622225
1227.286411,57,17395.904225
1246.306373,54,17396.156863
1210.947594,52,17396.410862
1210.672594,48,17396.658863
105.329301,43,17396.873863
1263.406167,64,17397.175494
1244.003076,62,17397.481494
1258.671471,56,17397.741494
210.574894,59,17398.014124
1284.331247,60,17398.314126
1238.970226,64,17398.609123
1297.495813,67,17398.913784
1196.270629,50,17399.163785
1244.591891,61,17399.465785
1276.794306,56,17399.734784
1237.340772,55,17399.988408
1306.223006,58,17400.255408
1287.029075,65,17450.424092
1273.477593,68,17450.733092
1295.192878,65,17451.02973
1268.456046,63,17451.316731
1206.693261,55,17451.59273
1158.010697,39,17451.79973
1313.998598,76,17452.14433
1212.254847,52,17452.39333
1289.147744,63,17452.68733
1263.344776,63,17452.974002
1292.00604,63,17453.260003
1291.594267,69,17453.573002
1199.87117,48,17453.807002
1254.404113,53,17454.057569
1296.976618,62,17454.343569
1253.004799,58,17454.637569
1206.203739,47,17454.87057
1282.633746,62,17455.180207
1276.222291,62,17455.494207
1239.273391,60,17455.781207
1249.912739,54,17456.040768
1265.398293,76,17456.383768
1217.660429,49,17456.620768
1296.852355,66,17456.921383
1207.081829,47,17457.149386
1266.54638,55,17457.405386
1154.758186,40,17457.611383
1305.824125,64,17457.912383
1284.899757,69,17458.253013
1257.006019,65,17458.580012
1208.154199,52,17458.831012
1233.566319,50,17459.082561
1247.938966,72,17459.40256
1302.14836,61,17459.71601
1196.31882,43,17459.943662
1293.011808,67,17460.268662
1231.323755,54,17460.521663
1117.464588,34,17460.705662
1273.894104,71,17461.029317
1299.675072,60,17461.308317
1259.341479,65,17461.610317
1213.362328,54,17461.873317
1194.406373,49,17462.111967
1280.403304,62,17462.398966
169.776871,50,17462.636966
1242.688525,51,17462.903966
1239.905646,52,17463.152518
1177.47163,43,17463.375518
1291.324356,68,17463.686518
1212.848623,54,17463.960066
1216.472633,46,17464.204064
1320.414182,70,17464.523064
1249.644863,56,17464.782064
1200.776118,41,17464.997698
1274.078254,56,17465.284698
1182.598606,47,17465.522698
1198.456736,46,17465.757699
1231.376579,53,17466.006312
229.95061,69,17466.317313
1302.935135,62,17466.629313
1279.057055,57,17466.892313
1203.398762,46,17467.123941
1220.280324,50,17467.376941
1269.674891,56,17467.635941
1230.990971,58,17467.917587
1197.68045,50,17468.173586
1272.148954,65,17468.488587
84.195959,44,17468.708586
1200.963452,46,17468.944209
1253.053968,67,17469.276209
1239.647534,52,17469.539209
1272.669713,56,17469.795209
1183.23075,45,17470.020841
1162.245199,40,17470.227841
1276.111282,64,17470.520841
1189.290673,42,17470.742841
1192.413764,46,17470.982385
1274.910459,57,17471.251386
1232.470765,63,17471.565385
1191.58701,47,17471.809385
1248.810133,57,17472.094018
1236.890258,50,17472.352018
1197.563149,56,17472.633019
1241.763923,50,17472.888018
1296.597881,58,17473.156634
1317.185835,66,17473.460636
1197.86701,45,17473.689634
1254.997812,57,17473.968288
1267.579967,60,17474.246288
1229.065557,53,17474.515288
155.561457,48,17474.745288
1202.754441,44,17474.972922
1266.777584,60,17475.259922
1283.666877,61,17475.568895
1171.544816,39,17475.773895
1274.80761,62,17476.062537
1206.631506,47,17476.294538
1243.436364,75,17476.628538
1214.439785,77,17476.975165
1234.372256,80,17477.337166
1191.56094,38,17523.863238
145.833824,47,17524.093776
1284.278832,57,17524.358777
1262.097108,59,17524.652778
1177.782286,43,17524.871776
1320.261649,64,17525.198395
1275.019286,57,17525.475396
1271.3537,69,17525.790395
1314.696839,63,17526.100936
1220.781493,48,17526.349936
1237.973203,74,17526.684936
1194.98881,45,17526.918482
1225.384498,49,17527.169482
1268.458941,58,17527.436482
1354.954317,73,17527.810483
1201.932089,48,17528.059116
1273.072538,57,17528.341116
1278.261822,73,17528.714116
1337.437766,67,17529.055745
1327.172836,76,17529.425745
1262.102369,61,17529.711745
1200.164903,49,17529.958372
1288.490109,57,17530.241373
132.049024,45,17530.465373
1194.759366,43,17530.691372
1291.876745,64,17531.01701
1132.660027,34,17531.20401
1246.732127,59,17531.50101
1281.806862,67,17531.807009
1261.572203,66,17532.106647
1219.018179,56,17532.376646
1319.059752,70,17532.707646
1215.39265,47,17532.936213
1260.418851,68,17533.242212
1299.435668,60,17533.546212
1300.914258,66,17533.851212
1262.321039,60,17534.130844
1324.859067,77,17534.512844
1262.570429,55,17534.793842
1154.386741,36,17534.987488
1203.374595,49,17535.222488
1279.572893,65,17535.535488
1262.551922,65,17535.835488
1270.655653,63,17536.124115
1330.889501,70,17536.461116
1220.122706,47,17536.707115
1196.958026,43,17536.933653
1284.652318,59,17537.232653
1295.208488,68,17537.542653
1290.903804,58,17537.830653
1240.08355,52,17538.095299
1258.899447,72,17538.422299
1307.742499,70,17538.762298
1294.250058,60,17539.037915
1168.483955,41,17539.251917
1225.959776,50,17539.495916
1247.410264,62,17539.809916
1270.394405,56,17540.099563
1208.411427,53,17540.370563
1236.856258,49,17540.625564
1299.524073,67,17540.94818
1256.67716,58,17541.218179
1222.16687,58,17541.51118
1336.804714,74,17541.850179
1256.195828,53,17542.104845
1236.235487,52,17542.368846
1258.059238,61,17542.650843
1327.121287,77,17543.002444
1288.262703,61,17543.291444
1309.044762,62,17543.580444
1219.08614,55,17543.838444
1297.797418,74,17544.178088
1250.954385,57,17544.452088
1204.188158,53,17544.71109
1276.1298,64,17545.034733
1327.049312,67,17545.358733
1253.559794,54,17545.616733
1172.499116,43,17545.843733
1217.08582,58,17546.126377
116.845579,44,17546.34638
1266.520838,58,17546.642377
1247.508046,60,17546.948027
1261.644118,54,17547.220029
1196.152543,46,17547.451028
92.658992,40,17547.658026
1257.505496,73,17547.990594
1212.802973,79,17548.348594
1201.831396,47,17548.583594
1335.520216,66,17548.919244
1260.452638,77,17549.271245
1298.035782,61,17549.554252
1243.995339,52,17549.819244
1236.682938,57,17550.107876
1270.918282,61,17550.395875
1299.913226,59,17550.689873
1216.970316,50,17550.937511
1343.753215,70,17551.290511
1189.597523,44,17551.515511
1264.825935,54,17551.770511
1285.032549,63,17552.063159
1289.48608,69,17601.24395
1219.041802,51,17601.49495
1207.725187,49,17601.73895
1243.859622,71,17602.058628
1215.142349,47,17602.304224
1296.260277,69,17602.641224
1177.320811,37,17602.839224
1234.556511,51,17603.097862
1204.284543,46,17603.336862
1299.129255,74,17603.683862
1289.22804,71,17604.010493
1279.120262,73,17604.335493
1234.174208,49,17604.587492
1224.756918,59,17604.887493
1215.416409,49,17605.129062
1198.107423,43,17605.355061
1254.814663,62,17605.639061
1346.767136,70,17605.986678
1147.31318,38,17606.18668
1278.585377,57,17606.447678
1301.464903,60,17606.752678
1150.018659,37,17606.947324
1245.237168,51,17607.208325
1316.588785,62,17607.518324
1258.131159,58,17607.798323
1213.365662,83,17608.177974
1165.052497,42,17608.391974
1319.908537,64,17608.711975
1289.154401,60,17608.991618
1290.133142,58,17609.277619
1299.979632,75,17609.620618
1310.400427,66,17609.929253
86.205989,39,17610.164253
146.624218,47,17610.435251
197.281672,57,17610.750251
130.87861,47,17611.038905
124.97208,49,17611.328905
121.375925,49,17611.616905
253.419105,67,17612.007443
175.366013,50,17612.289442
233.830282,67,17612.653442
139.864396,54,17612.951065
63.049757,35,17613.172065
211.118907,59,17613.510066
79.326334,38,17613.734065
204.70463,67,17614.084694
165.301393,51,17614.389693
192.202349,68,17614.759694
185.939629,66,17615.117315
202.24184,72,17615.507317
140.854949,53,17615.829315
212.720393,71,17616.214847
107.784065,51,17616.511848
188.009499,60,17616.842847
154.828315,70,17617.221483
146.595663,47,17617.492483
153.305251,50,17617.785483
236.782268,75,17618.191131
59.026785,34,17618.405118
149.67272,73,17618.79952
202.669108,64,17619.146148
148.107583,57,17619.485149
218.969535,60,17619.839148
141.836985,55,17620.150676
153.794243,81,17620.588676
185.294417,53,17620.90833
236.908721,63,17621.283334
229.908199,69,17621.671335
202.669299,68,17622.027962
70.488942,37,17622.249964
129.148857,45,17622.514963
182.761605,55,17622.822962
194.928888,64,17623.170783
171.89938,58,17623.495783
157.346646,52,17623.795783
182.968069,61,17624.133425
148.771818,71,17624.498425
128.169227,52,17624.798426
40.688263,32,17625.003412
223.85867,60,17625.349411
138.752287,47,17625.617411
219.600932,60,17625.977027
192.493397,57,17626.316026
163.061527,50,17626.615027
97.721609,36,17626.843027
219.10504,60,17627.195651
206.647702,66,17627.583651
83.914473,39,17627.820651
242.076893,72,17628.235281
155.355188,54,17628.534281
141.172645,75,17628.938918
106.313127,49,17629.227918
224.733193,67,17629.592918
90.571064,38,17629.829918
157.813607,66,17630.184545
162.158511,58,17630.504543
144.965208,78,17630.898544
206.693837,62,17631.235159
209.258009,64,17631.584158
143.2315,48,17631.863158
221.512751,61,17679.570093
135.491677,47,17679.840093
94.870447,49,17680.132623
119.176911,51,17680.423623
167.271414,61,17680.774623
219.048866,62,17681.114264
205.544019,63,17681.456266
133.881574,47,17681.726264
165.245073,51,17682.036832
242.321757,67,17682.399832
125.185241,46,17682.668832
155.553324,49,17682.954477
88.65985,41,17683.201477
122.150497,44,17683.463477
171.178693,66,17683.820477
121.534551,43,17684.085114
199.968643,66,17684.442114
55.133562,32,17684.648114
201.09414,63,17684.990763
197.395894,60,17685.347763
193.412509,58,17685.667178
217.937704,63,17686.039803
184.528178,69,17686.434803
149.44044,48,17686.702803
164.463639,62,17687.012449
188.163087,56,17687.346448
146.95646,52,17687.646448
217.593325,66,17688.025104
92.817583,43,17688.285104
135.290476,47,17688.563104
56.853593,35,17688.783606
216.558355,61,17689.150151
165.617486,56,17689.473151
182.531653,59,17689.816151
187.59958,54,17690.106777
182.228801,61,17690.444776
80.263958,41,17690.688776
89.65761,42,17690.941398
186.265543,58,17691.273397
164.49788,56,17691.586396
114.097527,49,17691.876398
203.150417,61,17692.224568
256.765013,68,17692.61357
146.251832,54,17692.912569
147.545588,53,17693.209215
157.790723,51,17693.49021
61.403136,35,17693.713212
222.071899,63,17694.076782
98.56992,46,17694.355688
199.464362,62,17694.694688
114.228705,46,17694.960299
227.080323,76,17695.404299
164.084424,58,17695.712322
188.590521,63,17696.042858
137.577938,48,17696.328858
147.62044,60,17696.677857
164.577176,59,17696.988474
172.494529,62,17697.328478
137.080884,47,17697.597476
197.554471,58,17697.934113
210.846587,68,17698.305112
135.303758,46,17698.587112
157.411863,51,17698.883112
124.122875,45,17699.157741
189.629155,60,17699.515741
114.075044,47,17699.788741
104.66799,47,17700.070281
111.36227,46,17700.346282
94.047705,42,17700.598282
175.812822,57,17700.913281
191.306955,58,17701.232932
97.958995,43,17701.487931
152.939896,48,17701.762932
188.669598,61,17702.095554
175.85646,58,17702.436545
184.252319,64,17702.786545
55.376921,35,17703.003182
124.420033,50,17703.288182
143.061343,74,17703.682183
269.658899,77,17704.131721
138.457831,49,17704.415721
104.109097,48,17704.697721
211.849745,71,17705.099355
216.371211,73,17705.491355
239.160431,75,17705.917971
187.564654,60,17706.277972
155.469392,54,17706.600972
83.057938,41,17706.851971
92.403534,40,17707.102589
228.814191,62,17707.440589
192.37055,61,17707.77759
162.287226,60,17708.104231
108.312104,41,17708.358231
216.127054,69,17708.756233
106.693784,48,17709.034866
200.849108,74,17709.452868
225.900801,72,17709.845867
84.608912,41,17710.090497
136.811681,48,17710.383283
192.82668,57,17710.714575
106.311602,43,17758.284586
109.474336,45,17758.551586
159.086096,73,17758.928208
161.354867,50,17759.216208
182.284849,58,17759.520207
214.022235,61,17759.852207
139.443611,48,17760.134836
167.563644,59,17760.444837
166.631026,55,17760.757836
145.581469,56,17761.078466
172.168642,59,17761.406466
114.427916,46,17761.665469
178.468426,56,17761.980084
168.095305,56,17762.282099
73.907619,37,17762.5081
102.780039,42,17762.7541
233.619369,76,17763.151709
135.121086,75,17763.554711
166.742932,51,17763.864709
104.664922,43,17764.127333
140.783072,50,17764.422333
107.540666,43,17764.682333
168.654706,55,17765.012966
179.383646,62,17765.364964
189.56153,63,17765.697963
216.073987,60,17766.045598
101.632655,41,17766.286597
184.924471,64,17766.653598
156.691035,51,17766.949219
147.955211,47,17767.208216
127.143624,47,17767.492218
137.521275,77,17767.898216
195.152343,66,17768.253868
176.936243,54,17768.575868
194.131781,55,17768.905868
138.230763,48,17769.180407
116.477711,48,17769.461407
115.788724,48,17769.745408
130.448395,47,17770.033055
127.754809,47,17770.305048
86.599608,42,17770.558048
92.779471,41,17770.806048
118.218626,49,17771.093691
210.975839,57,17771.427691
175.83986,59,17771.755692
213.717812,66,17772.108237
153.362696,50,17772.398235
101.527723,40,17772.642235
169.194674,58,17772.973882
171.934899,55,17773.275882
123.426967,49,17773.561885
221.436836,64,17773.926507
45.533618,33,17774.138507
153.767699,61,17774.484509
206.340222,57,17774.826508
107.799925,39,17775.06914
227.505776,61,17775.435139
196.863091,58,17775.77814
158.121014,62,17776.139932
220.383466,73,17776.549932
208.554009,55,17776.843932
146.87331,52,17777.13556
217.640522,61,17777.457558
102.552461,43,17777.71156
114.767713,48,17777.980194
63.242663,33,17778.185192
97.86084,39,17778.429192
189.675715,61,17778.767193
214.195854,73,17779.183823
170.120847,64,17779.54782
215.216079,60,17779.90982
190.026197,60,17780.239496
143.568106,52,17780.540496
109.513649,43,17780.798496
186.662496,84,17781.290845
143.58202,49,17781.571845
191.048151,56,17781.894846
232.913455,61,17782.261468
151.083239,48,17782.546469
92.430288,43,17782.799468
249.464346,76,17783.24409
98.35678,44,17783.507108
142.169204,55,17783.81209
168.883773,64,17784.158647
109.199871,59,17784.509647
175.325376,61,17784.843647
229.836899,62,17785.205272
235.205443,75,17785.615274
164.711018,54,17785.921906
238.092771,62,17786.264906
260.019012,75,17786.712906
210.269073,68,17787.085513
244.646713,66,17787.478514
229.298611,70,17787.879513
170.933565,54,17788.192147
122.660666,43,17788.459147
237.269136,69,17788.837147
165.067857,65,17789.195064
108.161534,45,17789.466064
221.376111,61,17789.835064
146.54007,57,17840.306849
100.170284,45,17840.577848
190.05251,57,17840.894848
168.067596,51,17841.198472
133.638674,48,17841.475469
124.412722,52,17841.775468
126.174109,45,17842.037
258.964478,69,17842.441999
234.037107,66,17842.822999
184.505778,55,17843.140532
237.209934,63,17843.518531
124.746171,48,17843.799531
206.830494,57,17844.140172
201.083647,58,17844.45917
159.799284,49,17844.73817
137.629096,57,17845.080788
120.470702,48,17845.364788
151.569564,57,17845.687788
110.713235,49,17845.985422
123.413512,51,17846.282422
113.823814,47,17846.566422
261.448389,78,17847.013031
201.870722,71,17847.40064
164.035558,54,17847.723641
105.897615,50,17848.025265
218.374708,60,17848.362263
208.716188,59,17848.716263
210.626243,64,17849.067849
1198.796193,46,17849.302848
148.783406,47,17849.528847
110.542788,85,17849.920466
1135.85104,37,17850.117468
1232.526561,53,17850.367466
1309.491912,62,17850.652466
1345.63611,68,17851.0011
1269.717674,62,17851.2871
1282.505153,58,17851.5631
1253.477762,58,17851.8441
1219.578731,45,17852.077731
1163.395999,41,17852.292731
1249.540706,52,17852.551731
1241.429838,59,17852.848731
1236.053814,64,17853.1693
119.387994,43,17853.385304
1254.500256,64,17853.6993
1250.119271,51,17853.959917
1280.034677,67,17854.294917
109.715124,51,17854.604916
157.386476,52,17854.921567
223.355805,64,17855.306566
107.306637,45,17855.581566
144.597361,47,17855.867567
217.740373,62,17856.209185
219.598554,63,17856.587185
170.354486,67,17856.953599
169.682849,67,17857.349603
134.11134,54,17857.658603
105.50215,42,17857.909604
110.095711,45,17858.187231
178.108081,54,17858.487231
198.122806,61,17858.826627
152.083402,50,17859.112265
123.396023,41,17859.366265
180.179014,59,17859.706265
95.03016,46,17859.972897
209.314874,64,17860.319897
186.074334,72,17860.708896
135.67206,45,17860.983453
200.980528,72,17861.372452
197.797129,61,17861.699451
129.288036,47,17861.966085
197.420543,70,17862.326085
189.687494,65,17862.679089
147.83003,47,17862.952719
235.01544,72,17863.329005
136.586818,46,17863.571006
145.094641,51,17863.877004
92.579031,42,17864.130652
249.858713,67,17864.525652
211.422585,70,17864.907281
149.564055,50,17865.192282
131.643513,47,17865.467282
212.022291,59,17865.818281
134.697381,51,17866.11586
157.741881,48,17866.387861
250.901507,73,17866.82186
175.926142,53,17867.140498
182.979921,58,17867.485498
166.065838,61,17867.816498
239.074529,65,17868.204136
172.248475,54,17868.504132
202.599347,55,17868.81013
134.623033,49,17869.101662
193.341124,59,17869.425663
150.104101,55,17869.728662
189.366322,57,17870.047307
83.397277,43,17870.301308
212.211588,70,17870.688309
122.209176,48,17870.965455
195.800211,75,17871.351457
161.921767,79,17918.382196
1174.524989,41,17918.592196
1249.522039,55,17918.864196
1238.806562,68,17919.166813
1221.424806,47,17919.407814
1269.285734,60,17919.690815
1231.503193,58,17919.968434
144.173623,71,17920.290434
1308.727006,62,17920.601432
1246.268694,56,17920.862433
198.078107,67,17921.16497
1344.321633,72,17921.49297
1212.658047,44,17921.71897
97.798594,77,17922.069506
1231.981139,64,17922.358506
157.307915,63,17922.672506
1199.355401,47,17922.904506
121.491607,79,17923.260154
1196.683915,53,17923.516153
1309.958943,70,17923.861155
173.707488,56,17924.123776
186.26854,60,17924.397774
1249.616102,55,17924.677778
1266.60873,69,17925.020392
1279.526753,58,17925.314392
1297.729188,59,17925.616392
1316.308965,75,17925.979988
1256.832302,64,17926.270988
179.354363,59,17926.545988
160.113993,55,17926.807517
1283.831435,74,17927.142128
1240.280518,53,17927.404128
245.345959,83,17927.822127
78.850452,80,17928.178761
1317.843304,71,17928.509762
1257.520217,61,17928.796761
1230.51454,47,17929.035379
78.218881,44,17929.256383
1227.979308,54,17929.507379
1210.464351,56,17929.782379
1255.913815,75,17930.120007
1177.998134,45,17930.343007
1219.283604,52,17930.586007
1259.867239,58,17930.856007
160.275767,79,17931.215545
128.695214,51,17931.457545
1280.086355,73,17931.793545
1182.59881,47,17932.029172
1265.101376,55,17932.305172
86.510379,44,17932.527173
1241.065248,51,17932.785172
177.440743,52,17933.032792
208.058566,55,17933.289791
203.126462,86,17933.721284
172.77968,73,17934.056858
156.221727,69,17934.371858
1201.304906,44,17934.595858
197.705971,71,17934.953493
1226.86472,52,17935.200492
1303.132534,61,17935.482493
1297.108486,76,17935.840493
1223.048138,53,17936.100061
108.435439,48,17936.331061
1294.665585,60,17936.635063
1243.97095,69,17936.950684
141.578901,63,17937.235684
254.4341,82,17937.646684
128.375708,81,17938.018301
1201.910991,49,17938.268301
1182.135483,41,17938.480301
1292.404554,65,17938.810301
164.166557,70,17939.129943
1209.345767,53,17939.385943
1299.71268,66,17939.693943
84.602583,42,17939.906943
1247.767519,66,17940.204562
1266.734934,54,17940.477561
1316.603723,66,17940.779562
1290.239666,67,17941.086191
1190.323448,40,17941.294191
183.370445,52,17941.539191
1224.296966,51,17941.796191
1316.949172,78,17942.174842
1268.275468,58,17942.449841
54.542354,40,17942.65384
174.170421,56,17942.913427
1198.340113,47,17943.151427
1280.486638,56,17943.438426
1163.278509,43,17943.653426
139.420874,45,17943.873426
184.439923,68,17944.18306
70.604868,41,17944.392061
94.873999,45,17944.61706
1281.931588,56,17944.90506
1222.032967,51,17945.144696
1266.000573,56,17945.426696
1284.211648,76,17945.775871
1246.411558,70,17946.089507
1213.663506,51,17946.333508
1249.893166,60,17946.607507
1210.49942,47,17996.320324
1228.998963,50,17996.575325
1213.638687,47,17996.819325
1195.896525,45,17997.04794
1235.729447,57,17997.32094
1307.503624,63,17997.62794
134.419802,54,17997.88294
87.489564,45,17998.11056
1245.072396,51,17998.371558
1188.208981,50,17998.619559
1248.325847,58,17998.888558
1193.658197,49,17999.136188
1273.692645,57,17999.427188
1324.207847,66,17999.750189
1246.294591,62,18000.063823
1198.520544,43,18000.284822
1263.256978,79,18000.642822
1240.200848,71,18000.959448
1287.020414,64,18001.252448
1266.145048,63,18001.541448
162.157826,62,18001.851448
1206.121003,51,18002.105085
1256.70391,55,18002.363086
224.488633,69,18002.704086
1247.558422,52,18002.966709
1255.582258,68,18003.291709
1279.358517,58,18003.587709
1276.778895,58,18003.874175
108.457209,79,18004.231811
233.236797,70,18004.579813
1236.151954,58,18004.869811
1195.118992,44,18005.101432
94.208518,42,18005.315432
1307.652538,80,18005.69831
1175.201215,49,18005.952942
104.259977,47,18006.187941
1224.913148,72,18006.512942
1182.902932,55,18006.785941
1313.094128,71,18007.147506
1135.975488,34,18007.331506
1213.41362,49,18007.580506
1179.095541,46,18007.811507
1302.613092,63,18008.128119
1298.163888,61,18008.436119
1260.515311,56,18008.721119
1253.992689,69,18009.051733
1333.214409,65,18009.351733
1279.227292,68,18009.659733
75.168157,80,18010.021343
1166.300587,52,18010.281796
64.878818,43,18010.499795
205.987395,66,18010.828796
183.530811,65,18011.153326
157.610137,75,18011.494326
1205.19124,44,18011.721325
1175.575961,40,18011.930959
1246.608731,68,18012.272959
1222.825448,57,18012.548965
1252.577005,67,18012.856015
92.094249,79,18013.219184
1254.000078,60,18013.498194
1236.639944,64,18013.821247
233.153698,71,18014.173871
1262.729908,56,18014.446872
1315.710685,64,18014.768871
1264.395825,67,18015.073485
1180.621093,39,18015.276485
1194.161808,47,18015.509485
1183.357748,44,18015.732485
1289.834569,69,18016.072069
133.243994,50,18016.324069
163.274884,87,18016.752069
1178.311572,42,18016.973687
1179.031377,44,18017.196711
1151.839512,39,18017.400687
139.30835,64,18017.71769
1284.196432,59,18018.014233
1215.772172,53,18018.265233
211.172644,65,18018.567233
138.981162,52,18018.831233
1276.391802,76,18019.172791
157.624304,53,18019.422791
1256.927832,57,18019.706838
1298.792322,62,18020.019427
199.989228,62,18020.306427
160.643411,77,18020.654427
1131.468818,36,18020.846432
148.970494,58,18021.114055
1251.495159,53,18021.380056
1172.035833,40,18021.590055
1177.573752,45,18021.816056
1321.401301,73,18022.149636
172.472266,58,18022.441636
211.04852,68,18022.784636
1278.631424,60,18023.077838
1204.815698,52,18023.321838
1236.404336,55,18023.586838
81.003998,79,18023.942464
1334.73469,72,18024.270463
198.778063,63,18024.560463
1350.507454,80,18071.940707
1239.692315,51,18072.204707
1271.293276,58,18072.475707
1309.171592,74,18072.838707
1245.391195,60,18073.119336
1341.850451,74,18073.488336
1280.540185,60,18073.787336
1180.215278,42,18074.005955
1256.402473,59,18074.275954
205.438505,68,18074.616955
136.400571,49,18074.853955
1203.485948,46,18075.083583
1315.823679,71,18075.445583
1234.419153,56,18075.709584
1199.679074,45,18075.943217
1243.330077,53,18076.211815
1191.373159,48,18076.451815
1253.346938,62,18076.735814
1205.854844,50,18076.979445
1202.016667,48,18077.218445
1173.240959,38,18077.417445
1267.349511,60,18077.695445
1238.462168,58,18077.969086
1331.728564,69,18078.315089
1137.343274,33,18078.495088
1307.273498,63,18078.797086
1255.29812,55,18079.056628
172.000587,67,18079.365629
1231.846312,61,18079.64463
1214.236765,50,18079.893629
1219.136145,51,18080.140261
87.846914,46,18080.368255
167.573276,50,18080.612255
1272.683101,65,18080.93687
196.365771,61,18081.22287
1303.248126,67,18081.52787
1231.102795,54,18081.78987
1195.807218,45,18082.028
1184.577744,43,18082.254999
1170.61525,53,18082.521
1143.888842,38,18082.724003
1239.622788,55,18082.981635
1274.384775,57,18083.268636
1193.206329,45,18083.503637
1273.1246,64,18083.799637
1290.304857,67,18084.106277
1214.43038,48,18084.358278
1222.763591,50,18084.607281
1260.679668,63,18084.918278
1300.940735,71,18085.260852
1339.663065,67,18085.590851
1302.066548,68,18085.903851
1179.340571,47,18086.139495
1206.871978,53,18086.392494
201.949963,67,18086.696494
1224.686022,50,18086.948115
1257.18934,55,18087.213115
1164.487817,42,18087.430115
1228.411546,63,18087.736115
1168.318968,39,18087.938752
1219.30556,58,18088.208752
1268.142013,67,18088.515753
1300.456844,66,18088.825752
1178.784794,39,18089.029295
1231.412778,52,18089.276296
1248.168342,57,18089.542295
1248.821445,55,18089.802296
1241.526526,56,18090.063929
1321.315971,64,18090.377928
1177.334252,42,18090.59993
1178.906036,45,18090.830929
184.117112,58,18091.103546
1309.553974,71,18091.438546
1227.858703,51,18091.688546
135.244644,58,18091.980179
1264.467236,63,18092.275192
1247.501194,62,18092.56218
122.450457,56,18092.845179
1259.226445,56,18093.141401
159.396208,71,18093.467927
1310.450808,76,18093.841955
1192.679985,46,18094.075015
153.644809,65,18094.398016
41.891068,38,18094.598015
1189.881063,48,18094.839015
1312.211559,77,18095.190652
1280.705735,64,18095.499654
1240.437784,65,18095.804652
1278.355267,63,18096.094275
1289.454209,61,18096.397275
210.655339,56,18096.660276
200.74076,65,18096.958819
1202.331736,55,18097.231819
1179.464469,45,18097.457819
221.438119,57,18097.724819
1226.797125,52,18097.971416
1288.655356,60,18098.252415
1140.42271,35,18098.439415
208.223177,78,18098.824415
1155.943427,42,18099.038025
137.16217,47,18149.403817
1264.833997,54,18149.659817
1254.544111,61,18149.940453
1185.119845,54,18150.204743
64.966391,82,18150.573743
1202.865126,49,18150.818743
1270.904201,59,18151.094386
1269.729733,58,18151.364386
1341.162342,79,18151.754386
1308.337976,64,18152.074015
1236.105128,55,18152.343016
1312.55212,72,18152.674015
216.530989,58,18152.945649
1239.296396,61,18153.227649
1249.587014,68,18153.564649
1216.857755,45,18153.796651
1269.916111,57,18154.081261
1231.989343,52,18154.328261
1287.029555,59,18154.625261
1267.214814,69,18154.947309
1257.52831,70,18155.266318
122.022264,44,18155.487645
192.75218,60,18155.764658
1183.546332,47,18155.995711
1255.73678,63,18156.28372
149.022234,68,18156.623238
1279.69333,60,18156.917867
1181.938481,43,18157.138868
1258.483941,56,18157.412867
1302.516598,65,18157.712868
108.192784,82,18158.089398
1171.588679,61,18158.394399
1159.723035,41,18158.605398
1230.6668,54,18158.877398
1263.442257,72,18159.208447
1332.600959,68,18159.533447
1180.061201,40,18159.741447
1229.877848,59,18160.016061
1240.424097,54,18160.272939
158.543534,48,18160.507939
1182.708432,40,18160.715939
1288.727184,61,18161.001492
1243.326326,55,18161.277492
1282.544166,57,18161.555492
1206.897034,47,18161.795495
1260.130381,64,18162.093111
1263.499997,61,18162.398111
107.604235,42,18162.612111
1330.832851,69,18162.929741
1279.49942,75,18163.298756
88.819099,80,18163.659756
1251.167599,53,18163.93636
1286.187965,60,18164.227361
1227.212131,56,18164.502361
1306.816257,62,18164.815359
1228.378666,47,18165.054973
210.908165,55,18165.310984
1189.105232,44,18165.537011
1294.410699,60,18165.838994
1264.505918,58,18166.107619
1238.892272,62,18166.395619
1282.251261,60,18166.676619
1279.532877,68,18166.992161
1256.543079,63,18167.307161
1213.614956,46,18167.549161
1225.677416,71,18167.866161
1149.469699,37,18168.061779
1283.58285,61,18168.356778
1263.716244,57,18168.634939
1316.923972,83,18169.046572
1279.454639,58,18169.318572
1260.420394,55,18169.584572
1298.942114,61,18169.898572
1215.35502,48,18170.139215
1215.83894,74,18170.472208
1155.842748,38,18170.673208
1227.170707,51,18170.932861
1259.766125,55,18171.212863
1277.959305,61,18171.517861
1312.366026,64,18171.836867
1205.806617,46,18172.072497
1194.372727,44,18172.303499
1256.346664,80,18172.667497
1279.983662,60,18172.955131
1242.038235,60,18173.23213
1275.885497,63,18173.526129
1283.483683,61,18173.809129
1300.576101,64,18174.10789
142.429558,46,18174.33589
1268.670223,58,18174.61989
126.006405,49,18174.860888
1314.507205,72,18175.225525
1211.112658,48,18175.467524
1268.609087,55,18175.736524
1349.213816,75,18176.081158
1208.087029,44,18176.306158
1311.180473,69,18176.622158
1177.521305,41,18176.838159
1173.668912,47,18177.074797
1169.747343,42,18177.289798
1211.537106,47,18224.495941
1255.517274,61,18224.800941
1290.851464,75,18225.143589
1203.209231,44,18225.372588
1296.52603,60,18225.652589
1212.093557,51,18225.908591
1316.235594,72,18226.23925
1258.406191,53,18226.506252
1304.525759,64,18226.829252
77.944114,85,18227.215822
1271.669407,59,18227.511824
1238.034632,54,18227.781826
1246.820945,55,18228.048461
1234.000284,62,18228.359463
1187.607465,45,18228.589461
1214.232542,54,18228.843461
1300.049789,74,18229.182107
1278.376024,57,18229.473105
1249.792259,56,18229.754105
1292.580194,65,18230.055744
1232.187265,59,18230.326739
1190.828095,54,18230.59674
1305.775025,64,18230.916356
1306.317532,63,18231.236357
1311.293777,69,18231.552356
1209.946251,58,18231.843356
1282.923936,59,18232.137995
1258.225825,64,18232.428994
1254.110812,57,18232.702994
1211.48747,46,18232.944472
1304.234264,67,18233.282472
168.101792,52,18233.568473
101.824844,40,18233.805474
175.025191,56,18234.133006
172.405592,59,18234.454005
148.064115,56,18234.764005
90.457188,43,18235.026173
180.874313,53,18235.334173
220.75414,56,18235.645622
115.279333,44,18235.908622
96.589712,42,18236.162263
183.924245,51,18236.453265
235.037173,66,18236.815263
156.713,50,18237.114837
183.989215,54,18237.432836
107.320328,44,18237.695836
91.286801,39,18237.942462
132.647635,56,18238.281461
196.35202,57,18238.61846
231.610163,65,18239.0111
236.880819,72,18239.401098
147.740035,49,18239.689097
139.889141,74,18240.093626
196.750317,60,18240.410625
189.896631,57,18240.756625
167.27188,58,18241.074222
127.085425,47,18241.351223
92.714009,44,18241.615221
179.872587,54,18241.938867
188.088671,70,18242.318866
109.098742,46,18242.583866
218.2775,59,18242.926433
196.415548,63,18243.270434
102.938855,53,18243.579433
185.673334,56,18243.91296
142.43596,47,18244.202962
128.12148,77,18244.60296
182.257,56,18244.938599
180.71495,53,18245.239599
125.75234,46,18245.5106
130.11557,50,18245.7996
164.03412,53,18246.11424
190.634728,75,18246.52124
187.179746,65,18246.906241
161.742214,51,18247.207777
235.023301,68,18247.562776
182.935701,54,18247.859776
254.932285,67,18248.23542
108.855032,50,18248.525419
108.843321,39,18248.757419
75.442575,34,18248.968945
112.12561,50,18249.259944
152.313361,65,18249.640944
208.938699,64,18250.018479
208.657629,61,18250.35548
143.49473,49,18250.652479
118.016685,47,18250.934015
137.809492,49,18251.230015
171.239262,58,18251.555016
255.528394,70,18251.965635
141.433631,58,18252.299635
77.910083,40,18252.545864
175.552797,53,18252.864865
192.720481,65,18253.218405
193.501365,64,18253.569405
173.985879,70,18253.945034
147.155054,51,18254.229034
78.411685,36,18254.456034
76.310965,40,18254.702034
204.917166,57,18255.025671
167.953342,53,18304.426842
82.764642,54,18304.746841
171.910081,58,18305.08146
176.162028,56,18305.375459
194.211291,62,18305.70046
248.017285,73,18306.109382
216.79361,60,18306.441383
64.079874,33,18306.652383
171.924431,54,18306.952019
123.671378,44,18307.223021
155.989497,48,18307.500019
194.057656,59,18307.82702
92.106404,38,18308.063666
116.375137,46,18308.333665
165.871161,49,18308.615666
95.36549,80,18309.049285
104.540725,45,18309.316282
236.657773,65,18309.701283
190.241019,54,18310.011826
241.135154,75,18310.434822
61.655747,37,18310.656824
198.765026,62,18310.982496
244.450926,73,18311.361496
154.176409,59,18311.701496
1212.997554,50,18311.963139
1268.950182,68,18312.271139
1247.764285,59,18312.571138
1251.532302,55,18312.844142
1185.378012,45,18313.071773
1317.868934,70,18313.422773
1322.053922,74,18313.794773
1267.539763,56,18314.061416
1301.438945,64,18314.353414
1291.437263,69,18314.669415
1287.174155,57,18314.96396
1178.017876,41,18315.180961
1226.125341,57,18315.454963
1190.980254,53,18315.71263
1234.022616,58,18315.989247
235.096549,80,18316.385247
1307.000088,68,18316.695248
1309.329215,67,18316.99894
1255.399114,79,18317.35994
1236.633142,65,18317.67794
167.410819,49,18317.917565
1267.236709,67,18318.223562
1240.426252,64,18318.537562
1216.490866,48,18318.778562
1316.454086,67,18319.11611
1319.856662,77,18319.48711
1324.430057,66,18319.79111
1296.284699,60,18320.083654
1253.917686,54,18320.340653
1314.59151,65,18320.668653
1275.330748,65,18320.966267
1277.049383,63,18321.284267
1337.895142,69,18321.635267
1194.754016,42,18321.858267
1323.455398,76,18322.224902
1271.997677,55,18322.495902
1242.076724,51,18322.743903
1221.422806,49,18322.995519
1314.905233,63,18323.319519
1185.882762,55,18323.589519
1206.654579,48,18323.832519
1223.504483,48,18324.07814
1235.454163,54,18324.344138
1236.419921,57,18324.615139
1283.150386,75,18324.963778
1311.387484,64,18325.285778
1203.694374,45,18325.520781
1308.959131,67,18325.826778
1261.408348,70,18326.146428
1273.29633,59,18326.430428
1263.460549,57,18326.712428
1237.053005,53,18326.982967
1308.208671,73,18327.347801
1160.083506,41,18327.561804
1185.3009,43,18327.782801
1309.84197,61,18328.088444
1328.741057,70,18328.438442
1242.325224,63,18328.751441
1288.627142,68,18329.060089
1168.218345,41,18329.274089
1267.097312,64,18329.565089
1225.975275,56,18329.83409
1242.84153,63,18330.118709
1259.513909,60,18330.395711
1172.522797,43,18330.613709
132.670966,45,18330.838709
1280.632842,70,18331.157338
92.433389,43,18331.374338
1299.951061,61,18331.655338
1204.973181,46,18331.895346
1302.522548,71,18332.247928
1297.562149,60,18332.525928
1267.047631,56,18332.790928
1277.004128,61,18333.081545
1229.929015,52,18333.328545
1213.89314,55,18333.589545
1285.711099,57,18381.241293
1257.132559,54,18381.504294
1295.487599,65,18381.830296
1253.969497,74,18382.169827
1201.2849,50,18382.413826
1274.207439,71,18382.753826
212.03546,77,18383.136436
1268.685058,59,18383.430436
1289.0346,65,18383.744436
1182.498451,83,18384.119983
1260.366672,57,18384.381986
1255.824646,63,18384.666008
1279.672117,73,18384.998591
1308.074956,76,18385.372589
1301.525093,69,18385.685589
1245.21165,80,18386.051126
1184.331994,44,18386.273126
1274.868288,70,18386.586126
1278.475481,57,18386.874126
1224.04974,77,18387.221784
1254.507665,68,18387.544784
1316.694613,76,18387.92251
1182.983184,45,18388.143511
1292.089099,62,18388.45551
1338.71825,71,18388.813511
1190.107607,53,18389.075119
1289.125399,59,18389.34912
1311.303502,66,18389.679119
1236.449183,53,18389.940728
1257.359967,58,18390.205727
1301.151802,60,18390.487727
1330.156264,64,18390.780727
1284.448798,68,18391.090354
1283.732963,61,18391.384354
1297.18673,72,18391.731354
1311.755353,64,18392.053915
1256.199222,56,18392.311915
1343.079683,67,18392.618915
1269.40661,59,18392.902915
1303.259469,65,18393.228544
1263.235823,60,18393.526544
1216.859798,57,18393.798546
1297.023905,58,18394.095175
1236.634303,52,18394.350175
1290.93701,71,18394.708174
1256.618542,57,18394.995806
1174.120477,36,18395.187806
1287.981477,68,18395.495805
1197.8635,52,18395.756805
1279.532402,81,18396.127388
1266.393738,58,18396.402388
1167.820029,40,18396.614389
1246.177658,52,18396.865388
1237.373252,51,18397.124998
1173.394092,37,18397.319999
1266.491856,71,18397.644998
1259.387024,78,18398.003612
1308.797021,74,18398.346613
1207.642005,48,18398.585422
1188.942668,47,18398.824422
1236.934124,77,18399.174963
1251.247342,67,18399.503962
1344.302829,74,18399.880962
1210.788729,47,18400.12295
1303.500981,63,18400.44395
1246.612936,50,18400.706951
1337.355339,81,18401.108577
1181.487354,44,18401.33058
1193.027565,43,18401.55558
1227.053509,54,18401.817579
1247.716274,51,18402.067202
1313.601516,65,18402.384202
1253.406454,55,18402.647202
1153.963848,38,18402.849202
1276.441119,57,18403.140799
1261.616783,54,18403.414802
1133.011222,36,18403.606802
1192.3687,42,18403.824799
1281.412867,57,18404.108342
1292.63693,61,18404.394342
1199.530196,48,18404.637345
1213.904878,44,18404.866343
1296.190653,59,18405.16889
1212.848272,46,18405.406924
1305.396843,60,18405.686925
1293.142626,60,18405.990536
1281.306044,72,18406.339536
1240.322752,53,18406.592536
1254.430155,55,18406.863537
1298.940508,62,18407.172083
1212.685398,56,18407.457083
1222.699015,57,18407.721082
1279.957614,60,18408.025639
1231.816659,57,18408.288649
154.106119,87,18408.719664
1321.309875,65,18409.052064
139.81386,46,18409.277063
1312.850855,74,18409.635063
1292.123826,80,18410.029608
1201.065782,48,18410.265606
1279.897574,59,18460.233378
1219.695577,48,18460.478378
1237.339549,64,18460.79638
1315.118209,73,18461.14893
1281.64506,61,18461.43093
1328.150251,68,18461.77193
1340.583099,79,18462.164487
1288.951199,71,18462.490488
1172.317508,41,18462.7075
1288.880993,63,18463.028058
1220.718362,53,18463.277058
1278.937441,70,18463.597057
1305.271682,71,18463.956613
1273.694774,57,18464.218611
1237.973292,59,18464.500611
1269.567884,57,18464.764612
1323.100874,74,18465.132233
1335.803838,78,18465.519234
1159.426466,39,18465.724234
1222.093627,54,18465.995863
1304.74583,64,18466.321956
1157.367157,37,18466.519958
1219.218057,48,18466.761956
1319.145193,66,18467.068586
1327.758241,69,18467.383586
1136.298531,86,18467.772586
1312.183232,62,18468.091119
1347.958335,79,18468.472119
1278.542942,57,18468.75812
1197.173158,45,18468.982727
1284.053194,61,18469.285727
1133.32764,35,18469.471728
1221.421545,47,18469.714727
1251.415986,61,18470.01027
1303.541557,65,18470.313272
1293.443515,58,18470.610272
1274.556965,56,18470.875272
1312.634267,66,18471.210915
1256.501541,55,18471.478915
1314.239421,64,18471.771916
1336.402541,73,18472.126544
1256.094152,77,18472.471544
1229.075449,61,18472.773546
1320.848618,73,18473.108206
1138.512718,33,18473.286206
1238.418686,50,18473.545206
1285.674717,70,18473.860205
1346.145662,81,18474.261754
1176.721496,42,18474.476754
1182.749081,46,18474.706755
1245.720787,54,18474.966375
1311.433704,64,18475.263117
1317.18092,64,18475.585117
1275.944281,58,18475.860117
1335.296982,78,18476.234754
1251.399543,69,18476.545754
1320.759981,63,18476.869157
1299.932767,61,18477.153781
1186.486342,44,18477.380778
1288.501704,66,18477.681778
1180.674514,43,18477.901778
1241.016477,50,18478.163402
1273.741431,57,18478.452405
1299.046524,60,18478.758404
1240.430975,50,18479.015029
1302.673946,66,18479.322029
1306.327029,65,18479.628031
1286.133806,65,18479.925584
1249.513858,57,18480.209584
1255.662041,66,18480.519584
1206.000707,44,18480.745584
1276.142871,79,18481.110217
1208.147287,49,18481.352616
1271.720138,77,18481.696616
1257.486738,54,18481.960261
1265.119957,55,18482.224262
1269.783757,67,18482.556261
1194.010371,46,18482.788262
1296.909091,58,18483.0769
1172.368609,40,18483.2839
1294.672736,58,18483.5859
1295.731495,61,18483.8689
1246.343968,65,18484.185547
1287.911075,72,18484.514545
1320.562431,69,18484.831545
1243.090803,62,18485.128174
1214.698837,49,18485.369174
1167.191502,42,18485.585176
1306.24825,77,18485.933726
1135.101394,34,18486.118727
1317.918822,67,18486.461937
1170.700156,83,18486.835937
1243.954902,60,18487.137486
1183.873306,45,18487.364487
1297.81523,73,18487.724486
1128.92534,35,18487.911104
1255.315376,61,18488.191104
1277.763757,68,18488.498103
1308.871835,64,18488.794103
1263.621726,60,18489.081733
1198.665388,50,18536.584062
1287.184754,62,18536.900062
1197.408329,52,18537.153601
1299.603417,62,18537.472601
1295.496398,70,18537.790602
1259.901444,65,18538.112183
216.56076,58,18538.379183
1298.220628,69,18538.697958
1249.802374,68,18539.0096
1203.820223,49,18539.255601
1165.183697,86,18539.6536
105.891397,42,18539.8686
1229.188034,56,18540.138371
1265.582915,56,18540.411371
1291.928908,70,18540.728371
1157.654573,84,18541.111988
1259.229391,55,18541.370989
1171.442388,40,18541.582989
1246.08211,66,18541.903989
1250.102023,78,18542.264532
1201.307105,44,18542.493532
1316.356915,65,18542.820532
1254.628372,60,18543.1061
1300.291847,65,18543.4331
1352.448512,78,18543.824106
1174.742205,42,18544.038637
1229.142762,51,18544.295638
1297.594677,76,18544.647638
1199.745648,51,18544.898638
1204.423205,44,18545.124269
1189.202005,46,18545.351271
1145.62659,36,18545.543271
1296.45966,61,18545.853271
1273.622993,67,18546.178802
102.077814,46,18546.408804
1218.427165,49,18546.654804
1236.240737,50,18546.900804
1315.567462,64,18547.19544
1295.667074,59,18547.493726
1330.600536,71,18547.813726
1340.818585,66,18548.150348
1264.149312,54,18548.417348
1270.809221,55,18548.676348
1292.937216,60,18548.971967
1236.736467,51,18549.218967
1213.307821,67,18549.549966
1233.926672,53,18549.806967
112.241975,43,18550.022581
1348.641049,72,18550.384582
1261.308063,53,18550.660583
100.620563,41,18550.869581
1278.064966,67,18551.180221
1299.446743,60,18551.490582
1288.869893,63,18551.783582
1293.530706,63,18552.077222
1217.13968,47,18552.321222
1167.685441,42,18552.535222
1229.652528,55,18552.810222
1246.082321,56,18553.08283
1208.551543,57,18553.35583
1190.479471,58,18553.643831
1255.772405,52,18553.915419
211.91577,59,18554.189417
1300.025005,61,18554.493418
1239.70488,72,18554.818418
1269.601544,54,18555.100046
147.293583,47,18555.330046
1203.420244,47,18555.560046
1251.126523,63,18555.855046
1298.158056,61,18556.168664
1252.364459,62,18556.449665
1234.396245,52,18556.704665
1271.911946,78,18557.065262
1254.441132,53,18557.318263
1283.284379,76,18557.671264
1287.573499,60,18557.976926
1200.796162,63,18558.290924
1331.646304,77,18558.639923
1323.264405,64,18558.962545
1255.860882,66,18559.261544
1195.678329,39,18559.465545
1274.253707,63,18559.756154
1247.199277,52,18560.029783
1276.16053,57,18560.312783
1221.221586,55,18560.578783
1166.288629,39,18560.787783
1208.773762,47,18561.035352
1128.874447,33,18561.218353
1257.275406,56,18561.498352
1240.761379,54,18561.756352
81.732528,40,18561.962986
1241.88824,53,18562.232986
1191.239158,44,18562.456987
1323.512526,71,18562.814986
1315.287032,63,18563.119637
1196.463009,43,18563.340636
1302.999156,68,18563.656637
1228.521554,49,18563.896636
1263.701032,54,18564.180271
157.213739,50,18564.41702
1313.052302,76,18613.451115
1247.985103,66,18613.779115
1307.96335,78,18614.167751
1321.516517,63,18614.489751
1181.888097,58,18614.781751
1192.498884,46,18615.009368
1255.040522,66,18615.338369
1209.319957,45,18615.570369
1260.46467,57,18615.854757
1321.301525,67,18616.189401
1174.508466,52,18616.443401
1304.906598,60,18616.747401
1270.26205,65,18617.057092
1266.815344,59,18617.327044
1341.510047,71,18617.654044
1351.635636,71,18618.014696
1271.960189,55,18618.274696
1250.827456,52,18618.541696
1258.517158,67,18618.844704
1192.45423,41,18619.061329
175.3888,54,18619.313327
1275.333677,60,18619.609327
1244.552308,55,18619.870327
1171.03705,42,18620.085977
1264.324243,66,18620.418977
1281.439111,64,18620.718977
1263.890618,71,18621.03959
1299.637965,69,18621.390589
1128.83456,33,18621.568588
1218.318438,48,18621.812592
192.243944,57,18622.078215
1239.792818,56,18622.357213
1311.495363,69,18622.701213
1217.250506,53,18622.966812
1203.577826,55,18623.230811
1246.369165,64,18623.522812
1261.43057,54,18623.788811
1171.619128,43,18624.009441
1334.585356,68,18624.358441
1243.054459,76,18624.704441
1223.308709,51,18624.950052
199.699683,57,18625.220053
119.106817,44,18625.440051
1273.09038,67,18625.753052
1217.876614,47,18625.995615
1280.775624,61,18626.286615
1271.008951,80,18626.655615
1275.945369,57,18626.929244
1191.981601,46,18627.165202
1232.617314,51,18627.425202
1266.566606,59,18627.704201
216.066915,60,18627.980825
1259.361375,66,18628.285825
1247.778671,66,18628.612825
1230.41417,59,18628.906825
1299.965601,71,18629.248458
1327.661793,65,18629.547458
1263.452024,55,18629.822458
1276.812844,59,18630.101085
1239.290738,50,18630.365085
1253.443662,54,18630.621085
1192.362087,43,18630.846085
1220.853369,61,18631.138707
1157.234253,36,18631.334707
1185.099846,80,18631.703709
170.375535,49,18631.939248
1243.267173,58,18632.214249
1343.081516,77,18632.566248
1325.193326,68,18632.899248
1192.972591,46,18633.134884
1277.752304,72,18633.464885
1230.463245,49,18633.714909
1324.103031,68,18634.044534
1284.095782,61,18634.349531
1219.544144,61,18634.65401
1318.201176,70,18634.972651
1263.724586,55,18635.242652
1319.439347,67,18635.548652
1246.661188,53,18635.818652
1161.686595,40,18636.024295
1268.771185,60,18636.309295
1272.662713,75,18636.653295
171.107922,50,18636.891295
175.776681,55,18637.144826
1216.221395,50,18637.384826
1307.896343,70,18637.729827
1218.723182,47,18637.971488
1258.240843,62,18638.280489
1202.753551,51,18638.534489
1336.872585,72,18638.889488
1281.131906,59,18639.18012
1346.802084,80,18639.576119
1231.425029,53,18639.838119
1277.176785,71,18640.160762
1227.640763,53,18640.409762
1287.674311,58,18640.698762
1186.047171,49,18640.937384
1301.763272,74,18641.293602
1299.818876,65,18641.607602
119.756272,45,18641.831602
1274.796882,57,18688.437099
1268.994644,62,18688.7251
1352.677389,68,18689.031724
1192.473134,45,18689.259724
1321.027895,65,18689.597738
1206.341881,47,18689.827724
1313.749932,61,18690.142273
1220.909509,57,18690.412273
1247.585754,55,18690.692457
1310.775526,75,18691.06299
1182.051883,40,18691.27499
1185.681292,52,18691.53399
1188.103263,52,18691.787991
1195.497835,44,18692.011621
1293.380976,69,18692.327619
1210.06121,55,18692.602619
1292.904783,61,18692.905619
111.563674,42,18693.120252
117.276671,42,18693.333252
1136.125658,34,18693.517252
1322.458433,72,18693.881252
1263.893322,75,18694.228782
1157.932392,39,18694.432782
1218.875724,64,18694.752783
1252.488674,64,18695.045363
1261.566495,54,18695.324363
1306.276562,61,18695.612364
1195.232044,44,18695.841363
1279.10149,70,18696.160979
1279.265325,67,18696.467978
1172.206963,42,18696.682977
1224.063756,49,18696.932595
1331.402515,67,18697.270595
1149.371212,37,18697.469596
1245.698617,56,18697.751595
1197.54762,53,18698.008687
1290.145879,61,18698.294687
1280.751988,59,18698.574689
1261.019042,59,18698.844689
1250.574638,68,18699.152337
1260.335025,73,18699.485335
1323.180663,77,18699.842335
1207.589359,52,18700.089998
1261.50431,54,18700.367997
1306.520104,76,18700.718997
1311.85248,63,18701.007617
1237.875759,52,18701.274619
1298.068844,66,18701.579617
1248.835993,54,18701.837617
1282.206925,68,18702.151246
198.265206,54,18702.403245
1230.411685,56,18702.683245
1248.041257,53,18702.954885
1144.965964,34,18703.140884
1267.838438,54,18703.420885
1268.490318,71,18703.761885
1308.896011,62,18704.080429
1204.613783,46,18704.310428
1226.6116,60,18704.59743
1287.608472,70,18704.915071
1198.975707,54,18705.188074
1219.016798,47,18705.434072
1335.972374,74,18705.806071
1260.244181,59,18706.092731
1334.196027,67,18706.43073
1258.443947,55,18706.713729
81.337345,39,18706.916365
1190.525501,45,18707.144366
1331.934389,71,18707.503364
1207.227012,46,18707.736364
1180.572771,43,18707.962433
1273.895242,67,18708.269433
1174.059124,42,18708.484438
1167.019603,40,18708.690433
1271.173404,63,18709.004049
1300.330908,61,18709.286049
1275.831032,56,18709.573049
1308.577233,69,18709.908049
1207.437435,48,18710.142665
1190.83946,47,18710.380665
1168.476854,39,18710.582666
183.592949,53,18710.833666
1306.759682,64,18711.151199
1144.5305,35,18711.341198
1172.912892,41,18711.553199
1225.297795,54,18711.827199
1247.984653,55,18712.104835
1173.456627,41,18712.317831
1206.712674,51,18712.564831
1268.190783,70,18712.884831
1342.937616,68,18713.193424
1223.848761,52,18713.445424
1199.238427,48,18713.686424
1216.267236,48,18713.929036
198.110817,57,18714.198036
172.87522,51,18714.442036
1234.104799,58,18714.719036
1243.142382,54,18714.980654
1285.552806,56,18715.266656
1234.291065,49,18715.506653
1272.494116,57,18766.049244
1275.057212,66,18766.354244
1195.148832,45,18766.585244
1299.43591,62,18766.899244
1242.379552,51,18767.150777
1174.722811,60,18767.449777
1307.531413,61,18767.762777
1319.162918,76,18768.137407
1226.41222,47,18768.381407
180.59709,52,18768.631409
1270.73927,58,18768.911408
1243.127751,53,18769.180033
1168.089721,42,18769.391033
1257.927204,55,18769.667033
1248.171147,53,18769.935642
1225.588487,55,18770.190642
1296.690768,63,18770.481643
1303.955033,68,18770.797011
121.016073,44,18771.015657
1249.547248,52,18771.282657
1296.583467,62,18771.566657
1241.118788,68,18771.872658
1243.580513,58,18772.163294
1321.418526,81,18772.573293
1249.515752,52,18772.830293
1273.159098,64,18773.126874
1216.364141,47,18773.365873
1306.738955,69,18773.710873
1238.03255,63,18773.995501
1314.243824,70,18774.3155
1258.077747,74,18774.649501
1207.861761,49,18774.889501
1270.908838,65,18775.220153
1223.318404,54,18775.492973
1275.54243,74,18775.834974
98.623124,41,18776.045601
1236.964293,61,18776.325602
211.858301,61,18776.609602
1284.488987,80,18776.979252
228.547086,62,18777.263254
1330.739116,70,18777.613253
1273.753722,66,18777.916252
1312.878075,61,18778.228837
1269.387876,66,18778.557837
1233.571935,55,18778.835838
130.088487,44,18779.055464
87.939628,39,18779.260465
1243.781573,65,18779.561464
1251.682557,56,18779.833464
121.920807,45,18780.060082
1251.5708,56,18780.343083
1260.02421,59,18780.641081
1210.661604,58,18780.9177
1306.426786,73,18781.280703
1213.777113,46,18781.516702
1244.983118,59,18781.811702
1328.059211,65,18782.142332
1253.79397,52,18782.410332
1315.397169,65,18782.742333
1279.989027,69,18783.055941
1207.859412,54,18783.327941
1318.516635,62,18783.627941
195.554483,52,18783.870941
212.103752,68,18784.183575
1235.05824,49,18784.439577
1281.045165,72,18784.796575
1237.622692,54,18785.049139
1231.212582,49,18785.292139
1255.376549,53,18785.56314
1281.381638,59,18785.848139
1259.720687,69,18786.162775
1273.531249,58,18786.442775
176.298967,51,18786.687775
1238.201503,56,18786.955401
1199.912487,45,18787.192401
1193.828194,47,18787.4354
1287.574991,68,18787.7744
1281.461984,74,18788.117028
1271.766997,54,18788.395028
1261.968165,72,18788.724028
1247.853939,74,18789.061653
1353.724004,71,18789.422943
1254.871977,56,18789.681943
1271.707834,65,18790.005577
1240.448651,57,18790.291577
1213.388682,55,18790.563577
1232.415436,49,18790.817577
1239.073901,51,18791.072191
1213.583372,75,18791.417191
1179.135833,43,18791.640191
1211.10086,63,18791.950811
1171.972473,38,18792.150811
1243.645116,56,18792.416811
1241.025521,76,18792.764811
1263.941738,66,18793.061431
1194.314528,66,18793.389431
1267.218707,54,18793.655431
1242.761127,50,18793.911431
1220.329966,56,18794.180081
1260.425943,53,18794.449082
1327.431914,73,18842.66418
1258.730376,61,18842.940816
177.009324,50,18843.177815
1248.729301,58,18843.464814
101.983342,41,18843.677815
1255.394278,56,18843.964435
1209.813227,48,18844.199435
1247.701483,68,18844.537435
1206.349524,80,18844.902435
1198.96703,64,18845.219048
1235.312016,64,18845.521048
1211.275922,82,18845.899048
1256.880088,61,18846.176695
1164.533244,41,18846.385695
217.177025,60,18846.660695
1149.4714,34,18846.843695
1202.927781,55,18847.104297
1245.509308,54,18847.3643
1282.470356,73,18847.725012
1221.410969,58,18847.997551
224.934797,62,18848.281552
1213.480856,50,18848.527551
1193.55139,46,18848.754552
1184.50781,48,18848.990183
1208.989383,81,18849.363177
1259.728867,56,18849.645176
136.279853,46,18849.869177
1138.05861,37,18850.064817
166.291678,52,18850.319818
1264.658196,57,18850.592819
1295.570683,81,18850.965483
1258.564951,61,18851.246361
1283.258455,68,18851.575361
1285.535048,58,18851.846362
1297.170786,63,18852.137992
1298.022771,59,18852.442992
1172.512057,43,18852.659994
1202.098336,51,18852.9126
1302.229698,70,18853.238605
1230.785309,49,18853.488604
1321.478403,70,18853.847605
1288.369934,58,18854.123169
1238.079008,69,18854.465169
93.110087,40,18854.67117
1233.482388,73,18855.000706
1239.955571,55,18855.255706
1317.147574,68,18855.591707
1217.588935,56,18855.853706
1254.649684,55,18856.134379
1292.920982,73,18856.496379
1273.205086,60,18856.793379
1323.892309,64,18857.120913
220.426753,60,18857.395913
1208.960255,53,18857.658913
1289.523194,59,18857.960459
1271.149452,63,18858.25146
1212.139432,59,18858.52846
1320.215532,64,18858.85446
1247.475529,54,18859.125485
1178.767392,42,18859.343485
1236.299517,61,18859.629486
1324.148354,66,18859.961117
1293.007501,68,18860.304117
1165.617607,41,18860.513117
1223.913423,51,18860.771117
1272.919729,64,18861.072772
1173.413329,42,18861.290773
1238.668641,52,18861.542773
1291.469237,66,18861.865772
1273.625353,67,18862.173389
1325.078495,65,18862.500389
1280.393783,57,18862.796389
1241.234461,54,18863.051954
166.616004,52,18863.301954
1254.302769,67,18863.625955
1232.366939,84,18864.017465
1215.204877,52,18864.278466
1247.426414,52,18864.545468
1267.085298,71,18864.871468
1251.398043,76,18865.225106
1279.954515,58,18865.498106
1330.6093,75,18865.873108
206.561071,64,18866.167735
1187.256774,45,18866.406734
1178.049671,57,18866.690737
1250.74202,62,18866.998379
219.200521,64,18867.288381
232.028213,61,18867.565378
1247.293487,64,18867.883378
1295.173926,67,18868.187989
1279.335872,71,18868.538989
1179.408774,51,18868.796855
1194.084893,57,18869.080492
1159.585464,38,18869.282492
1282.126217,68,18869.619492
217.887445,59,18869.888492
1297.993548,71,18870.231019
96.782813,41,18870.44102
140.919877,48,18870.677019
149.494318,47,18870.906019
1313.702067,72,18919.887448
224.894622,57,18920.148086
1176.017501,46,18920.383086
1293.286444,74,18920.742086
1265.004986,53,18921.011723
1165.950731,40,18921.221553
1338.685701,71,18921.582553
1244.808698,58,18921.874553
1299.249679,63,18922.198081
1196.300228,57,18922.481082
1210.731001,57,18922.751084
1334.585174,66,18923.095624
1187.101135,44,18923.322623
1257.642029,55,18923.600624
1265.212496,64,18923.896624
1337.063418,67,18924.205271
1323.36258,64,18924.510271
1202.691657,44,18924.740271
1160.187149,37,18924.939807
1211.300781,47,18925.180808
1262.437176,63,18925.469807
1269.924749,62,18925.778809
1288.209547,67,18926.08538
1247.112008,51,18926.34038
1249.75411,71,18926.664381
176.468514,51,18926.90991
1214.106893,77,18927.261911
1312.718897,66,18927.59791
1249.330035,63,18927.88691
1284.727282,68,18928.223531
1290.95443,60,18928.51453
1191.465297,40,18928.72053
1204.565331,43,18928.94609
194.118151,56,18929.210429
1285.340373,63,18929.502429
1186.584607,58,18929.789429
1296.031217,62,18930.088954
1177.40826,46,18930.317955
1238.109012,54,18930.579955
1295.743999,68,18930.892955
1251.624794,57,18931.16358
1197.625595,55,18931.426578
1215.561509,47,18931.664578
1267.863717,56,18931.947206
1246.000357,51,18932.207206
1213.231185,47,18932.446206
1220.430404,49,18932.693206
1312.199345,61,18933.004854
1287.304641,70,18933.342854
1310.223323,64,18933.634854
1177.354416,41,18933.848855
1255.447609,54,18934.128116
1276.613652,62,18934.439115
1252.817625,61,18934.718115
1210.118354,66,18935.043657
1198.88239,47,18935.282657
1186.947268,48,18935.525659
1291.876753,59,18935.829657
232.186997,65,18936.129277
1323.833298,67,18936.468277
1277.203209,66,18936.775276
1283.650707,56,18937.062941
1160.286108,55,18937.336941
1240.052912,66,18937.66394
1263.560288,62,18937.953566
1253.908998,60,18938.226566
1144.292287,36,18938.419566
141.631551,46,18938.646566
1214.369234,52,18938.906566
179.197639,51,18939.150103
1338.350314,74,18939.490103
1181.855267,49,18939.72811
1260.571085,75,18940.072747
1253.694295,55,18940.329748
1225.213344,58,18940.616748
1161.365501,39,18940.820748
1267.47035,59,18941.094394
1292.136762,72,18941.447392
1272.368654,69,18941.786392
1251.037289,69,18942.098017
1316.906461,72,18942.458018
1224.945267,50,18942.713017
1223.351456,56,18942.96964
1333.098993,68,18943.311642
1281.32923,57,18943.58264
1219.571456,45,18943.81464
1205.222344,59,18944.108202
159.134441,49,18944.343202
1204.414684,45,18944.578202
1306.162253,61,18944.887202
168.543392,53,18945.133833
201.553257,57,18945.402833
115.477694,44,18945.621833
1205.23729,48,18945.851833
1315.580528,63,18946.164399
1147.478161,38,18946.364399
1209.99601,48,18946.608399
1272.265594,61,18946.891399
1313.650198,65,18947.19797
1220.113283,60,18947.480969
1350.616942,69,18998.046106
1324.57471,75,18998.388106
1206.013994,45,18998.623107
1260.875326,68,18998.933664
1273.506338,56,18999.198669
1320.976515,62,18999.514665
1250.694245,52,18999.776664
1259.989819,65,19000.073275
1242.415676,57,19000.355275
1237.16473,59,19000.622275
1259.429579,59,19000.899276
1211.6948,53,19001.148993
1308.704171,62,19001.464994
1185.655193,42,19001.687993
1246.255557,62,19001.997542
1175.028365,43,19002.220542
1234.888925,72,19002.547542
1338.359559,75,19002.925186
1209.420125,50,19003.168185
1229.919128,73,19003.497185
1277.053237,63,19003.813185
1265.986319,56,19004.099801
1226.758743,49,19004.347799
1247.097998,52,19004.600799
1244.003968,51,19004.858799
1275.457551,72,19005.187387
1232.57518,80,19005.557387
94.982376,42,19005.771387
1283.603942,71,19006.096015
1276.100826,56,19006.366016
1222.413208,56,19006.645015
1308.633776,61,19006.955624
1263.317709,73,19007.298625
1219.805769,60,19007.595624
229.353359,58,19007.86021
1196.212685,50,19008.104856
1314.262391,81,19008.505853
1277.008496,68,19008.837853
1196.630652,43,19009.062485
1268.676036,55,19009.346484
1321.644145,71,19009.702484
1221.520374,53,19009.950111
1273.250746,55,19010.225111
1181.48493,52,19010.480111
1245.333097,72,19010.81011
1204.648872,44,19011.039742
1287.578077,74,19011.381745
1204.872858,44,19011.613743
1191.374314,43,19011.840743
1240.52727,56,19012.109386
185.917634,54,19012.367387
1289.322977,61,19012.651385
1310.908535,68,19012.996035
1249.632138,70,19013.322035
106.813941,44,19013.546035
1258.052291,54,19013.804035
1301.710739,67,19014.140652
113.477499,44,19014.364654
208.755503,63,19014.653652
1258.328493,55,19014.922297
1324.598048,70,19015.275296
1241.982548,79,19015.642297
1201.91404,53,19015.908865
72.644437,40,19016.118865
1277.021525,68,19016.446865
1282.992654,60,19016.752471
1279.485325,64,19017.048093
1205.201832,44,19017.276095
1215.519187,45,19017.510096
76.007417,39,19017.713093
1203.15829,49,19017.948657
1212.634799,57,19018.224647
1237.61743,52,19018.475648
1210.150304,56,19018.760647
1197.159843,45,19018.994284
1235.814762,53,19019.258283
172.782314,50,19019.501282
1263.178603,56,19019.763282
1275.187995,68,19020.092924
1196.658745,47,19020.334924
1149.088264,37,19020.529925
1257.137572,64,19020.847925
1229.892044,49,19021.099543
1226.839237,48,19021.351541
1263.17431,68,19021.661541
1315.690354,72,19021.997099
1245.074527,66,19022.319098
1214.081583,50,19022.573101
216.461768,56,19022.829099
1318.280891,68,19023.173051
1314.305602,66,19023.50905
1304.808252,71,19023.85205
1237.049238,53,19024.120612
1290.110977,73,19024.475613
1261.208652,54,19024.750612
1179.252109,47,19024.982249
1216.756865,52,19025.235249
199.548556,55,19025.495249
1186.615063,44,19025.721249
1286.934249,66,19026.043889
1194.269562,46,19073.71339
1304.073164,65,19074.039929
1249.963688,52,19074.305929
1241.352233,71,19074.628929
1281.682329,57,19074.918538
1193.92691,45,19075.148538
1182.456373,42,19075.372539
1334.063431,65,19075.709538
1225.012905,49,19075.964129
1233.182784,73,19076.300128
191.667314,56,19076.56913
1235.165703,65,19076.884129
1314.217386,63,19077.201739
1186.928933,46,19077.436739
1148.406613,38,19077.64074
1246.731149,54,19077.894739
1312.588439,62,19078.185889
1177.251219,43,19078.407889
1255.379956,53,19078.671889
1305.99146,66,19079.007508
1256.92302,70,19079.333508
1300.404446,64,19079.659509
1296.412561,66,19079.962147
1279.230092,61,19080.254148
1200.238539,49,19080.494147
1276.805897,67,19080.820148
1262.775675,65,19081.117686
1235.772603,62,19081.427685
1332.595765,66,19081.769686
1192.164689,45,19082.000314
1252.492764,53,19082.270314
1227.466909,58,19082.559314
1337.879479,67,19082.903315
1198.663881,51,19083.159862
1308.099492,63,19083.452863
1217.909016,46,19083.686862
169.677222,50,19083.927477
1176.433071,42,19084.147478
1336.970764,68,19084.495483
1189.725375,49,19084.742477
1226.586091,51,19084.988032
1222.165118,47,19085.231031
1272.231766,69,19085.555031
1263.439724,60,19085.84903
1224.798854,49,19086.098646
1274.339836,72,19086.430645
1215.987644,52,19086.672645
1212.78847,50,19086.913222
1269.266613,73,19087.245224
1227.868535,50,19087.488222
1283.712621,67,19087.823222
1182.837527,38,19088.023785
146.575682,48,19088.257788
1170.948596,41,19088.469786
229.717296,63,19088.757785
1280.385434,72,19089.1124
1297.199535,61,19089.406397
1265.511006,58,19089.676397
1236.737444,52,19089.934035
1286.290693,69,19090.251037
1190.694308,51,19090.498036
1189.160085,44,19090.730037
131.413257,45,19090.955678
133.587105,47,19091.189413
1311.832708,64,19091.488463
1251.114396,57,19091.755464
1284.308579,62,19092.069004
1329.57188,64,19092.384003
1315.616059,65,19092.708002
1271.321113,69,19093.050636
1261.97336,55,19093.312635
1267.491086,70,19093.637119
1309.950827,63,19093.927743
1261.308329,70,19094.276745
1246.668871,54,19094.549744
1276.047554,56,19094.813744
1156.222347,39,19095.020337
1349.393122,72,19095.383336
1196.674707,43,19095.608337
1207.924187,49,19095.844338
1264.489205,63,19096.130919
1137.671949,37,19096.327919
190.607438,59,19096.599919
1302.818307,64,19096.921562
1326.087866,80,19097.318562
1307.615886,61,19097.599563
1314.461537,63,19097.917191
1163.119973,42,19098.133191
1242.0469,55,19098.412191
1323.236294,72,19098.769191
1221.979642,60,19099.060843
1276.733672,63,19099.382792
1327.852857,64,19099.714792
1219.288687,60,19099.997406
1191.592293,45,19100.228443
1261.684296,62,19100.540405
1293.193036,62,19100.827405
1250.683002,78,19101.181025
1238.606048,60,19101.485025
1199.481548,44,19101.715024
1248.245213,52,19152.498736
1311.773709,66,19152.832736
1207.113399,43,19153.052267
1299.309312,66,19153.354267
1271.464595,77,19153.703267
1224.109974,49,19153.952799
1254.783297,72,19154.307799
1216.106233,51,19154.550799
1208.342586,47,19154.795802
1307.494279,74,19155.15543
1197.124918,45,19155.39243
1279.022048,56,19155.655431
245.125212,65,19155.951065
1152.538529,40,19156.161065
1222.540739,53,19156.424066
1219.209375,65,19156.749419
1159.296654,38,19156.950952
1287.352227,66,19157.256953
1305.176771,75,19157.631952
1231.86716,55,19157.90959
1225.903715,54,19158.164584
1245.906344,56,19158.429584
1288.816207,62,19158.737586
1250.534848,59,19159.009203
1335.017672,69,19159.325203
1255.047868,53,19159.597203
1264.535742,68,19159.937824
1247.691986,64,19160.230824
1334.481686,74,19160.602823
1321.54124,64,19160.931418
1310.256416,63,19161.254418
1180.051466,43,19161.478419
1304.949611,68,19161.800419
1224.327731,50,19162.052046
1284.531986,63,19162.348045
1328.177568,67,19162.684045
1245.083147,62,19162.986553
1320.883377,68,19163.296594
1339.645348,79,19163.687553
1264.750264,81,19164.059113
1211.904676,45,19164.294117
1302.704524,69,19164.605114
1319.503748,71,19164.927737
1312.387159,75,19165.290741
1167.948555,42,19165.509738
1265.305922,65,19165.826738
166.991987,50,19166.065375
1149.074249,37,19166.263375
1234.441876,53,19166.530375
1220.970844,47,19166.768375
1256.793502,72,19167.098014
1270.546149,59,19167.401015
1241.627347,52,19167.666014
1274.629016,71,19167.991636
1212.367492,50,19168.243635
1238.07052,54,19168.501635
1241.649862,57,19168.772827
1298.997,59,19169.07547
1220.879767,54,19169.33647
1250.787356,53,19169.60347
1195.160306,43,19169.826471
1230.010676,48,19170.072104
1304.63866,66,19170.402107
1271.478481,55,19170.680104
100.969749,45,19170.907672
1193.140935,43,19171.132671
162.243977,49,19171.369671
1327.325968,75,19171.713672
1255.350739,54,19171.987325
1253.993875,55,19172.266325
237.849214,79,19172.658325
1320.255189,62,19172.95596
1255.565927,81,19173.32596
1303.280104,65,19173.633959
1157.051518,40,19173.84196
1241.325474,57,19174.105558
1299.077863,69,19174.425559
1273.43397,62,19174.739558
1213.582657,46,19174.977176
83.250419,41,19175.190176
1217.907347,53,19175.447176
1310.620898,65,19175.78015
1308.184403,65,19176.109715
1303.308857,69,19176.447716
149.717256,48,19176.681716
1276.978359,62,19176.997339
1283.24669,57,19177.266339
1199.82907,45,19177.500339
1282.97593,69,19177.844339
1196.362334,48,19178.091906
1244.040096,51,19178.351904
1305.967633,67,19178.680904
1224.563943,52,19178.935537
1226.542543,50,19179.186538
1314.024081,71,19179.540538
1198.918884,45,19179.772537
127.992609,45,19179.995151
1299.154627,71,19180.337205
1196.536603,42,19180.557151
1274.037567,66,19180.881151
1223.473996,63,19227.837886
1295.602342,59,19228.143454
1236.936369,50,19228.408456
1185.543729,42,19228.630534
207.282344,57,19228.893535
1323.338371,63,19229.213175
1281.569408,67,19229.521175
1300.325667,67,19229.832175
1186.531391,43,19230.05679
1226.835469,49,19230.30579
1245.737418,53,19230.57279
1323.230409,66,19230.90379
226.821092,68,19231.211408
1289.731031,63,19231.527409
1239.322052,50,19231.782407
207.276918,60,19232.055974
1321.662506,66,19232.391974
1193.920069,46,19232.625974
181.005512,51,19232.863974
1218.939435,48,19233.104605
1269.908769,58,19233.396606
1306.89816,73,19233.728606
1205.089767,46,19233.965236
1283.852199,62,19234.256236
1325.084779,83,19234.669236
122.174151,45,19234.891236
1264.817504,57,19235.162801
1313.703499,67,19235.468801
1304.422114,80,19235.830803
1313.811562,63,19236.150447
1242.514537,50,19236.408447
1285.44095,66,19236.724448
1254.321742,79,19237.081076
1185.142187,44,19237.304076
1218.160415,58,19237.575076
1230.76055,56,19237.836076
1230.91303,48,19238.084686
1183.12512,46,19238.311687
1239.395887,51,19238.558686
1264.885727,63,19238.845686
202.291691,54,19239.095304
1225.70094,48,19239.346304
1280.422413,59,19239.650303
1272.0423,60,19239.94793
1261.792531,64,19240.246593
1268.529556,58,19240.525594
1308.833223,71,19240.847593
1284.668544,60,19241.123262
1296.542685,73,19241.464264
1265.618873,65,19241.781264
1249.946581,60,19242.060595
1297.492548,71,19242.385595
1232.432372,54,19242.646595
178.885995,57,19242.907595
1187.807285,37,19243.104235
1277.856882,59,19243.383235
1223.238517,49,19243.623235
1302.141713,60,19243.897235
1260.853976,72,19244.225772
1151.077376,41,19244.438774
1218.121869,54,19244.695772
1339.105709,73,19245.023395
1269.97315,62,19245.334394
1198.108312,46,19245.569395
1238.298707,50,19245.814394
1275.149309,64,19246.105871
1247.091538,71,19246.45787
1152.9499,36,19246.652871
1241.236233,77,19247.002468
236.156611,62,19247.28747
1297.125135,68,19247.612469
1263.388492,57,19247.900468
1163.284738,42,19248.121161
1273.766699,56,19248.38816
1211.778008,47,19248.634161
1201.799283,44,19248.86616
1207.324176,58,19249.156705
1323.964885,63,19249.479705
1210.881058,49,19249.717705
180.538671,57,19249.98233
1234.202081,53,19250.249331
1214.301491,47,19250.494332
191.684446,59,19250.767335
1272.528107,67,19251.086951
74.230845,35,19251.305951
99.743344,41,19251.561962
166.451493,52,19251.880262
109.529884,37,19252.113902
98.611077,45,19252.379901
136.032038,46,19252.656901
51.715139,35,19252.879901
178.6277,56,19253.180475
182.87207,52,19253.456473
187.38804,59,19253.781474
1185.310598,45,19254.010094
1194.332373,52,19254.262096
1206.077073,53,19254.524094
1232.958547,53,19254.780095
1213.561284,53,19255.034734
1206.252976,47,19255.275734
1181.979945,44,19304.852969
1309.765287,69,19305.197589
1143.266004,38,19305.399586
1258.438131,58,19305.693586
1327.346792,75,19306.032212
1156.501072,41,19306.245212
102.631283,45,19306.473212
1337.301216,72,19306.796212
1288.234324,63,19307.088856
1219.520102,47,19307.336242
1210.499123,59,19307.623242
1286.697551,64,19307.917869
1266.030694,59,19308.20387
1240.542466,50,19308.461869
1302.844651,72,19308.790869
1293.156399,68,19309.103485
1217.65982,50,19309.346487
136.30602,47,19309.577486
1297.682532,63,19309.8975
1330.082193,68,19310.242132
184.720623,64,19310.53913
1261.49636,65,19310.837131
1352.868376,72,19311.202783
1265.416756,56,19311.476783
1274.134039,62,19311.765782
1284.894052,73,19312.101352
1269.961695,64,19312.410352
1291.099682,62,19312.726352
1251.554531,52,19312.996906
1285.663741,78,19313.384906
1258.159676,68,19313.696906
1296.362265,61,19313.980551
1307.489684,63,19314.269553
1233.674419,49,19314.526552
1216.148012,49,19314.77055
1259.665458,58,19315.051093
1242.507924,51,19315.314093
1207.72372,48,19315.561093
1171.11003,39,19315.769093
1280.240814,59,19316.051634
1298.681909,80,19316.416634
1266.48494,72,19316.743633
1256.83723,73,19317.073198
1247.118677,55,19317.346198
59.903358,41,19317.5602
1197.402789,45,19317.797198
1320.861471,68,19318.132826
1340.439678,74,19318.502826
1299.038494,70,19318.824826
1328.103983,74,19319.183093
1284.486558,63,19319.477094
1189.866177,47,19319.714093
1265.87356,60,19319.994716
1301.921865,69,19320.307716
105.862096,43,19320.527028
1279.440785,61,19320.825028
1215.718745,55,19321.0986
1254.187619,55,19321.357596
1307.504517,62,19321.676596
1304.205382,68,19321.984161
1222.92133,49,19322.233347
124.716797,44,19322.452347
1310.212445,61,19322.749351
1302.799811,62,19323.059882
1245.148872,51,19323.316882
1261.09771,64,19323.610882
1341.676524,81,19324.009512
1264.477668,59,19324.283512
1246.710215,54,19324.553513
1288.701991,63,19324.849889
1255.15996,62,19325.132525
1248.319347,56,19325.394546
1287.74011,59,19325.683523
1223.560198,47,19325.924061
1297.191039,64,19326.222061
1187.886765,44,19326.453062
1162.943502,51,19326.706061
1245.610299,56,19326.984671
1238.445871,56,19327.264671
1154.128157,41,19327.477671
1258.838,56,19327.742671
1310.103248,78,19328.097286
1353.710222,78,19328.487286
1154.640779,37,19328.685286
1222.222565,50,19328.926904
1172.755002,43,19329.146904
1212.112643,49,19329.394903
1317.851865,71,19329.745903
1278.001813,74,19330.082436
1336.17789,68,19330.426435
1220.149357,50,19330.671434
1315.77323,68,19330.981
1156.379722,41,19331.194
1164.071357,40,19331.410001
1233.682089,52,19331.673002
1186.172738,45,19331.903001
1320.687425,67,19332.234673
1189.414374,37,19332.429636
1269.116882,63,19332.744638
1188.254004,60,19333.04327
1301.474355,63,19379.252903
1159.872548,39,19379.459148
1197.606713,45,19379.688148
1182.346936,43,19379.91273
1224.483216,49,19380.162734
1289.154458,71,19380.494733
1215.442645,51,19380.751733
1321.296151,81,19381.152277
1132.345682,36,19381.345276
1283.158366,69,19381.666276
1261.943634,66,19381.982918
136.49722,46,19382.207918
1171.121251,36,19382.398918
1302.44206,71,19382.723919
1223.413885,49,19382.970642
1256.154024,71,19383.295641
1338.372418,69,19383.612642
167.682514,49,19383.848641
212.334486,61,19384.133265
240.043473,66,19384.43627
1236.300667,54,19384.690267
1212.084378,57,19384.954802
1266.332729,64,19385.244802
1185.703892,46,19385.473802
1299.965938,64,19385.768813
1277.941444,59,19386.045423
1167.641806,38,19386.244424
1210.876378,51,19386.499423
1247.752476,52,19386.763423
1297.942358,72,19387.121069
1317.719695,69,19387.465069
1186.283311,45,19387.691069
1225.352802,59,19387.983701
1203.307048,44,19388.214701
1271.664764,68,19388.526701
1260.775801,59,19388.798702
1299.172146,66,19389.105318
1278.163318,59,19389.390317
1224.497403,52,19389.637318
1282.456567,57,19389.928944
1341.430982,69,19390.274944
1325.822918,65,19390.567944
1313.794454,64,19390.859944
1202.940956,45,19391.086542
1281.630187,60,19391.387537
1311.342096,61,19391.697537
1227.961325,48,19391.946167
1266.569121,58,19392.215166
1183.233847,44,19392.437529
1214.825483,47,19392.680527
1320.280944,78,19393.050141
1141.27504,38,19393.248143
1267.287833,55,19393.518141
1219.926571,57,19393.785141
1260.953252,67,19394.114766
1284.374723,69,19394.442766
1190.276125,51,19394.697766
1271.33824,59,19394.977365
1250.234669,55,19395.250366
1267.398164,57,19395.520367
1291.963311,65,19395.823365
1187.24,43,19396.050977
82.04685,40,19396.257977
1295.912853,68,19396.596976
1161.872085,39,19396.803976
1214.452625,77,19397.154604
1274.777686,56,19397.419608
1256.032314,53,19397.691604
1238.548647,50,19397.942221
1328.151443,67,19398.282222
1291.19987,66,19398.590221
1217.506241,47,19398.838222
1302.090081,66,19399.173862
1255.180769,71,19399.502862
1228.054636,55,19399.770864
1329.599711,64,19400.101464
1217.881958,46,19400.340464
1289.052709,71,19400.668462
1242.756911,52,19400.919082
1331.73916,70,19401.257082
1287.845621,71,19401.584082
1183.856291,45,19401.807082
1253.244831,57,19402.06869
1281.699139,72,19402.42269
241.362203,63,19402.71069
239.459134,62,19402.99222
1243.729801,51,19403.253223
1153.773543,40,19403.46022
1271.195484,55,19403.737221
163.204626,51,19403.979749
1184.42951,47,19404.213751
1292.681759,62,19404.52975
1187.033476,49,19404.77175
1271.699222,63,19405.065378
1286.29255,72,19405.396822
1154.28303,40,19405.606821
1261.990242,64,19405.903822
1234.32495,50,19406.161463
1291.400833,69,19406.477463
1320.332654,69,19406.816463
1295.645657,59,19456.116952
1171.274759,43,19456.338725
1167.960468,41,19456.556726
1303.04434,62,19456.872741
1276.427287,69,19457.187338
1272.658314,58,19457.480336
1332.906676,81,19457.880336
1260.402399,56,19458.154979
1273.299827,62,19458.439146
1260.876887,71,19458.780145
1225.367197,47,19459.023796
229.720536,67,19459.328794
1271.487332,59,19459.611795
1210.913492,56,19459.875795
1286.575692,58,19460.17134
1250.635108,70,19460.51734
1285.318148,57,19460.78434
1123.024145,36,19460.978867
1304.381159,64,19461.300867
1260.569603,67,19461.628866
1257.458762,59,19461.908866
1302.345501,68,19462.217489
1340.592218,67,19462.550489
1172.574666,43,19462.772499
1330.814578,65,19463.108033
1312.2736,64,19463.433031
173.482701,79,19463.799034
1319.567161,64,19464.094681
1252.147352,53,19464.366679
1215.28184,79,19464.732678
1253.259717,53,19465.007304
1127.086499,35,19465.198304
1300.634738,74,19465.545302
1312.426658,74,19465.881301
1198.315113,45,19466.115947
1248.725863,56,19466.396948
1274.612879,65,19466.720946
1176.13991,44,19466.942594
1222.56859,47,19467.184594
1252.442239,54,19467.455595
1276.504103,58,19467.753594
89.775135,40,19467.961187
1194.628606,47,19468.189187
1269.549719,58,19468.462187
1192.457403,46,19468.697475
1197.746043,80,19469.0561
1209.200322,61,19469.3501
1286.30949,68,19469.689101
1276.528816,62,19469.978754
1253.806644,60,19470.273754
1250.44599,54,19470.546752
1350.365689,79,19470.937378
1248.622948,52,19471.202378
1176.530673,44,19471.424379
1191.186641,64,19471.74138
1324.12531,65,19472.062967
1260.374062,54,19472.337966
1297.200549,60,19472.614967
78.917925,43,19472.834966
1268.115847,65,19473.157549
1211.957272,59,19473.450547
1246.122837,58,19473.717547
1235.070275,78,19474.075081
1192.292516,50,19474.326483
1302.846567,65,19474.629482
1299.241489,78,19475.003115
1235.207013,55,19475.267114
1274.882421,61,19475.574117
1255.362308,56,19475.861116
1278.530855,63,19476.148702
1162.41354,41,19476.359702
1228.83078,49,19476.614702
1179.114105,42,19476.835702
1249.015793,73,19477.165308
216.435771,77,19477.519308
1311.297624,65,19477.844309
1187.959752,46,19478.07493
1210.682661,54,19478.343929
1174.324179,43,19478.568929
1232.0383,67,19478.880932
1208.99911,49,19479.122551
1256.715849,65,19479.436551
1171.716041,44,19479.662551
1240.446127,56,19479.925161
1220.158673,50,19480.170161
1212.648319,47,19480.413162
1294.890489,64,19480.733161
1186.89557,42,19480.952773
1311.203255,67,19481.288773
1280.826018,57,19481.565773
1137.434039,49,19481.809773
1243.065976,51,19482.065479
1227.328823,52,19482.32723
1237.462642,51,19482.595232
1277.174509,65,19482.894232
1254.425419,64,19483.205873
1189.257994,43,19483.432872
1320.893389,72,19483.79287
1283.099952,63,19484.085513
1281.848954,71,19484.439125
1291.621459,70,19531.876678
1238.544439,61,19532.169252
1258.944318,54,19532.446252
1206.940006,55,19532.715252
1242.63756,55,19532.968781
1329.029039,68,19533.302781
1199.842492,48,19533.536781
1228.18805,50,19533.791782
1251.649792,53,19534.047424
1231.072888,56,19534.324424
1236.539595,51,19534.589425
1250.827395,54,19534.866425
1265.651901,68,19535.203966
113.133169,43,19535.421964
1229.08284,57,19535.683964
1316.26362,67,19536.00159
1249.300679,52,19536.24959
1282.720864,68,19536.587591
1233.286979,49,19536.836591
1258.649543,61,19537.144226
1245.969777,71,19537.49423
1241.961593,57,19537.772224
1226.85421,50,19538.024868
1316.101766,63,19538.344868
1281.675845,57,19538.636867
1232.96064,60,19538.924473
1214.50353,44,19539.150472
1303.138836,67,19539.455535
1242.910424,57,19539.739535
1278.722003,58,19540.021185
177.639103,52,19540.270185
1318.810695,66,19540.570185
1230.709465,65,19540.888185
1297.389206,63,19541.206201
1238.835348,65,19541.505201
1284.265142,70,19541.832203
1324.541436,64,19542.158823
1198.751912,46,19542.396823
1201.589158,54,19542.657823
1251.308463,67,19542.970466
1186.192715,43,19543.189466
1315.604113,65,19543.487469
1233.265424,50,19543.751466
1277.90476,64,19544.046076
1290.349319,64,19544.340076
1132.876594,38,19544.543076
1143.209678,36,19544.735076
1261.612323,54,19544.993687
98.324925,42,19545.208687
1200.21875,46,19545.443185
1288.628254,64,19545.761187
1193.186231,44,19545.989825
1327.745483,65,19546.285823
1330.383423,75,19546.628824
1288.681005,58,19546.921468
1336.947112,69,19547.270468
154.941031,52,19547.516469
1154.170253,39,19547.729469
1316.769767,65,19548.057996
133.595624,46,19548.284996
1326.975524,70,19548.629997
1282.77866,66,19548.931615
1194.146571,45,19549.167616
1258.08549,66,19549.463615
1202.104321,54,19549.722615
1278.497194,57,19550.017241
1237.892885,68,19550.354241
1288.693377,64,19550.653241
1251.816203,56,19550.915818
1273.382893,56,19551.194195
1308.418495,67,19551.50319
1273.576114,74,19551.84119
1304.185808,67,19552.149817
1277.087987,58,19552.422817
1325.67503,69,19552.773817
1144.74688,40,19552.983449
1329.055379,71,19553.342449
1267.522818,66,19553.644449
1240.646463,66,19553.942009
1173.35023,40,19554.152009
1242.729685,51,19554.416011
1283.317293,68,19554.73201
1269.006588,68,19555.041636
1257.867961,65,19555.336635
169.865787,52,19555.588634
1302.756563,65,19555.888637
1306.381536,68,19556.200292
1293.502712,73,19556.538292
1185.223567,47,19556.776292
1280.465959,72,19557.112511
1176.536229,43,19557.33751
1251.607882,75,19557.67651
1326.984064,72,19558.00519
140.738689,47,19558.233186
1244.567489,55,19558.502187
1289.09948,59,19558.811188
1291.153914,59,19559.114838
1333.502294,65,19559.409838
1276.018206,61,19559.713837
1237.124219,59,19560.007434
1282.501617,61,19609.764855
116.643452,45,19609.993811
1229.443689,53,19610.250811
1207.509655,45,19610.48681
1149.161535,35,19610.676812
1203.592008,48,19610.91943
1231.475979,56,19611.17843
1264.614856,68,19611.483431
1323.745413,69,19611.80243
1243.139877,54,19612.059002
1168.422494,42,19612.276004
1257.340553,55,19612.553002
1205.158183,46,19612.794002
1337.239203,69,19613.148637
1300.114217,64,19613.467638
1246.838578,62,19613.768637
176.675788,51,19614.014275
1268.121208,61,19614.292274
1291.173725,73,19614.643275
1201.941941,48,19614.887275
1247.823672,53,19615.158924
1204.967315,48,19615.391924
1284.926561,63,19615.706925
1290.838923,69,19616.023556
1308.045041,69,19616.342557
1285.378128,62,19616.629555
1276.914869,75,19616.972185
1262.198074,70,19617.316186
1297.731177,65,19617.619186
1311.623955,65,19617.920812
1216.818991,62,19618.219811
1277.79847,65,19618.513811
1183.593641,50,19618.764813
1316.155236,61,19619.045446
1314.696117,64,19619.354446
1232.129406,50,19619.614455
1183.097541,39,19619.817446
1218.566283,78,19620.169063
1177.318473,44,19620.394062
1223.604161,49,19620.638062
1219.124819,48,19620.884062
1251.693873,53,19621.148702
1188.147902,39,19621.3517
1284.636728,57,19621.6407
224.262244,62,19621.924323
1264.995205,59,19622.215324
1239.589802,60,19622.513324
1211.009097,59,19622.795324
1315.332123,65,19623.121852
1247.108804,57,19623.404852
194.260169,53,19623.656852
1227.30172,61,19623.932472
1295.439771,73,19624.26147
190.83384,54,19624.515471
1170.989708,41,19624.726471
1243.346676,52,19624.987039
1141.866478,37,19625.186038
1297.552956,59,19625.480039
1207.26326,47,19625.718039
1241.579588,61,19626.00467
1325.956693,67,19626.31367
1223.509789,54,19626.581675
1284.855276,65,19626.881673
1210.931974,49,19627.11927
1231.600698,78,19627.470269
1253.5879,55,19627.746271
1264.918308,60,19628.047128
1203.830964,43,19628.268128
1266.761449,76,19628.617134
1269.265331,66,19628.91667
1159.91114,62,19629.22767
1202.113522,45,19629.45667
1202.324129,41,19629.67167
1149.57021,37,19629.86967
1261.72293,55,19630.148296
1258.585345,61,19630.427295
1223.269877,56,19630.706295
1249.158035,53,19630.97092
76.88039,40,19631.17692
1215.2703,51,19631.42992
1250.642701,63,19631.71392
1311.520899,73,19632.053541
1284.020521,74,19632.40254
1208.764331,48,19632.65354
181.988097,52,19632.90254
1144.6871,39,19633.106177
1161.192229,41,19633.320177
1326.792374,76,19633.666538
1304.648683,61,19633.95317
112.75611,45,19634.178171
1250.733422,67,19634.476171
1264.426116,66,19634.813173
1315.383552,71,19635.167717
1211.016583,48,19635.409718
252.606012,62,19635.691725
1124.475892,37,19635.88872
1310.811622,62,19636.208351
1283.545427,72,19636.573351
1237.658436,78,19636.934898
1212.153308,47,19637.179897
1307.162008,63,19683.95071
1264.545993,64,19684.238709
1331.554998,67,19684.555709
1289.549224,67,19684.861709
1315.350979,66,19685.165244
1259.820133,57,19685.427244
1275.377512,57,19685.691244
1314.121169,72,19686.045867
1329.327759,65,19686.379868
1160.146756,39,19686.584869
1182.409519,45,19686.809868
1283.803656,71,19687.145513
1218.719015,50,19687.395513
1219.379478,49,19687.643513
1209.123767,56,19687.912513
1182.034902,45,19688.139143
1207.406643,58,19688.427143
1279.03961,66,19688.725143
1262.950354,61,19689.016788
1261.581084,62,19689.325788
1222.862213,56,19689.604789
1207.003578,52,19689.863788
1235.380009,59,19690.132332
1224.743501,55,19690.391334
189.357694,53,19690.646332
1202.46806,47,19690.884332
1319.910696,65,19691.178867
1245.175478,65,19691.499866
1270.909319,63,19691.788381
1220.12953,52,19692.044942
1242.273073,68,19692.355942
1242.004614,60,19692.644943
1262.173981,56,19692.925572
1239.281829,79,19693.281572
1251.246333,53,19693.536572
1234.8983,50,19693.788572
1214.06169,52,19694.047198
1267.279506,68,19694.349198
1338.109331,65,19694.646504
212.486594,71,19695.003142
1245.805072,64,19695.321141
1170.488554,43,19695.545141
1325.746378,68,19695.861141
1271.637621,66,19696.15973
1333.269651,67,19696.499729
1289.652448,70,19696.817729
1237.279299,63,19697.103343
1220.808629,50,19697.348341
1345.422099,74,19697.720342
1318.24573,71,19698.069975
1312.47085,62,19698.357975
1263.012237,59,19698.654709
1298.066513,64,19698.96933
1312.501619,63,19699.26933
1210.121071,52,19699.519328
1236.966018,51,19699.768328
1286.552915,79,19700.134982
1243.800498,81,19700.502981
1337.043109,67,19700.842979
1174.44151,44,19701.066605
1310.119566,70,19701.389605
1324.768171,75,19701.747605
102.417089,44,19701.96917
1261.433225,70,19702.288155
156.570598,51,19702.525156
1297.711694,63,19702.816154
1251.787385,70,19703.126813
1316.697321,69,19703.467813
1265.608447,58,19703.755813
1246.264317,62,19704.054443
1205.969564,47,19704.297442
1303.169467,60,19704.579443
1311.349119,65,19704.901443
1225.609673,59,19705.169086
1306.35757,61,19705.457085
1165.483572,40,19705.675085
1314.19708,64,19705.997711
1298.112362,75,19706.343711
1193.142987,46,19706.575711
1156.171641,41,19706.788711
1288.333917,68,19707.128306
1240.680752,61,19707.430304
1201.002169,47,19707.664304
1223.665982,52,19707.911304
1166.496829,43,19708.133961
199.347817,53,19708.383961
1151.480714,40,19708.592962
1202.264546,55,19708.857963
1302.915948,60,19709.139497
1256.64428,54,19709.392497
1300.243693,60,19709.702497
1245.858382,52,19709.968124
1284.809828,75,19710.340127
1319.203464,62,19710.629125
1229.45951,55,19710.882123
1187.522823,49,19711.123777
1195.895971,44,19711.354777
1231.484699,53,19711.600777
1281.320747,73,19711.936404
1289.471195,58,19712.210404
1231.397756,51,19761.41698
1170.130187,42,19761.63798
1183.349854,47,19761.87598
1192.83705,45,19762.10959
1194.315376,44,19762.33859
1152.115226,37,19762.53559
92.962546,41,19762.749629
1300.135547,68,19763.072273
1191.351974,46,19763.308262
1249.807231,61,19763.587262
1236.939281,58,19763.876262
1216.218848,49,19764.127896
1313.918214,65,19764.447539
1242.206745,63,19764.73054
1266.401502,78,19765.083155
1178.279201,40,19765.292155
1324.298911,78,19765.679157
1284.174063,73,19766.017783
1303.857485,66,19766.344786
1310.912579,80,19766.729783
1240.997857,63,19767.041428
1208.609185,49,19767.275429
118.460304,44,19767.495428
1177.026875,44,19767.722427
1276.202698,70,19768.039907
1201.98268,59,19768.313673
1247.85971,54,19768.586671
1183.702354,43,19768.815674
1238.727858,51,19769.06532
1255.32007,55,19769.330319
1256.804974,54,19769.60832
1296.552865,60,19769.914191
1252.660902,53,19770.181191
1210.712084,59,19770.460191
243.61645,72,19770.795192
1310.268964,62,19771.111808
148.109279,47,19771.342808
1312.811349,62,19771.629808
1283.243015,70,19771.973351
1291.859199,76,19772.35035
1250.19635,65,19772.670351
155.821119,50,19772.91135
1233.511391,51,19773.159915
1259.904391,74,19773.492915
1255.367838,54,19773.753915
1273.744247,69,19774.065531
1278.387842,57,19774.358531
1189.828764,56,19774.623533
1175.26086,44,19774.848531
1187.844154,47,19775.085153
1179.74507,41,19775.300153
1288.533744,62,19775.588154
1310.243334,62,19775.890154
1186.428253,45,19776.118794
111.156275,48,19776.357791
1223.471086,78,19776.705791
1280.466932,57,19776.984393
1213.707054,46,19777.218394
1336.522428,69,19777.559394
210.641473,60,19777.838393
1234.315175,51,19778.097025
160.893211,49,19778.333025
1196.961872,44,19778.561025
1199.119664,56,19778.840025
1268.769615,65,19779.160661
1298.655291,60,19779.470661
1217.922548,78,19779.820661
1165.675177,42,19780.037281
1252.51528,76,19780.413283
1183.574486,55,19780.691281
1330.05516,76,19781.0735
207.415778,57,19781.342496
1280.16725,58,19781.630496
1259.953441,57,19781.913127
1267.400264,59,19782.210125
1265.998516,80,19782.576125
1202.889307,54,19782.837125
1293.334976,71,19783.159757
1239.586034,52,19783.418756
1226.792564,79,19783.777756
1280.423189,59,19784.060399
1193.940105,51,19784.306854
112.304585,48,19784.547853
1203.720597,55,19784.819852
1247.472497,70,19785.136474
1214.758212,47,19785.378474
1311.45807,66,19785.692474
1253.013472,70,19786.028117
1247.3726,52,19786.281117
1287.100882,71,19786.611119
1311.214955,61,19786.895117
1271.087823,60,19787.168743
1300.886829,71,19787.492028
1196.633503,46,19787.73103
1306.508923,70,19788.051594
1293.112901,62,19788.340596
1299.418877,64,19788.637594
1151.894115,34,19788.822594
1253.848615,54,19789.079231
1239.190223,51,19789.34323
1292.038908,68,19835.559263
1190.623801,46,19835.794263
1178.041219,43,19836.015912
1314.674066,62,19836.316911
1306.619543,69,19836.643913
1178.35863,46,19836.870912
1235.254741,50,19837.123449
1272.159515,62,19837.429449
1208.109227,49,19837.67445
1193.022927,49,19837.92303
1179.851692,40,19838.13412
1269.448943,55,19838.409143
1271.464421,55,19838.67712
1252.80169,55,19838.934744
1298.060678,65,19839.256744
1324.534669,68,19839.568744
1283.533696,77,19839.934376
1179.9461,85,19840.327376
1315.105775,75,19840.703378
1321.554608,67,19841.037944
1250.939527,68,19841.34397
96.609058,42,19841.558946
1270.500717,74,19841.893944
1173.688849,42,19842.119557
1275.196193,72,19842.475557
1269.146089,55,19842.754558
1295.488614,60,19843.063195
1317.590264,73,19843.413195
1160.140525,44,19843.638195
1150.912524,40,19843.848194
1219.0999,47,19844.088788
1212.306834,50,19844.337788
1326.68476,64,19844.666788
1228.356178,51,19844.928406
1193.652903,48,19845.163406
1285.645172,75,19845.502406
1294.67121,68,19845.818406
1302.126892,67,19846.125164
1216.882385,57,19846.404165
1292.004305,70,19846.726166
1244.725254,53,19846.98078
1340.767972,73,19847.340779
1214.726652,45,19847.572779
1170.860452,43,19847.799782
1288.16863,62,19848.098416
1186.992009,41,19848.314416
1310.149404,72,19848.670416
1183.680788,41,19848.886415
1119.150097,37,19849.08196
1217.691585,50,19849.33396
1124.280669,37,19849.528961
1256.324371,77,19849.885962
1274.084234,56,19850.167593
1252.506717,59,19850.443613
1201.978771,46,19850.677595
1228.838881,50,19850.934226
1335.484765,67,19851.269058
1250.07667,53,19851.537058
1274.915426,65,19851.860059
182.85866,56,19852.115697
1307.271839,66,19852.421697
1283.488727,72,19852.751697
174.607181,53,19852.997335
1250.472877,52,19853.249335
1295.596512,68,19853.562335
1302.470293,61,19853.857335
1192.048255,44,19854.087955
1305.931567,70,19854.438955
1306.609797,68,19854.775955
1214.764107,47,19855.015574
1229.090969,50,19855.260576
1313.807625,68,19855.597574
1242.465631,51,19855.851573
1292.602103,62,19856.160186
1184.922228,45,19856.386186
1226.13443,58,19856.655187
1207.822994,47,19856.90519
1293.509678,62,19857.195816
1194.874304,45,19857.424816
1224.580288,52,19857.672816
1263.095366,55,19857.958429
1247.849003,54,19858.22743
1251.722199,66,19858.541428
1295.980878,59,19858.82043
1235.577958,51,19859.082187
1293.1333,73,19859.413185
1297.014366,58,19859.685185
1342.197815,73,19860.01882
1162.822003,40,19860.224818
1298.988241,65,19860.522817
1244.216969,52,19860.773818
1304.77142,70,19861.095447
1326.011569,67,19861.404447
1323.818609,67,19861.742446
1255.155298,54,19862.013016
1305.937106,70,19862.340016
1223.553294,54,19862.609016
1294.439925,77,19862.977644
1313.365621,66,19863.295635
1278.608546,58,19863.589635
1325.662367,71,19910.114286
1229.384389,59,19910.381284
1195.389947,44,19910.613284
1222.782187,49,19910.859284
1267.759704,60,19911.157829
1159.896726,41,19911.372491
1282.051989,61,19911.675491
1177.347326,41,19911.890491
1225.644877,58,19912.154104
1279.786376,60,19912.427104
1243.005555,58,19912.706104
1200.096475,50,19912.957734
1310.113809,60,19913.250736
1254.092371,54,19913.518736
1232.465493,59,19913.809736
1181.643312,44,19914.040356
1262.580661,59,19914.335356
1241.054975,52,19914.5989
1188.281398,45,19914.8289
1182.613776,44,19915.054528
1272.233112,64,19915.345529
1294.923247,74,19915.685529
1247.875473,61,19915.961128
1159.232173,39,19916.167128
1250.974815,54,19916.416481
1207.612635,51,19916.672508
1232.394182,67,19916.991042
1265.115642,61,19917.268042
1233.87047,59,19917.545043
114.324337,43,19917.756042
1335.483158,64,19918.050684
1199.541205,53,19918.305683
1332.167626,65,19918.631684
1263.653949,79,19918.992224
1333.697801,70,19919.342224
1234.26764,60,19919.615228
1330.263434,62,19919.899225
1220.699764,45,19920.129855
1153.423874,38,19920.331855
1286.83562,64,19920.653853
1318.479068,70,19920.978396
1299.079864,72,19921.312505
1250.062272,52,19921.563506
1276.126322,72,19921.894507
1250.198391,56,19922.152573
1184.904381,43,19922.371573
1267.040602,71,19922.691573
1321.521321,76,19923.068209
1160.496775,40,19923.283208
1273.944203,71,19923.603208
1221.912279,58,19923.870209
1285.729179,57,19924.149846
1284.343287,75,19924.506845
1269.193941,66,19924.804846
1277.695326,67,19925.107467
1200.310387,46,19925.343467
1282.914429,69,19925.68447
1296.468095,57,19925.951018
1221.443961,60,19926.224018
1257.068317,73,19926.546018
1308.849027,67,19926.881019
1256.617228,54,19927.153634
1217.542425,48,19927.395634
1215.706466,51,19927.655634
1182.567879,39,19927.859635
1201.076004,43,19928.081267
1243.511326,51,19928.344266
1244.708278,65,19928.632267
1301.549513,61,19928.917919
1268.175695,62,19929.198953
1312.746034,64,19929.524926
1227.379303,50,19929.778924
1205.667995,62,19930.078544
1184.311496,50,19930.325544
1284.460724,69,19930.667544
1180.394712,44,19930.888545
1149.79253,39,19931.093174
1292.90206,65,19931.391174
1295.489336,75,19931.736173
1268.470422,78,19932.097795
1248.271911,70,19932.414796
1257.167851,55,19932.695795
1258.426208,55,19932.95244
1230.018596,49,19933.206439
1282.420233,60,19933.512439
1284.749165,67,19933.853439
1223.043685,50,19934.108054
1328.832887,62,19934.391054
1297.54958,63,19934.683054
126.703258,45,19934.910054
1252.135493,54,19935.189066
101.750762,41,19935.397066
1154.402616,40,19935.605066
1212.916771,55,19935.880065
1303.989631,69,19936.22462
1200.14233,47,19936.45362
1268.782686,55,19936.722622
1295.450077,59,19937.024236
1244.268911,58,19937.312237
1327.982891,63,19937.608237
1295.336953,60,19986.740074
1317.480327,77,19987.082715
1272.680303,62,19987.362715
1245.63741,64,19987.645715
1235.619105,50,19987.887715
1323.643057,66,19988.216341
1269.616907,58,19988.502341
1265.989568,56,19988.784341
1223.739303,56,19989.035967
1304.295816,63,19989.348968
1260.386134,70,19989.655967
1212.05609,47,19989.895967
1176.99851,39,19990.097605
1254.108373,54,19990.367605
1313.397523,69,19990.680605
1152.097789,41,19990.890605
1297.689512,66,19991.219126
1272.004512,55,19991.475126
1244.793056,78,19991.820126
1308.605807,60,19992.095669
1297.533653,65,19992.420669
1314.803893,65,19992.746669
1193.893239,56,19993.021311
1329.32296,64,19993.309311
1218.581733,50,19993.549311
1200.078705,48,19993.781313
1318.852925,80,19994.16894
130.457798,46,19994.38994
1186.09812,48,19994.62394
1335.441404,70,19994.94349
1156.501453,39,19995.14749
1221.031409,47,19995.38549
1195.992529,46,19995.61449
1237.855195,57,19995.87049
1228.183454,49,19996.118028
1286.139535,61,19996.414025
1209.639257,46,19996.649028
1147.654677,40,19996.855026
1184.322612,44,19997.078029
1173.036963,41,19997.28903
1188.62757,43,19997.513029
1291.452522,61,19997.794029
1331.402378,62,19998.072667
1273.801181,65,19998.386667
1173.060525,44,19998.607667
1322.888916,62,19998.897667
1227.045033,54,19999.16329
1215.295176,43,19999.38429
1294.757663,62,19999.67329
1169.482502,39,19999.87829
1269.11758,64,20000.193916
1302.691535,60,20000.471916
1300.085265,58,20000.737916
1263.101002,61,20001.009484
1159.673066,39,20001.216484
1241.231149,60,20001.483485
1217.080755,52,20001.733484
1236.772509,51,20001.992109
1210.313438,45,20002.221109
1329.862062,66,20002.521109
1320.383579,65,20002.819109
1287.066844,65,20003.109733
1331.021503,63,20003.394732
1298.993882,67,20003.697732
1251.715266,54,20003.950361
153.710492,49,20004.185361
1253.988335,60,20004.457236
1321.286788,65,20004.752236
1302.096064,72,20005.091778
1206.933573,56,20005.353778
1284.498305,60,20005.623778
1220.766506,53,20005.876778
1286.147313,68,20006.211683
240.995288,60,20006.481684
1277.036131,58,20006.743683
1299.122567,63,20007.028301
1242.315996,51,20007.2853
1225.692255,49,20007.5323
1299.497031,73,20007.8663
1318.991178,69,20008.179911
1177.851656,47,20008.412912
1224.656807,54,20008.681911
1273.075285,72,20009.002503
1212.20054,53,20009.249503
1248.799882,56,20009.519503
1277.931875,71,20009.838503
1250.117879,69,20010.174127
1203.05941,52,20010.433127
1214.266365,48,20010.676127
1297.622848,70,20011.021733
1211.974878,50,20011.261733
1186.390309,48,20011.491733
1298.248324,59,20011.780733
1260.558861,56,20012.059355
1150.52814,39,20012.265355
1250.257994,53,20012.531355
1300.223707,68,20012.834355
1204.601347,50,20013.081989
1282.098003,64,20013.397989
1206.725604,47,20013.633989
1252.229041,53,20060.359991
1286.742412,73,20060.688994
1260.872862,61,20060.966622
1261.389584,77,20061.313622
120.200693,45,20061.536622
1194.780376,45,20061.767622
1307.074564,71,20062.099278
1195.197118,48,20062.336278
1286.011513,57,20062.610242
1270.691335,75,20062.947882
1312.034945,66,20063.275879
1222.044228,57,20063.551879
1327.157067,70,20063.903879
1119.772797,86,20064.291498
1274.065158,76,20064.634498
1246.880053,66,20064.927116
1247.710541,72,20065.241116
1276.397204,60,20065.534116
1275.149624,58,20065.805117
1343.425301,68,20066.13875
1171.807126,42,20066.362748
1192.082547,50,20066.607748
1220.166517,46,20066.844748
1232.329718,50,20067.100356
1204.621277,49,20067.348359
1227.640824,47,20067.592358
218.984627,60,20067.872366
1194.087997,46,20068.100987
1260.273596,58,20068.363987
1181.70548,46,20068.596987
1195.962996,49,20068.842987
143.91036,48,20069.07552
1332.031634,63,20069.36352
1254.058033,53,20069.62352
1321.493948,72,20069.955085
1271.744096,59,20070.252084
1289.974816,64,20070.577085
1280.313072,68,20070.888084
1210.982712,47,20071.133724
1346.985907,71,20071.460724
1301.387519,70,20071.779726
1344.35402,66,20072.085368
1285.309461,72,20072.417368
1342.142725,73,20072.783369
1263.247192,65,20073.081054
1247.090941,53,20073.356056
1325.906057,80,20073.750051
1286.079295,62,20074.035029
1297.477843,72,20074.357028
1312.826131,69,20074.706031
1161.10305,41,20074.917591
1196.617066,48,20075.153591
1241.589558,67,20075.48559
1311.431875,62,20075.799591
1137.048374,35,20075.993439
1220.784545,56,20076.257439
1227.269744,65,20076.569438
1164.098023,39,20076.772439
1344.823367,77,20077.155057
1195.576662,48,20077.398057
1270.466497,67,20077.728057
1290.767797,60,20078.032678
1227.218182,60,20078.319678
1243.879064,53,20078.588678
1225.190684,49,20078.846678
1178.275057,55,20079.119214
1248.037594,59,20079.397214
1194.571926,83,20079.768214
1251.113418,54,20080.044509
1188.173539,47,20080.277508
1284.869927,60,20080.581508
1173.400787,42,20080.805509
1267.135182,58,20081.106139
1185.90402,43,20081.336139
1317.520525,66,20081.669139
1275.169621,67,20081.97476
1261.749982,54,20082.23976
1192.79043,53,20082.506761
1272.765105,57,20082.798761
1321.477879,65,20083.117382
1262.110467,64,20083.421382
1198.918914,43,20083.647649
1301.670366,63,20083.938272
1320.989977,64,20084.266272
1228.760706,47,20084.509272
1226.984896,49,20084.763272
203.305567,56,20085.025917
1245.074724,69,20085.327917
1178.766267,44,20085.552917
1187.129654,45,20085.779917
1220.576349,55,20086.037542
1207.683102,47,20086.271541
1289.352499,72,20086.593541
1242.004088,52,20086.866217
1261.940357,60,20087.141842
1290.17377,57,20087.407841
1161.353865,41,20087.617842
1276.960548,59,20087.920464
1276.221452,64,20088.237464
1278.733708,59,20088.518465
1304.374466,64,20137.888366
1157.884034,39,20138.092899
1269.619999,71,20138.433898
1280.292898,58,20138.722898
1215.47323,48,20138.969507
1322.515024,64,20139.296507
1194.238933,52,20139.557508
1179.568564,36,20139.751508
1246.322254,52,20140.005038
1197.383315,47,20140.236039
1330.906268,65,20140.529038
1266.730657,55,20140.806038
1274.617083,57,20141.093622
1339.382094,64,20141.385622
1210.627027,48,20141.625622
1212.321386,47,20141.873664
1182.054337,44,20142.09927
1321.800327,77,20142.46627
1304.566548,64,20142.76327
1145.957207,38,20142.966909
1235.132729,48,20143.213909
1270.60098,80,20143.57691
1239.900572,53,20143.842936
1249.326412,54,20144.107445
1174.882042,43,20144.326447
1315.271079,70,20144.672445
1258.083531,70,20144.999073
1193.037588,46,20145.231073
1255.413136,52,20145.484073
1357.79026,67,20145.784073
1270.295847,57,20146.06971
1236.492828,49,20146.319486
1250.466492,69,20146.659487
1260.352053,64,20146.966028
1297.120275,60,20147.267029
1286.139927,75,20147.609029
1255.466135,69,20147.925578
1200.167238,59,20148.216578
1246.363178,56,20148.495578
1239.694418,51,20148.757578
1316.820813,70,20149.07622
1236.448793,58,20149.357219
1159.956809,41,20149.567219
1300.542484,71,20149.888222
1252.175557,55,20150.159843
1240.252139,55,20150.426854
1284.251603,62,20150.728758
1341.086809,64,20151.021343
1284.675843,61,20151.298343
1217.132546,57,20151.584343
1272.954972,80,20151.946921
208.841515,57,20152.210922
1275.042898,57,20152.497921
192.109226,54,20152.752921
1273.154364,55,20153.016532
1269.561691,67,20153.315532
1253.963919,56,20153.573666
1191.378594,57,20153.853668
1270.907587,73,20154.185258
1159.629776,41,20154.396258
1236.061776,63,20154.685258
1236.871078,76,20155.026862
1280.482923,57,20155.292863
1271.984659,68,20155.60086
1242.880753,54,20155.850859
1256.058986,57,20156.117409
1325.108819,67,20156.424409
1284.573439,77,20156.774672
1212.097159,48,20157.019234
1252.940017,65,20157.322235
1304.386212,76,20157.669235
1199.516871,49,20157.915836
1294.619184,61,20158.225836
1270.948381,56,20158.509836
1290.306626,63,20158.794836
1293.166986,66,20159.095423
1163.990177,40,20159.310424
1267.849191,58,20159.593424
1248.145161,54,20159.865423
1271.227049,60,20160.141056
1227.642505,67,20160.469056
1320.414027,71,20160.821555
1194.566496,46,20161.052153
1318.717497,68,20161.389153
1193.663272,46,20161.619153
1206.571692,58,20161.898156
140.206914,46,20162.124691
1189.837589,40,20162.334692
1126.019844,35,20162.526692
1222.502065,51,20162.766691
1197.563647,46,20162.999324
1267.698615,71,20163.339325
1205.321335,50,20163.583325
1260.572919,74,20163.910326
1170.831715,42,20164.128925
1291.449332,58,20164.403926
1256.220434,54,20164.675925
1287.566345,63,20164.965465
1233.593354,57,20165.248465
1137.599855,38,20165.447467
117.950941,44,20211.729619
1321.893994,62,20212.015154
1272.983168,66,20212.328154
1285.845634,59,20212.621154
1282.608074,77,20213.00069
1166.620134,41,20213.211689
1155.298341,38,20213.411689
1214.461404,46,20213.647689
1232.694807,82,20214.018855
1154.786518,39,20214.221855
1308.356643,59,20214.493855
1227.246928,50,20214.746857
1294.094569,57,20215.013443
1264.171641,62,20215.293439
1298.797737,72,20215.617438
1150.947042,40,20215.824438
1298.787132,60,20216.126033
1257.75518,64,20216.418033
1242.37267,50,20216.675563
1255.398752,53,20216.936128
1274.105056,58,20217.230126
1193.692691,42,20217.448128
1225.307933,53,20217.704126
1193.421426,46,20217.939676
1267.413391,64,20218.229674
1188.116698,46,20218.461674
1211.631135,57,20218.742674
1317.969258,60,20219.022226
1219.666124,49,20219.269226
1294.888554,59,20219.561226
1280.672569,64,20219.850226
1195.046264,41,20220.065789
1330.202643,70,20220.413794
1153.630237,40,20220.618789
1284.728653,58,20220.912347
1261.588046,55,20221.190344
1344.094583,77,20221.571344
1228.057095,51,20221.829344
1289.139473,59,20222.13291
1217.120926,59,20222.42391
1326.076775,67,20222.75191
1304.930929,65,20223.076479
1336.840499,70,20223.396479
1292.347391,61,20223.68048
1271.194296,59,20223.954032
1309.457463,74,20224.289032
1231.512666,50,20224.541032
1280.311207,57,20224.831033
1202.026894,47,20225.072583
1237.709812,50,20225.330586
1248.293743,57,20225.590583
1270.097814,57,20225.861583
1201.060713,47,20226.098163
1206.880794,58,20226.372163
1277.037865,65,20226.666163
1197.449395,46,20226.901122
1130.793681,38,20227.105688
1246.526797,51,20227.354689
1178.30528,44,20227.57969
1312.482677,65,20227.908691
1248.573946,51,20228.159259
1200.179592,49,20228.407257
1293.103803,68,20228.744257
1317.91276,63,20229.052818
1266.425007,55,20229.326818
1291.827475,59,20229.627818
1226.000953,65,20229.951379
1259.437542,54,20230.224379
80.252767,42,20230.439379
1277.769233,72,20230.78738
1279.864968,61,20231.067938
1329.852479,67,20231.38398
1260.700529,55,20231.663982
1298.220798,66,20231.965545
1299.538652,57,20232.228544
1208.523833,47,20232.466544
1260.891229,54,20232.728544
1200.981679,46,20232.967138
1239.109206,51,20233.228137
227.559107,61,20233.511371
1297.706012,63,20233.819371
1240.779416,63,20234.105922
1252.708575,59,20234.390922
1268.260792,55,20234.654922
1283.652574,65,20234.94852
1242.045977,52,20235.213519
1265.820471,66,20235.509519
1229.354913,57,20235.79152
1140.184689,39,20236.000085
1318.914914,68,20236.314087
1320.278234,68,20236.631086
1183.599406,48,20236.871085
1336.554282,72,20237.203642
1353.917958,73,20237.540205
1212.339907,48,20237.785205
1279.907599,74,20238.117758
1179.614372,45,20238.344758
1250.318432,64,20238.632758
1155.774502,36,20238.824759
1182.498736,43,20239.052306
1308.371275,78,20288.088364
1349.73413,70,20288.438364
1337.026136,67,20288.746364
1207.453877,42,20288.964008
1286.708418,68,20289.287008
1317.531477,76,20289.633009
1297.362452,67,20289.963652
1273.931692,65,20290.259652
1336.1101,71,20290.614652
1305.239255,65,20290.935284
1147.70958,36,20291.130283
1278.229979,69,20291.439284
1294.515355,57,20291.706284
1269.984612,58,20291.996912
1180.503854,44,20292.218912
1288.237482,76,20292.560913
1286.776053,74,20292.894911
1130.502963,37,20293.094482
1272.467352,59,20293.391482
1315.960389,73,20293.723482
1295.456422,64,20294.04112
1202.234537,46,20294.284121
1307.264113,76,20294.629119
1273.624186,59,20294.910119
1200.239043,47,20295.148746
1158.987301,42,20295.364746
1336.825149,68,20295.705746
1314.44795,63,20295.996285
1208.255184,61,20296.298285
1204.12072,47,20296.536285
1266.89674,72,20296.879285
1292.835029,59,20297.158844
1259.466351,54,20297.41761
1173.18009,43,20297.63561
1335.659121,70,20297.988243
1250.790319,53,20298.241243
1191.401927,46,20298.468243
1310.787342,71,20298.820243
1230.960448,57,20299.081243
1138.672292,39,20299.285245
1238.794749,63,20299.578243
1249.66229,62,20299.874243
1256.410179,83,20300.280854
1135.738923,38,20300.482856
1147.343859,39,20300.685868
1313.934506,61,20300.980488
1241.013469,52,20301.250489
1251.674743,58,20301.532489
1283.043412,57,20301.805489
1269.087323,58,20302.087067
1221.135097,49,20302.325067
1293.140648,70,20302.640067
1294.98212,63,20302.961699
1337.280822,66,20303.295696
1291.858739,75,20303.634698
1306.086104,61,20303.940314
1177.667509,44,20304.166313
1195.524666,55,20304.430314
1197.533638,47,20304.661314
1208.584332,55,20304.918906
99.478058,42,20305.131904
1239.851669,51,20305.386904
1257.403179,56,20305.665904
1164.359867,42,20305.884923
1245.19834,52,20306.150438
1224.877309,49,20306.390438
1190.559973,54,20306.658438
1350.052861,77,20307.037966
1312.655941,62,20307.319967
1275.813991,58,20307.586967
1222.853987,59,20307.881969
1330.640545,66,20308.200625
1292.790772,72,20308.524623
1232.758208,50,20308.782623
1210.297541,48,20309.029277
1244.490503,64,20309.318277
1231.349613,52,20309.579277
1297.152138,59,20309.865277
1210.4999,61,20310.169068
1134.390185,37,20310.369068
1220.92006,63,20310.681068
1273.716066,56,20310.961716
1345.103026,71,20311.308716
1274.247508,57,20311.599716
1318.45924,72,20311.958364
1203.983447,41,20312.174364
1204.170102,47,20312.409364
1289.481332,70,20312.737363
1235.927008,62,20313.038004
1320.775781,62,20313.329004
1175.148377,41,20313.547004
1308.25059,64,20313.866002
1142.848967,39,20314.076616
1190.511289,50,20314.325616
1256.461781,61,20314.626616
1239.616802,58,20314.890615
1254.433004,59,20315.17524
1225.308321,49,20315.42324
1251.390189,56,20315.68924
1246.396691,57,20315.949874
1220.34417,51,20362.432781
1243.213974,64,20362.743781
1252.507813,59,20363.014401
1280.234597,63,20363.312401
1243.540376,64,20363.609402
1159.472838,42,20363.824401
1214.987826,49,20364.06595
1182.752384,42,20364.28695
1295.273872,73,20364.61795
1290.139335,58,20364.89495
1281.809222,63,20365.201583
1290.872278,60,20365.479583
1310.166325,61,20365.760583
1229.056408,53,20366.02622
1241.967155,55,20366.29222
1187.906026,43,20366.51122
1296.134277,62,20366.821221
1262.84636,55,20367.092779
1298.513032,58,20367.364779
1271.180142,55,20367.644779
1256.391177,70,20367.952411
1220.803793,51,20368.198409
1200.962343,53,20368.454408
1314.122256,61,20368.754408
1270.293647,57,20369.030055
1355.724438,67,20369.331056
1309.137428,62,20369.649058
1283.571433,63,20369.951663
1268.990326,58,20370.24066
1336.780694,69,20370.58366
1209.652435,57,20370.85066
1132.122343,46,20371.08627
1343.942687,73,20371.44827
1337.598425,73,20371.80827
1280.292448,69,20372.129905
1164.712756,42,20372.348905
1234.314217,59,20372.640905
1346.96986,65,20372.936531
1200.400595,50,20373.185531
1227.508707,52,20373.437527
1311.098539,64,20373.746527
1191.114715,84,20374.130092
1248.037897,67,20374.460092
1270.249944,81,20374.827092
1308.978994,62,20375.139735
1194.070772,46,20375.373735
1255.771681,63,20375.659735
1264.203425,55,20375.942302
1251.968917,53,20376.220302
1245.666874,64,20376.519302
1108.246035,35,20376.711302
1262.685711,67,20377.042933
1237.495242,58,20377.313931
1187.522679,46,20377.547931
1241.531487,65,20377.838933
1361.658208,75,20378.211553
1196.926082,43,20378.437552
1209.801514,80,20378.794552
1291.687071,60,20379.071189
1270.546203,79,20379.431191
1192.051368,47,20379.664189
1296.359819,69,20379.98084
1337.897099,64,20380.274839
1250.909267,59,20380.567839
1308.081128,66,20380.870839
1163.67605,43,20381.095475
1319.138074,76,20381.439476
1210.846112,46,20381.673475
1231.200234,55,20381.926086
1333.948832,66,20382.266086
1228.252519,51,20382.521086
1236.192253,52,20382.763088
1156.18567,41,20382.979656
1192.389934,54,20383.249653
1315.137275,70,20383.570653
1228.279707,51,20383.824654
1322.412596,66,20384.156259
1207.745172,49,20384.404261
1278.112032,58,20384.684258
1266.349149,55,20384.947878
1256.717363,55,20385.226875
1203.11488,48,20385.460876
1224.351882,55,20385.734875
1220.406594,49,20385.976535
1272.225253,55,20386.255536
1212.642503,47,20386.495533
1177.694151,43,20386.719533
1307.180673,60,20387.001168
1306.743582,80,20387.391168
1145.808714,36,20387.587168
1176.644033,44,20387.812168
1234.230546,56,20388.091803
1233.902347,49,20388.342806
1248.829652,63,20388.633802
1328.392404,73,20388.966443
1338.777312,72,20389.295441
1272.902377,59,20389.589449
1317.242736,63,20389.880441
1231.802797,48,20390.129076
1322.239795,67,20390.437076
1330.726212,65,20440.834585
1173.588646,45,20441.065171
1325.152107,70,20441.386171
1238.008239,52,20441.650171
1138.741963,39,20441.860174
1221.084947,47,20442.101823
1284.718131,62,20442.392847
1203.511594,45,20442.626823
1276.926709,58,20442.923453
1275.739238,75,20443.260685
1178.22921,40,20443.471689
1210.459516,47,20443.720687
1201.944625,46,20443.959222
1221.892641,55,20444.234219
1187.799823,48,20444.474219
1264.509669,55,20444.747219
1225.202898,62,20445.056844
1320.779623,68,20445.368844
1279.190196,70,20445.700844
1294.964346,62,20445.987507
1151.463011,37,20446.184465
1280.042443,70,20446.498465
1222.449514,64,20446.816466
1101.411341,34,20447.003069
1280.197059,60,20447.30407
1311.335978,62,20447.587069
1207.284403,53,20447.840069
1246.12065,53,20448.111701
128.286099,45,20448.335702
1328.067107,66,20448.642703
1209.383859,57,20448.91332
1297.182265,63,20449.22432
1316.844311,70,20449.543322
1312.163346,67,20449.87232
1227.632483,52,20450.13394
1231.878363,48,20450.38094
1310.163839,68,20450.717941
1349.841964,71,20451.071572
1200.312626,47,20451.309573
1258.460168,55,20451.585572
1215.591868,47,20451.822572
1121.175647,38,20452.026151
1302.203675,78,20452.400736
1301.390766,62,20452.710738
1281.245455,59,20453.008378
1310.924803,73,20453.341378
1307.550563,64,20453.670378
1355.947879,71,20454.024989
1246.396697,60,20454.297989
1253.422024,51,20454.553989
1279.641624,63,20454.84299
1237.51821,61,20455.1436
1247.776673,58,20455.4066
1243.018407,62,20455.7116
1224.252344,56,20455.980214
1310.990589,62,20456.295092
1320.773282,62,20456.583092
1244.750055,55,20456.850092
1220.104929,52,20457.106709
1326.750984,62,20457.393713
1304.696933,61,20457.682709
1180.890114,44,20457.915083
1231.828416,52,20458.169083
1274.116444,73,20458.492083
1203.708091,48,20458.735083
1264.479132,66,20459.04971
1165.587283,41,20459.265709
1252.646607,63,20459.567709
1258.992388,53,20459.836709
1189.362145,49,20460.076337
1291.597311,75,20460.414336
1285.286647,66,20460.743338
1305.36273,63,20461.050964
1249.756341,55,20461.303964
1331.488436,68,20461.632963
1161.237261,42,20461.852964
1173.986778,43,20462.080592
1306.241179,60,20462.36259
1200.480012,43,20462.588592
1278.582503,65,20462.903278
1228.315721,57,20463.173912
1289.058178,62,20463.454913
1161.324244,42,20463.670915
1185.842009,43,20463.896913
1257.645765,57,20464.182539
1314.82857,67,20464.517344
1340.985233,73,20464.849344
1239.867213,63,20465.16297
1210.793763,48,20465.409972
1283.12811,63,20465.72197
1220.764124,50,20465.969575
1187.28207,46,20466.202575
1276.824204,70,20466.539577
1346.843707,69,20466.891612
1321.839761,66,20467.22811
1221.201174,53,20467.493115
1305.878476,76,20467.86611
1134.806223,37,20468.066734
1248.980483,71,20468.419733
1271.042558,74,20468.756848
1319.834988,61,20516.346124
1322.64101,68,20516.673122
1248.505479,54,20516.939667
1190.13413,41,20517.159669
1213.381376,48,20517.400668
1299.543288,64,20517.698667
1263.031301,57,20517.987979
1222.219392,47,20518.230978
1279.317897,59,20518.525978
1270.391419,66,20518.843978
1312.653414,67,20519.184596
1281.644896,70,20519.500596
1327.282102,70,20519.852596
1317.059785,70,20520.175227
1241.571007,50,20520.429227
1130.728644,36,20520.626228
1259.506808,53,20520.896227
1187.561924,43,20521.124862
1206.546978,46,20521.365864
1199.642623,45,20521.594862
1249.99854,52,20521.862862
1158.552809,40,20522.075398
1139.065382,39,20522.281397
1275.69386,57,20522.571397
145.827025,77,20522.922033
1228.296425,46,20523.160033
1298.810125,61,20523.470034
1250.670348,54,20523.738033
1227.532163,53,20523.991669
1267.72288,72,20524.315669
1316.478541,65,20524.641669
1240.772019,54,20524.911669
1302.862754,71,20525.242624
1227.383043,61,20525.544623
1261.591163,53,20525.817623
1276.379864,61,20526.095236
1310.646309,69,20526.409337
1223.05086,52,20526.657337
1253.486264,52,20526.923926
1282.093482,72,20527.251926
1326.58067,64,20527.548926
1237.611477,56,20527.813926
1314.79776,63,20528.136548
1253.864498,75,20528.470104
1256.570678,74,20528.804103
1141.758554,40,20529.010628
1216.611788,48,20529.248628
1297.942466,59,20529.552628
1256.861542,59,20529.836628
1335.466477,66,20530.177257
1153.030896,38,20530.381257
1200.91423,50,20530.629256
1226.79706,54,20530.888257
1244.058696,63,20531.188891
1236.39926,64,20531.505891
1310.011698,66,20531.808891
1215.222745,53,20532.059509
1148.483399,35,20532.249509
1307.8636,69,20532.567509
1301.829487,79,20532.961081
1314.960625,65,20533.271081
1242.55407,51,20533.533081
1229.701349,55,20533.79571
1208.841724,55,20534.071301
1255.972077,61,20534.3763
1289.723416,67,20534.681301
1187.197851,44,20534.905301
1325.63868,63,20535.195869
1189.980062,45,20535.427869
1242.605847,50,20535.686869
1203.147285,47,20535.922401
1283.436644,75,20536.265402
1323.111573,64,20536.591402
1199.720056,43,20536.814403
1283.163079,63,20537.12801
1337.194367,66,20537.430009
1214.315137,44,20537.658009
1207.813411,55,20537.919658
1147.328167,40,20538.132658
1145.487571,35,20538.326658
1306.307042,74,20538.671659
1221.371216,52,20538.923287
1329.677673,64,20539.221287
55.983442,38,20539.457288
111.842032,42,20539.712288
218.59034,60,20540.066915
133.271495,45,20540.340914
202.399183,79,20540.806915
173.80329,77,20541.22459
91.20142,43,20541.486589
135.984773,55,20541.809586
222.616452,74,20542.230125
196.308357,55,20542.563125
238.445161,62,20542.939679
110.013686,55,20543.264672
139.521866,59,20543.613672
226.955206,60,20543.959313
179.484437,53,20544.282315
192.679847,56,20544.616313
178.555896,52,20544.932939
50.659416,36,20596.345145
181.422317,52,20596.639146
237.143789,66,20596.99876
187.106918,55,20597.30476
116.847187,52,20597.601759
167.986626,49,20597.880759
161.398042,62,20598.24139
243.573777,63,20598.618391
142.478169,59,20598.953016
167.267977,51,20599.262015
180.417586,73,20599.656018
243.185342,62,20599.993644
128.995851,46,20600.279645
190.387088,55,20600.604645
209.531399,64,20600.972181
197.54132,56,20601.287181
250.611052,62,20601.623181
110.783601,44,20601.888181
187.438075,71,20602.267793
181.593287,70,20602.631793
256.494806,69,20603.021439
120.402428,45,20603.279435
150.675629,49,20603.566605
125.862562,42,20603.818606
164.987401,57,20604.124186
164.665298,69,20604.491186
171.30857,56,20604.790187
254.592886,63,20605.134745
241.183627,67,20605.528746
1279.853561,57,20605.819746
1231.736393,48,20606.069373
1284.076204,57,20606.357372
1279.444458,60,20606.646374
1349.358138,68,20606.990001
1249.72479,51,20607.237003
1284.931255,56,20607.514002
1306.54101,59,20607.789001
1218.556533,59,20608.082573
1316.56116,62,20608.393573
1193.268619,45,20608.626572
1218.611701,45,20608.857573
1326.208647,66,20609.192184
1252.395783,56,20609.455184
1276.324211,57,20609.720184
1284.925651,62,20610.002802
1225.349301,53,20610.256803
1216.026511,61,20610.556803
1202.952105,47,20610.792803
1305.909587,66,20611.092417
1329.251559,75,20611.433417
1277.909557,59,20611.714416
1292.356494,58,20611.995961
1252.426505,57,20612.281961
1342.08171,71,20612.607962
1195.747924,55,20612.873963
1283.049605,60,20613.175641
1242.829215,69,20613.48364
1240.417133,49,20613.735641
1186.881499,54,20613.997307
1269.966226,60,20614.289307
1218.681896,56,20614.557307
1271.701073,55,20614.825306
1199.102284,45,20615.054946
1298.008881,69,20615.396946
1308.29964,59,20615.686015
1210.758671,48,20615.923645
1289.87213,72,20616.263645
1289.650115,58,20616.550645
1279.112399,62,20616.833646
1284.306951,59,20617.113262
1309.04343,62,20617.425263
1187.288916,45,20617.655263
1180.554889,43,20617.877263
1151.895748,85,20618.264909
1315.339872,64,20618.566909
1250.191027,53,20618.830909
1245.990702,53,20619.106535
1338.31891,66,20619.409535
1349.755266,67,20619.753537
1180.065832,42,20619.968067
1245.170891,57,20620.236068
1328.274682,66,20620.565066
1246.829613,53,20620.820066
88.822424,40,20621.025701
1172.820024,41,20621.244702
1264.483178,54,20621.502701
1185.798427,46,20621.733702
1269.350383,62,20622.019325
1233.441666,52,20622.274326
1283.02066,56,20622.543325
1310.89278,61,20622.826325
1187.170301,41,20623.042965
1318.02961,67,20623.353966
1223.595196,49,20623.594965
1259.12588,55,20623.864965
1205.779168,45,20624.104589
1211.767412,43,20624.329589
1304.138799,69,20624.649589
1264.606708,54,20624.921185
1313.64924,62,20625.239185
1266.384504,56,20673.396835
1332.747788,69,20673.739836
1315.829019,61,20674.04041
1193.321167,42,20674.259409
1228.248813,46,20674.496409
1170.587794,43,20674.719408
1330.441599,73,20675.05495
1328.74543,77,20675.401947
1152.035793,38,20675.603948
1327.054469,67,20675.911948
1280.207229,58,20676.196581
1225.481966,48,20676.441582
1210.400314,50,20676.691581
1313.844805,63,20677.012175
1280.140406,56,20677.288176
1221.810776,50,20677.533175
1290.333345,66,20677.851175
1130.027611,43,20678.072796
1269.913907,70,20678.389796
1296.237601,58,20678.663796
1160.291485,37,20678.859796
1327.320505,63,20679.159387
1204.14476,48,20679.404387
1328.280058,72,20679.749644
1249.901138,55,20680.023284
1254.616329,53,20680.284284
1323.852318,71,20680.609284
1175.638227,44,20680.834284
1281.007036,71,20681.155908
1261.470604,64,20681.462909
1249.840425,55,20681.735908
1266.562462,57,20682.009539
1193.698736,45,20682.240538
1229.503089,52,20682.490538
1268.618115,60,20682.770538
1224.559418,50,20683.018155
1196.119929,50,20683.262155
1249.311887,65,20683.555162
1262.399029,68,20683.860014
1311.048041,75,20684.230638
1314.821025,63,20684.531638
1235.807305,78,20684.881638
1292.181618,57,20685.151181
1259.894859,73,20685.473496
1300.845516,69,20685.812497
1280.476914,56,20686.09314
1302.717204,63,20686.381139
1203.588021,42,20686.597138
1209.279951,50,20686.83914
1299.581959,59,20687.12171
1234.410411,54,20687.377708
1335.537092,64,20687.702708
1195.066024,47,20687.940351
1199.565384,58,20688.229351
1167.202909,40,20688.442351
1303.193884,62,20688.752351
1302.682642,61,20689.032974
1265.671079,74,20689.364974
1326.145218,63,20689.674976
1217.808831,47,20689.917605
1330.042578,65,20690.246604
1253.63731,74,20690.575277
1278.379695,55,20690.837275
1117.37359,34,20691.024913
1243.853661,70,20691.37191
1183.16647,45,20691.602909
1158.250686,38,20691.803909
1277.207601,70,20692.121499
1180.105082,43,20692.3385
1305.598339,60,20692.6205
1209.793321,48,20692.862499
1156.403939,38,20693.067118
1335.180104,65,20693.397118
1318.642125,75,20693.743118
56.25196,38,20693.943682
1237.813559,63,20694.248682
1178.954101,44,20694.470682
1343.478604,69,20694.815682
1322.907669,76,20695.18029
1257.728136,71,20695.491289
1259.137769,54,20695.75129
1333.006514,71,20696.099941
1220.546537,48,20696.34894
1323.778483,70,20696.67094
1225.548656,50,20696.913553
1218.336584,56,20697.175557
1260.316957,57,20697.448556
1181.764959,44,20697.672558
1280.102068,56,20697.963186
1240.24933,58,20698.234186
1312.396053,59,20698.509967
1197.241005,43,20698.731967
1145.942939,36,20698.925498
1106.504729,35,20699.118499
1319.57583,64,20699.412497
1316.683621,63,20699.712497
1232.185224,53,20699.959121
1171.821068,41,20700.178121
1302.749608,60,20700.481121
1257.893072,64,20700.796121
1306.502414,68,20752.039224
1306.607461,77,20752.416223
1310.385737,59,20752.689729
1255.425783,57,20752.974343
1259.495531,73,20753.322343
1166.150165,42,20753.541343
1267.892545,57,20753.807343
1226.856775,55,20754.078977
1256.359216,54,20754.348977
1166.408001,41,20754.561976
1230.431615,78,20754.906976
142.05808,53,20755.197613
194.333291,58,20755.506612
92.245202,46,20755.773612
184.329625,55,20756.086179
211.616021,69,20756.479178
179.561164,67,20756.869179
255.631876,66,20757.230711
154.399039,59,20757.569712
189.355898,58,20757.889711
91.28903,50,20758.188345
40.529027,34,20758.404345
126.128633,44,20758.657345
209.771887,67,20759.024976
189.631639,63,20759.369976
93.767829,40,20759.624978
58.41913,34,20759.832977
163.676959,58,20760.160522
185.167171,57,20760.480524
148.637069,53,20760.793523
189.914544,59,20761.115068
210.826966,57,20761.45707
148.110514,54,20761.775068
203.271314,56,20762.10469
103.76092,42,20762.34969
205.409917,62,20762.67469
180.012177,56,20762.984324
240.526383,64,20763.324325
86.619798,40,20763.565325
170.07449,74,20763.949956
197.58963,52,20764.239835
231.516019,74,20764.671834
157.417783,51,20764.974467
199.15051,69,20765.337467
182.183222,64,20765.670467
172.690412,52,20765.976249
149.864671,48,20766.254248
133.876161,46,20766.531248
175.854154,53,20766.835248
47.265417,34,20767.052893
203.428685,68,20767.421887
193.439332,70,20767.783887
178.276035,51,20768.08949
125.534984,42,20768.34649
120.603855,44,20768.609492
216.465279,58,20768.946128
108.26728,46,20769.219431
111.524907,57,20769.546431
100.805152,37,20769.774431
132.445907,79,20770.200051
117.374251,49,20770.491051
122.632483,45,20770.754051
109.053741,39,20770.992685
117.665961,45,20771.263684
116.095967,42,20771.517684
163.366436,50,20771.804684
170.885562,51,20772.109318
91.567624,41,20772.366317
241.882597,68,20772.737319
183.999812,54,20773.061876
233.176947,60,20773.427875
125.490092,48,20773.713875
140.412048,52,20774.021526
189.901142,55,20774.348522
157.207704,58,20774.664522
155.764174,54,20774.962134
195.880294,63,20775.308133
176.426538,51,20775.619135
165.651785,58,20775.945697
171.126557,52,20776.245697
169.134521,69,20776.629698
200.659822,69,20777.003323
140.425285,52,20777.288324
189.602494,69,20777.674323
143.910955,47,20777.948937
132.309919,54,20778.255937
203.336177,59,20778.564937
134.599581,52,20778.858937
250.7115,67,20779.254568
187.442552,70,20779.646571
166.363116,68,20780.022182
1204.301125,47,20780.262183
1256.344812,70,20780.578182
1276.710453,55,20780.861183
1330.603069,71,20781.213797
1205.532276,55,20781.474297
1281.207677,76,20781.836298
1215.895167,45,20782.066861
1221.461836,48,20782.311862
1293.626631,59,20782.592861
1258.308579,59,20831.337522
1311.284042,70,20831.666523
1245.370351,60,20831.957353
1250.346244,56,20832.239355
1274.263307,66,20832.567353
1324.898025,64,20832.878353
1262.517013,52,20833.126975
1325.053471,62,20833.443504
1325.967922,63,20833.728504
1248.143398,51,20833.987066
1189.692232,45,20834.211068
1262.615333,56,20834.478065
1257.045555,55,20834.738066
1260.483355,57,20835.02072
1242.577079,50,20835.280722
1250.135385,55,20835.53672
1224.401521,57,20835.800721
1336.829425,73,20836.132333
1159.103915,41,20836.343333
1226.416218,56,20836.609337
1322.237784,65,20836.939881
1275.874039,64,20837.239881
1294.731906,64,20837.53588
1233.729584,63,20837.83788
1211.868766,48,20838.073514
1274.906226,59,20838.354514
1309.981693,64,20838.650514
1280.602056,61,20838.936433
1212.542429,47,20839.174433
1326.146402,73,20839.540433
1279.20403,66,20839.839433
1302.182955,80,20840.20297
1229.933216,53,20840.468967
1265.568539,69,20840.786967
1284.390375,75,20841.155596
1323.315692,63,20841.443594
1348.532127,75,20841.789596
1260.857251,52,20842.055135
1253.214118,51,20842.304136
1321.41545,64,20842.600135
1237.587758,68,20842.902137
1314.002561,68,20843.21577
1277.483752,56,20843.497771
1318.972977,78,20843.85877
1235.216032,63,20844.141364
1226.502756,48,20844.385367
123.253704,45,20844.609365
1217.262048,48,20844.849365
1288.505338,67,20845.173999
1292.042457,73,20845.510998
1230.501537,49,20845.758998
144.160889,46,20845.985626
175.220269,52,20846.231626
1333.592615,64,20846.557626
1259.281296,60,20846.827626
1237.482431,59,20847.119226
1234.224282,63,20847.430228
1273.57522,67,20847.733226
1271.778514,57,20848.02377
1227.272329,57,20848.287874
1304.552542,66,20848.594875
1271.665094,66,20848.891873
1235.802746,49,20849.142478
1243.023886,61,20849.439478
1261.755635,58,20849.704477
1248.681387,69,20850.044101
1268.687978,83,20850.419101
1271.769306,54,20850.686101
1328.514574,65,20851.013716
1211.925811,45,20851.247717
1282.137971,72,20851.575842
1209.901121,47,20851.809842
1300.652529,58,20852.079461
1265.194332,60,20852.357461
1280.911163,64,20852.646461
1308.270296,69,20852.967119
1290.516424,56,20853.23212
1218.897572,48,20853.473119
1188.537868,48,20853.709369
1207.755304,41,20853.923994
1206.304272,53,20854.188994
1314.30125,68,20854.521994
1273.989056,61,20854.817994
1214.988201,45,20855.049652
1216.521898,47,20855.290651
58.444001,36,20855.482651
1238.064325,54,20855.753651
1308.863302,67,20856.08729
1202.486471,42,20856.305288
1272.56614,62,20856.615288
1250.108115,72,20856.97091
1278.689561,67,20857.27791
1312.533008,64,20857.59191
1308.150626,59,20857.89591
1283.329733,65,20858.20254
1233.096683,63,20858.488539
1266.420001,55,20858.767539
1216.434173,48,20859.01018
1324.767487,66,20859.3152
1245.036016,53,20859.57518
1247.329633,51,20911.075674
1260.424422,77,20911.426674
1277.143301,60,20911.703675
1351.131901,75,20912.074272
1226.477902,51,20912.321273
1286.076731,57,20912.605272
1222.596111,48,20912.847272
1298.799236,58,20913.146953
1296.923034,66,20913.452952
1192.262415,44,20913.680952
1198.258644,46,20913.915952
1283.795189,57,20914.203584
1232.591694,77,20914.548583
1177.525613,42,20914.763583
1309.705091,69,20915.099217
1264.291635,53,20915.355215
1179.677954,43,20915.576215
1324.347271,74,20915.917849
1236.799779,49,20916.16685
1241.547505,51,20916.428849
1349.351481,71,20916.748851
1336.959414,73,20917.111466
1234.51096,78,20917.466466
1154.061826,39,20917.674467
1211.972339,53,20917.940095
1177.225044,41,20918.158095
1260.942891,61,20918.462095
1267.939353,56,20918.734097
1270.983118,59,20919.008674
1272.403303,65,20919.306674
1179.135782,39,20919.514674
1278.820095,74,20919.855674
1237.199645,56,20920.122267
1312.562289,66,20920.428267
1255.49207,54,20920.697267
1182.153812,44,20920.923907
1351.171346,73,20921.290157
1245.500381,53,20921.557157
1310.590788,74,20921.920705
1294.206596,60,20922.222703
1135.593111,35,20922.413702
1194.255855,54,20922.685702
1297.598793,66,20922.986332
1308.328961,70,20923.308327
1178.15756,39,20923.516327
1281.362519,63,20923.827328
1158.858743,36,20924.020866
82.494386,39,20924.224865
1145.58703,38,20924.426865
1290.994399,58,20924.724865
71.633495,43,20924.944463
1310.356654,61,20925.258462
1303.378492,60,20925.536393
1249.101415,52,20925.799393
1327.820064,67,20926.13602
1311.374181,62,20926.442019
1313.332005,61,20926.720019
112.449243,43,20926.934639
1319.391035,71,20927.286638
1186.644201,44,20927.510638
1292.431021,59,20927.796651
1210.97776,47,20928.035185
1310.117062,63,20928.354185
1308.403006,64,20928.649185
1311.089169,62,20928.961724
1298.108051,66,20929.265725
1257.881406,71,20929.615724
1178.089175,44,20929.839724
1187.190633,43,20930.057309
1234.712337,54,20930.312309
1248.876316,70,20930.626309
1223.366792,50,20930.877309
1231.465438,58,20931.144842
1256.512437,53,20931.410842
1266.989341,62,20931.717842
1289.426889,73,20932.048427
1187.541593,40,20932.259429
1225.484661,48,20932.502429
1141.771794,33,20932.679427
1244.534255,54,20932.947062
1197.746747,47,20933.179062
1261.753947,62,20933.477062
1247.261896,61,20933.758062
1211.311494,45,20933.9957
1225.567473,48,20934.2327
1240.328929,54,20934.482701
1255.432014,69,20934.7887
1309.618345,70,20935.105337
1227.596671,68,20935.441337
1272.534994,61,20935.735344
1346.732897,66,20936.070975
1148.757418,37,20936.265978
1148.584112,39,20936.469975
1236.462472,55,20936.742975
1182.643395,44,20936.968513
1169.034679,39,20937.170513
1268.632726,56,20937.433512
1157.727744,39,20937.637513
1286.771991,76,20937.981117
1309.875345,63,20938.298117
1284.763606,69,20986.173579
1228.210972,57,20986.447579
1186.748069,47,20986.686579
1282.015555,66,20987.013199
1314.832893,70,20987.354201
1210.971345,49,20987.601199
1142.51927,38,20987.805202
1277.154623,56,20988.086835
1247.937038,53,20988.338835
1177.25732,45,20988.565834
1119.371835,32,20988.742834
1346.459045,68,20989.085414
1283.185275,63,20989.376414
1230.325543,55,20989.636414
1264.35448,67,20989.969035
1296.450522,74,20990.335034
1247.302785,78,20990.685955
1249.431079,56,20990.952588
1138.535242,38,20991.153588
1302.235528,57,20991.417588
1256.766401,51,20991.678588
1300.226279,65,20992.001122
1236.764843,53,20992.265122
1278.406803,63,20992.577121
1216.452572,50,20992.824121
1256.206849,58,20993.104675
1316.222888,62,20993.424676
1218.084629,53,20993.683674
1285.279605,58,20993.976305
1215.19357,54,20994.231305
1314.218697,63,20994.532305
1296.012989,57,20994.798305
1245.528118,51,20995.044949
1266.977766,68,20995.355949
1200.74913,49,20995.603949
1277.671922,69,20995.909586
1234.249033,67,20996.238613
1321.275818,65,20996.572587
1327.549119,69,20996.917203
1318.167871,66,20997.240204
1239.904548,56,20997.498203
1319.096604,69,20997.842204
1128.828651,37,20998.038774
1185.023915,43,20998.260772
1202.646777,53,20998.516772
1287.544178,78,20998.875773
1341.331197,71,20999.202392
1275.746797,57,20999.483391
1178.567017,44,20999.711391
1324.633243,63,21000.03301
1245.05668,50,21000.290011
1230.78188,79,21000.642011
1198.192502,62,21000.947664
195.564639,74,21001.280663
1295.737355,73,21001.613663
1291.621441,78,21001.965297
1263.749197,56,21002.231297
1250.856614,58,21002.495297
1244.810975,57,21002.774297
1308.568123,68,21003.087931
1252.1026,50,21003.346936
1291.691101,60,21003.642932
1212.00509,46,21003.885881
1300.482805,61,21004.198508
1302.42212,69,21004.51951
1203.009068,49,21004.760508
1190.291428,44,21004.984045
1250.625405,66,21005.294044
1298.63766,57,21005.562044
1291.16306,80,21005.932063
1326.308008,72,21006.278064
1273.979988,59,21006.560064
1224.290453,59,21006.841063
1317.713122,67,21007.150871
1254.032085,69,21007.483871
1206.337912,49,21007.72787
1300.0396,60,21008.00643
1336.493666,66,21008.302456
1228.937521,47,21008.545429
1222.993461,56,21008.80543
1305.522287,60,21009.109992
1205.842385,47,21009.353992
1310.380851,72,21009.682992
1179.295854,38,21009.881992
1227.803298,51,21010.134607
1302.940482,70,21010.478608
1346.45161,74,21010.818608
1272.123716,62,21011.102233
1210.679652,53,21011.358233
1295.507703,75,21011.706232
1347.724694,70,21012.049865
1178.421972,44,21012.271866
1248.268176,55,21012.531865
1253.391871,56,21012.799865
1118.115523,35,21012.991508
1262.788809,59,21013.261507
1264.410367,72,21013.586507
1246.241839,64,21013.876507
1181.486382,41,21014.08913
1340.697171,76,21014.470129
1264.295365,61,21062.810975
1201.736781,53,21063.077599
1319.716977,78,21063.462598
1300.001346,56,21063.721601
1268.390762,57,21063.986215
1253.848494,58,21064.275215
1200.109994,46,21064.507215
1186.770135,46,21064.733215
1246.48189,52,21064.985844
1294.518784,67,21065.299844
172.902073,78,21065.656844
1331.714246,66,21065.963481
1177.414084,40,21066.175481
1263.470114,53,21066.432481
1249.951886,60,21066.728481
1298.066735,63,21067.023122
1281.030442,60,21067.326122
1236.76028,60,21067.624122
1190.653408,42,21067.846122
1331.644686,62,21068.130763
1233.408852,52,21068.390763
1298.470111,62,21068.685764
1310.053215,74,21069.03939
1326.21916,67,21069.34339
1155.219642,40,21069.55439
199.692151,53,21069.80239
1196.71312,54,21070.064966
1234.820914,51,21070.326965
1265.212059,53,21070.600965
1253.822958,52,21070.865965
1205.800763,46,21071.100612
1199.607553,45,21071.333612
1324.541559,66,21071.667612
1211.954658,44,21071.893613
1240.831914,51,21072.141219
1252.472111,56,21072.422219
1302.222518,63,21072.717219
1217.025823,52,21072.964838
1279.488519,59,21073.243838
1199.562467,47,21073.478838
1290.464561,70,21073.802838
1286.967593,69,21074.135466
1242.702237,57,21074.409466
1228.044543,48,21074.663466
1271.948939,56,21074.928
1244.655703,50,21075.179001
1253.673423,53,21075.45492
1230.45996,47,21075.69692
1283.964482,71,21076.026556
60.809705,35,21076.239555
179.043811,71,21076.626558
209.383802,67,21077.013104
198.704097,55,21077.340104
192.037097,73,21077.763104
107.564562,44,21078.032713
145.394443,79,21078.469717
108.792513,39,21078.714717
173.858452,54,21079.022344
234.784134,69,21079.419341
150.258868,57,21079.722341
111.06609,43,21079.974883
164.676638,62,21080.295883
223.062318,65,21080.654883
195.988694,57,21080.976521
206.260237,75,21081.389545
115.58484,45,21081.652542
219.063475,60,21081.992104
60.479313,33,21082.192104
207.608672,58,21082.523104
164.27496,55,21082.842104
195.197714,63,21083.16867
174.387848,69,21083.526671
196.121981,55,21083.843672
140.349793,59,21084.167304
122.943188,40,21084.411307
118.541472,44,21084.670305
212.847814,60,21085.002942
233.692776,65,21085.359944
183.678105,55,21085.675944
239.203174,63,21086.028513
216.75959,61,21086.353142
51.941382,35,21086.561143
127.64878,47,21086.838142
235.178409,73,21087.257683
170.413403,58,21087.578683
115.286707,41,21087.820683
80.945519,40,21088.052299
185.31879,55,21088.366299
217.426442,59,21088.677301
202.781023,56,21088.973845
177.669814,60,21089.284844
212.731391,57,21089.616844
70.879141,38,21089.854845
112.817817,42,21090.112419
190.587982,65,21090.450419
136.275833,47,21090.72142
187.752743,55,21091.025949
192.811202,56,21091.323949
168.112035,58,21091.629949
236.876152,69,21091.991571
122.942657,53,21142.844624
39.959139,33,21143.057271
198.857281,60,21143.383271
213.970619,61,21143.749271
236.60652,62,21144.085914
218.230271,65,21144.444914
194.866953,64,21144.804911
78.112411,41,21145.052457
199.706244,61,21145.404457
220.413164,67,21145.78046
85.847819,40,21146.022995
206.922349,67,21146.394995
111.317747,47,21146.676996
226.343846,78,21147.130608
190.140851,52,21147.425607
99.475255,42,21147.679607
197.728334,57,21147.991247
167.074322,58,21148.322247
224.607855,69,21148.699247
200.777983,65,21149.049823
93.308336,44,21149.312823
177.170723,57,21149.631824
42.15639,34,21149.847823
135.599315,45,21150.113444
147.368114,48,21150.400443
201.812031,58,21150.748445
192.769091,60,21151.082982
160.391847,72,21151.449979
236.284454,64,21151.784981
154.950142,49,21152.083622
196.98812,58,21152.430622
62.739551,41,21152.683622
114.863232,45,21152.945169
198.039049,69,21153.324264
225.510789,59,21153.653267
169.822386,52,21153.964899
139.010455,61,21154.321897
230.98323,63,21154.681897
119.043735,47,21154.947528
154.204833,49,21155.232527
150.001089,46,21155.514527
102.392134,39,21155.759526
156.530186,57,21156.075152
199.010007,58,21156.421153
156.216866,52,21156.711152
159.253509,52,21157.015795
121.945766,60,21157.352795
212.843864,72,21157.734796
258.099594,70,21158.151419
79.233872,39,21158.394419
166.626901,54,21158.703419
160.279207,59,21159.024073
91.125949,38,21159.25807
156.085262,49,21159.552071
136.031264,46,21159.83007
113.254284,43,21160.091653
159.547017,54,21160.393652
164.13941,58,21160.721653
191.002926,54,21161.039271
178.393747,57,21161.352271
147.882175,58,21161.693271
160.084056,49,21161.989833
168.326246,49,21162.287833
181.929245,56,21162.602833
124.522727,46,21162.860833
186.00792,68,21163.227444
148.865685,47,21163.501444
149.454325,65,21163.881446
150.146869,55,21164.186509
189.152523,68,21164.582509
232.410726,71,21164.970137
138.708519,47,21165.258137
220.019203,69,21165.622138
233.901083,72,21166.041757
132.992548,46,21166.307759
170.529147,50,21166.599757
182.329246,65,21166.935374
140.803636,60,21167.272374
174.435896,54,21167.571374
245.729582,67,21167.970923
177.975105,52,21168.263924
191.191498,64,21168.629923
71.722019,37,21168.865923
261.979645,71,21169.285532
132.922888,83,21169.737532
216.104696,59,21170.092074
213.25934,60,21170.424613
129.329512,49,21170.712613
189.449094,62,21171.078232
194.645928,58,21171.406232
166.687062,51,21171.689233
104.199899,36,21171.908234
191.871311,71,21172.276858
176.051188,54,21172.588858
190.540615,51,21172.862858
154.541427,60,21173.183394
182.959859,63,21173.509394
207.879164,56,21173.838393
188.86074,55,21174.162924
96.267232,55,21174.474924
124.231697,41,21222.006874
135.271367,52,21222.295874
225.554243,64,21222.652874
184.879609,56,21222.96441
226.488478,65,21223.331411
154.714035,49,21223.614412
188.139051,52,21223.893412
204.633607,59,21224.214033
225.061245,66,21224.567037
180.660591,55,21224.879033
219.581444,62,21225.229651
114.377839,43,21225.502651
150.191562,59,21225.838651
145.80496,59,21226.173267
251.216518,72,21226.588267
92.28325,40,21226.837062
182.102478,73,21227.252626
96.370816,41,21227.501626
168.982577,67,21227.862625
229.712496,63,21228.218275
176.341488,73,21228.617278
146.615037,48,21228.911275
96.954325,42,21229.170809
154.416436,63,21229.538809
201.419468,64,21229.91445
193.088893,59,21230.24245
96.075403,42,21230.49745
188.854058,71,21230.88645
173.705734,67,21231.276091
104.543897,45,21231.547091
171.525016,57,21231.881092
175.131609,58,21232.197646
99.063749,45,21232.467646
216.943337,65,21232.855645
209.054069,60,21233.187622
62.366809,36,21233.412622
118.292145,51,21233.716622
199.900985,65,21234.085261
170.943661,63,21234.446261
162.287668,50,21234.73226
108.253417,46,21235.007884
170.569268,65,21235.390884
233.983013,67,21235.782884
232.813626,63,21236.157499
94.236209,47,21236.438499
182.811737,56,21236.777248
97.291084,44,21237.037861
182.547381,58,21237.345861
149.680534,59,21237.671861
104.435498,43,21237.926485
194.724232,54,21238.217485
146.820604,53,21238.531485
202.19865,70,21238.93312
186.502163,53,21239.259117
190.902911,60,21239.593117
223.560653,66,21239.975754
85.930089,38,21240.203755
212.224647,77,21240.607755
84.005168,40,21240.851757
74.777552,39,21241.089324
66.127143,37,21241.322324
175.553577,57,21241.640324
175.442065,50,21241.929855
144.480841,50,21242.229856
182.213169,59,21242.560856
176.136272,50,21242.829855
143.515661,45,21243.093482
131.618007,49,21243.373483
194.487479,56,21243.675482
133.559929,45,21243.92913
159.033858,66,21244.27313
98.510073,43,21244.53713
121.019771,57,21244.86813
244.472487,65,21245.243659
55.304942,35,21245.465659
80.567905,42,21245.719659
156.859547,64,21246.081277
186.068368,61,21246.437279
225.787948,60,21246.774278
119.304713,44,21247.032927
98.632522,52,21247.329927
100.092638,43,21247.591927
230.402121,66,21247.972991
218.123395,59,21248.28499
115.795122,48,21248.557992
171.831019,54,21248.883992
26.654237,31,21249.087535
155.07882,54,21249.390535
200.204243,65,21249.744535
230.321329,60,21250.091158
180.014628,52,21250.374158
204.342543,74,21250.762157
113.043548,57,21251.083797
98.466194,45,21251.342798
184.33301,55,21251.664798
155.903617,51,21251.949442
201.680178,71,21252.340441
37.345183,33,21252.545614
152.420438,66,21252.908614
167.113939,69,21253.29425
102.506169,40,21302.784379
175.950234,51,21303.082011
241.423555,61,21303.443011
171.917907,52,21303.733011
101.476205,45,21304.002583
156.880229,52,21304.295622
106.530935,44,21304.562579
78.029771,40,21304.795579
77.18047,40,21305.029226
147.74865,48,21305.313226
131.103897,47,21305.589227
133.044103,55,21305.898759
148.869342,49,21306.18337
147.351652,47,21306.445371
184.51292,59,21306.776371
197.786161,62,21307.145904
207.126943,64,21307.523905
179.576497,63,21307.867904
164.764511,50,21308.172513
188.006435,59,21308.518512
82.481405,38,21308.753511
123.109608,46,21309.031039
210.651575,65,21309.40704
193.772685,69,21309.776043
100.887249,44,21310.030586
158.043689,62,21310.381583
77.147338,39,21310.610583
184.598841,54,21310.916204
199.341718,53,21311.195204
101.378121,43,21311.455208
66.237723,39,21311.699206
120.202289,50,21311.989825
189.833118,56,21312.309807
184.841237,55,21312.618807
66.556363,38,21312.832807
65.072191,36,21313.042353
128.113374,51,21313.315353
216.981564,65,21313.665358
147.204841,46,21313.935039
201.690291,65,21314.277036
181.629548,53,21314.573038
196.293529,60,21314.905036
142.941977,55,21315.216657
157.048844,55,21315.526656
204.401394,62,21315.870657
135.256481,52,21316.165304
45.990129,33,21316.377305
200.413546,64,21316.734304
173.66764,53,21317.036969
200.869818,65,21317.38897
202.538011,70,21317.780968
89.755105,40,21318.031589
203.218401,65,21318.413589
214.008376,64,21318.768589
183.309597,61,21319.135222
153.350971,61,21319.470222
143.427271,55,21319.780223
93.778884,40,21320.020854
58.812169,32,21320.228856
134.369201,49,21320.520854
95.17802,37,21320.756853
179.862064,54,21321.083482
106.483395,43,21321.334517
244.545921,77,21321.765481
163.482836,66,21322.127118
103.724805,50,21322.403119
151.594572,68,21322.771883
168.349996,59,21323.110513
202.760211,64,21323.447513
79.581871,41,21323.688513
192.260851,66,21324.034046
155.250074,52,21324.324046
204.383822,64,21324.655046
166.07984,62,21324.976667
114.465447,44,21325.228667
230.972554,64,21325.572668
214.317011,63,21325.898667
157.443154,53,21326.184206
192.542169,54,21326.494208
204.102593,77,21326.93581
78.068249,43,21327.189812
178.087767,55,21327.516811
175.090458,61,21327.87781
154.679102,68,21328.255428
39.00853,34,21328.469427
100.717578,43,21328.734428
178.645021,79,21329.14699
91.129112,44,21329.40799
166.463898,50,21329.694301
142.309545,58,21330.024857
143.235226,52,21330.303857
144.014918,61,21330.623857
210.162471,59,21330.934497
109.833189,48,21331.203497
213.031147,63,21331.536498
169.542153,51,21331.8355
181.306913,62,21332.16807
219.425073,74,21332.58307
191.256935,57,21332.903071
208.16265,79,21333.360712
135.58047,47,21379.059474
186.468511,61,21379.376472
167.644458,53,21379.652471
212.832739,61,21379.992043
153.368181,64,21380.337113
105.023385,46,21380.583111
139.332579,49,21380.872111
180.787169,76,21381.282722
218.817605,56,21381.574722
211.218115,73,21381.95935
207.036275,59,21382.272483
184.482972,61,21382.592484
131.887726,50,21382.866483
95.266677,49,21383.156107
231.491428,74,21383.560108
129.121651,48,21383.840107
95.705649,43,21384.095759
144.163104,65,21384.476759
251.507738,71,21384.85976
133.05275,55,21385.171311
139.340905,51,21385.474311
35.247648,32,21385.685312
78.707126,36,21385.915311
131.471256,45,21386.196954
209.580187,60,21386.525957
164.546584,62,21386.863954
95.571014,41,21387.111539
160.605626,69,21387.495539
198.509031,76,21387.925181
186.991426,53,21388.232181
213.530597,57,21388.578181
107.463086,45,21388.849181
135.254438,51,21389.13685
219.406214,69,21389.515849
169.684615,51,21389.806849
86.835133,50,21390.104477
225.398037,61,21390.442477
153.629208,54,21390.752478
142.95906,46,21391.034021
129.358429,47,21391.310022
128.458134,57,21391.632022
104.267605,37,21391.862022
92.878545,45,21392.119644
224.306195,77,21392.547644
141.571981,60,21392.864643
210.926857,64,21393.213286
200.715527,59,21393.528286
172.700261,75,21393.916812
182.253916,58,21394.253812
95.834428,42,21394.509813
228.921892,73,21394.937434
191.636495,56,21395.241435
119.718064,41,21395.486435
201.432357,55,21395.778435
112.460423,53,21396.09207
197.274049,57,21396.434068
119.050597,44,21396.683068
163.000265,52,21396.966639
1157.142586,39,21397.178639
1305.368299,67,21397.511639
1293.428068,59,21397.791639
1202.169574,55,21398.053269
1215.790998,60,21398.348269
1319.222527,64,21398.678269
1162.987389,39,21398.882269
1257.883254,60,21399.156883
1213.727788,47,21399.397883
1239.11511,51,21399.649883
1301.848242,67,21399.954499
1201.162728,55,21400.2265
1260.112359,61,21400.5285
1288.944767,56,21400.816499
1312.943174,61,21401.121127
1193.58791,45,21401.351127
1308.080259,65,21401.674127
1296.663263,77,21402.044674
1251.027652,62,21402.329674
1301.142015,75,21402.689674
1176.266663,43,21402.911792
1293.014601,58,21403.213307
1266.694005,56,21403.484305
1289.794029,66,21403.809304
1266.023859,56,21404.072948
1285.154288,60,21404.352948
1193.48227,66,21404.682947
1230.466803,50,21404.936558
1232.438598,49,21405.190558
1278.153405,71,21405.516355
1300.041297,63,21405.818356
1292.980671,65,21406.139995
1248.899381,60,21406.437996
1276.827326,71,21406.761996
1232.239384,63,21407.045527
1220.566623,54,21407.305527
1299.627776,82,21407.685762
125.283285,44,21407.935378
191.230451,57,21408.253378
189.57875,73,21408.661379
186.267906,60,21409.016968
255.324505,67,21409.382968
235.821671,60,21459.664804
106.485286,46,21459.939454
146.396365,47,21460.219454
191.672117,54,21460.525454
246.328168,68,21460.925985
79.939461,40,21461.172985
155.437121,50,21461.470985
249.567712,68,21461.871985
186.378389,68,21462.243605
190.609887,69,21462.607605
220.530515,63,21462.953544
182.384362,61,21463.285544
190.618759,64,21463.632545
262.255955,69,21464.036076
146.831367,59,21464.370078
136.388254,60,21464.712077
186.414293,67,21465.079631
108.191136,44,21465.353629
215.488219,68,21465.742629
84.365086,43,21465.991256
218.4915,65,21466.334255
112.991608,40,21466.574255
215.833983,63,21466.920855
141.983214,53,21467.230856
193.129498,69,21467.620855
69.19744,40,21467.864856
176.313037,62,21468.210492
263.868688,68,21468.617493
169.729761,54,21468.923108
172.232193,54,21469.241108
180.478324,70,21469.622108
117.933772,43,21469.873109
235.750613,64,21470.239749
215.085814,59,21470.592749
125.777159,48,21470.88175
195.267704,66,21471.252368
174.689769,64,21471.599368
195.060692,71,21471.963985
226.665697,61,21472.298985
164.157589,52,21472.599988
237.887415,75,21473.006619
131.671781,44,21473.271619
165.514265,55,21473.593619
220.710645,62,21473.963237
174.324856,52,21474.270236
227.997479,73,21474.687237
217.521959,69,21475.043785
158.383687,60,21475.369784
237.295636,60,21475.702319
128.188767,50,21475.988943
180.771641,73,21476.373943
156.186698,55,21476.676943
164.538818,55,21476.993492
106.341314,49,21477.279279
231.133749,78,21477.703279
195.93212,76,21478.121819
184.636949,52,21478.426819
145.994887,46,21478.706819
157.801679,58,21479.03843
97.057783,42,21479.298429
114.33208,40,21479.54843
211.568405,75,21479.959016
126.695968,47,21480.229015
129.339582,62,21480.578015
190.15337,55,21480.889015
113.774849,60,21481.240658
131.670685,48,21481.52666
158.98257,56,21481.856329
223.319453,67,21482.229959
87.997776,42,21482.476961
217.492388,64,21482.833958
173.000587,56,21483.139571
152.06395,53,21483.444571
203.518359,55,21483.756573
80.532286,40,21484.002216
221.927906,64,21484.356216
216.901022,60,21484.708219
166.941811,53,21485.023899
200.301177,70,21485.403895
182.501614,64,21485.770895
233.117828,63,21486.118521
95.548897,47,21486.396521
133.000287,46,21486.675521
194.339514,59,21487.001054
81.806625,37,21487.233054
116.040334,52,21487.537055
229.116393,60,21487.903139
88.095462,54,21488.221678
96.886491,43,21488.486677
89.04599,41,21488.731677
114.624014,56,21489.051037
192.387384,74,21489.452037
231.380492,62,21489.794039
111.124441,40,21490.038605
134.549656,64,21490.415607
157.035907,58,21490.736606
157.873196,65,21491.123227
129.719338,46,21491.395227
199.754939,59,21491.717227
66.213826,41,21491.959852
143.161242,58,21539.946876
199.290045,59,21540.266876
157.321271,49,21540.557876
158.144961,50,21540.858876
252.390027,63,21541.235482
41.049907,33,21541.448481
113.211066,46,21541.720481
97.936729,43,21541.980066
140.348501,48,21542.253066
195.273616,56,21542.552069
215.434684,74,21542.979696
167.103229,60,21543.334698
101.280064,45,21543.600699
123.601582,46,21543.868696
108.302402,44,21544.136312
145.241161,48,21544.424314
244.88757,65,21544.8016
91.3085,47,21545.076244
228.068705,65,21545.438244
226.563129,70,21545.823245
169.267342,52,21546.130816
196.981,57,21546.450843
196.60239,53,21546.749815
1136.792996,37,21546.957465
1215.904549,53,21547.215465
1133.768563,39,21547.419465
1323.56012,66,21547.720465
1231.050447,61,21548.021108
1239.860111,50,21548.274107
1331.711133,67,21548.595109
1266.624991,62,21548.903107
1157.814056,40,21549.108724
1165.474044,43,21549.328724
1199.061885,54,21549.598725
1314.350875,62,21549.906724
1229.357647,46,21550.140357
1314.921677,78,21550.524358
1209.915279,47,21550.766358
1223.242756,52,21551.019928
1353.79818,69,21551.333927
1273.142103,62,21551.622928
1149.365041,41,21551.836928
1292.951285,63,21552.12698
1242.575468,66,21552.42598
1315.583355,59,21552.703979
1190.758016,45,21552.9336
1303.579595,66,21553.2376
1316.884072,70,21553.5786
1267.605489,58,21553.8596
1288.763156,72,21554.187128
1182.11991,44,21554.408128
1304.586661,81,21554.781128
1145.454812,39,21554.986699
1219.79114,57,21555.2607
1304.51626,71,21555.587699
1185.725164,43,21555.809699
1340.651241,67,21556.150351
1305.831649,59,21556.453391
1208.354666,49,21556.699349
1256.906326,62,21556.98099
1265.01256,78,21557.336991
1182.518454,48,21557.57899
1185.146705,46,21557.810991
1135.086592,36,21558.00553
1202.209533,51,21558.24753
1250.977557,52,21558.49853
1270.591738,61,21558.803531
1253.014089,64,21559.091064
1207.109776,46,21559.329064
1200.715148,49,21559.572064
1308.468467,58,21559.842065
1199.33074,45,21560.076654
1272.749929,54,21560.349654
1229.058202,48,21560.597654
1341.667185,78,21560.985283
1338.471075,77,21561.368786
1269.823191,53,21561.642781
1225.556041,59,21561.934419
1290.058544,62,21562.230419
1290.636491,73,21562.560419
1308.701767,62,21562.874423
1302.990782,61,21563.169955
1320.815985,63,21563.481955
1271.203406,63,21563.796955
1314.161446,63,21564.099579
1240.623743,54,21564.365579
1264.851116,57,21564.638579
1142.869421,40,21564.84832
1316.634327,70,21565.172944
1223.66564,52,21565.429947
1266.112741,55,21565.695944
1172.032711,45,21565.922578
1287.571216,63,21566.215579
1255.37002,59,21566.486578
1210.712416,53,21566.737578
1225.289266,55,21567.002208
1251.276761,53,21567.259208
1231.779388,49,21567.511208
1203.774732,44,21567.743888
168.069961,71,21568.063524
1332.255656,66,21617.606514
1255.939847,66,21617.909642
1218.223421,57,21618.189149
1237.151649,50,21618.440148
1313.840523,65,21618.745148
1216.673878,52,21618.989765
1208.390748,52,21619.242764
1305.12474,62,21619.549764
1212.761226,47,21619.785764
1274.43386,74,21620.120398
1332.162933,64,21620.416398
1240.242792,55,21620.6744
1306.340009,74,21621.014952
1130.874181,37,21621.208952
1249.98867,53,21621.474952
1186.836178,46,21621.706953
1184.776857,46,21621.935877
1282.318564,57,21622.219877
1285.945003,59,21622.519877
1307.81645,58,21622.791877
1313.656135,71,21623.115476
1222.348668,56,21623.375476
1290.866704,58,21623.673476
1252.552584,66,21623.994024
1195.831632,43,21624.223024
1216.231573,45,21624.457024
1193.750718,38,21624.658023
1311.530282,59,21624.935643
1259.115699,55,21625.198643
1316.367658,60,21625.504642
1268.701074,65,21625.825642
1249.735727,54,21626.085267
1306.95188,63,21626.401266
1285.707611,56,21626.668267
1285.854015,64,21626.98091
1307.215871,63,21627.272912
1195.665498,46,21627.500911
1296.329454,60,21627.80491
1290.404739,79,21628.168557
1194.328411,45,21628.395557
1171.759956,39,21628.597557
1245.062468,65,21628.908557
1257.440085,54,21629.164192
1238.079142,55,21629.420192
-92.021314,93,21629.850192
1262.064599,62,21630.150806
1186.734907,44,21630.376808
1181.244778,49,21630.624806
1247.253106,54,21630.894892
1210.156106,53,21631.160515
1286.256613,63,21631.478515
1217.775667,47,21631.725516
1210.068401,54,21631.987126
1224.037991,51,21632.233126
1278.312768,56,21632.521126
1300.043426,59,21632.825125
1169.031722,40,21633.036663
1314.35941,64,21633.343664
1243.836935,55,21633.613665
1272.333511,69,21633.954262
1309.242173,75,21634.317265
1230.493652,56,21634.589266
1320.676293,78,21634.975902
1262.783909,77,21635.325901
1351.726898,78,21635.711901
1270.278947,75,21636.047542
1315.935938,62,21636.334542
1245.870947,64,21636.623543
1289.426968,65,21636.938077
1187.726003,47,21637.168077
1286.841451,56,21637.432076
1306.782855,62,21637.736077
1313.664265,69,21638.079714
1340.75117,66,21638.419713
1326.878632,63,21638.711713
1245.376272,59,21638.990369
1279.382655,58,21639.260368
1336.732833,69,21639.606368
1212.929646,46,21639.848368
1237.442151,58,21640.13594
1222.735397,57,21640.41894
1340.179532,72,21640.784608
1361.069006,71,21641.14424
1339.240814,67,21641.48424
1274.653528,55,21641.74724
1189.333279,47,21641.98589
1284.154961,58,21642.25789
1202.283765,49,21642.501891
1333.806803,78,21642.889893
1322.512477,62,21643.204538
187.070008,75,21643.543538
1173.927954,45,21643.77354
1232.785957,52,21644.021187
1345.660824,66,21644.324187
1230.31322,52,21644.571187
1305.362226,67,21644.886186
1189.438668,53,21645.147716
1240.944203,62,21645.454716
1192.2745,40,21645.663716
1303.766087,61,21645.952357
1281.270879,56,21692.982499
1204.106343,46,21693.213499
1227.111746,55,21693.466501
1217.157008,47,21693.711499
1314.067137,59,21693.984125
1262.507612,53,21694.256125
1199.227009,58,21694.545125
1316.223757,67,21694.861125
1291.139085,59,21695.136761
1303.407068,71,21695.45976
1218.65554,48,21695.70576
1221.527784,51,21695.954391
1234.978388,47,21696.196431
1232.419255,49,21696.444389
1262.482518,60,21696.718388
1282.729542,57,21696.987014
1200.152829,45,21697.217014
1342.20295,69,21697.568015
1208.307628,56,21697.845015
1280.807404,69,21698.161649
1306.156713,68,21698.47265
1187.492831,44,21698.69592
1326.08277,74,21699.068562
1229.387381,50,21699.313562
1266.167275,67,21699.645563
1256.733361,51,21699.913565
1303.41291,58,21700.187105
1338.131559,73,21700.549105
1221.431672,57,21700.816105
1215.593409,54,21701.067646
1188.233599,47,21701.306646
1300.05713,59,21701.606646
1283.585296,74,21701.944288
1310.712015,70,21702.267288
1257.139644,56,21702.539286
1309.59615,61,21702.852286
1244.034116,64,21703.164869
1268.962726,73,21703.49087
1274.5142,65,21703.784869
1322.305829,75,21704.124494
1275.093771,58,21704.405494
1268.106134,61,21704.710495
1239.799734,49,21704.963121
1276.833609,71,21705.283121
1208.513305,47,21705.520121
1211.576942,45,21705.760121
1255.347073,52,21706.022747
1307.14392,62,21706.304747
1229.404952,46,21706.539747
1282.354343,71,21706.895747
112.923711,40,21707.123366
225.636414,59,21707.467366
117.303395,49,21707.751366
121.489904,49,21708.031016
123.143713,47,21708.301017
229.813726,70,21708.667017
255.626666,67,21709.019657
1274.206159,54,21709.279657
1309.324148,64,21709.575657
1209.970414,50,21709.815657
1319.614965,62,21710.104256
1324.706205,67,21710.417255
1191.872646,49,21710.659255
1322.695807,65,21710.973817
1112.567009,35,21711.162817
1295.811512,60,21711.459817
1207.189543,53,21711.708817
1299.023565,57,21711.977439
1341.875467,77,21712.363439
1332.566827,63,21712.685583
1282.304688,55,21712.971205
1206.558848,51,21713.221205
1124.097926,34,21713.405205
1271.663725,55,21713.676205
1268.292003,55,21713.956847
1292.643842,70,21714.285846
1322.115666,68,21714.601846
1282.183507,55,21714.886846
1207.952757,48,21715.124454
1354.317635,71,21715.481454
1260.207281,64,21715.800455
1237.435462,51,21716.05308
1288.67644,71,21716.38008
1236.067645,48,21716.627083
1178.429746,45,21716.85508
1309.854559,61,21717.167719
1226.048619,55,21717.439719
1196.263248,47,21717.67172
1305.411948,69,21717.988229
1180.428347,45,21718.215229
1206.544051,42,21718.432229
1176.742197,39,21718.636229
1182.105032,47,21718.872229
1148.304046,40,21719.080813
1320.915211,75,21719.422814
1310.904973,66,21719.750815
1269.278908,55,21720.029447
1161.446571,38,21720.235449
1275.492904,61,21720.543466
1249.548235,62,21720.839448
1339.875065,67,21771.50443
1188.683929,46,21771.73543
1287.758778,72,21772.059054
1210.444272,44,21772.285054
1199.78947,52,21772.538056
1339.100536,67,21772.879055
1212.945227,45,21773.115704
1133.255091,39,21773.317702
1209.53656,41,21773.530702
1137.371509,39,21773.737702
1348.034098,71,21774.096343
1172.737978,44,21774.321324
1293.711701,60,21774.622227
1220.948367,52,21774.877227
1248.520133,60,21775.156865
1322.760141,61,21775.440865
1303.16653,60,21775.750865
1239.640421,54,21776.021505
1247.535189,57,21776.289503
1209.978284,56,21776.568503
1338.212217,65,21776.905504
1132.709873,39,21777.110031
1293.51099,58,21777.411031
1275.099953,55,21777.675032
1261.753288,55,21777.937675
1251.183706,83,21778.319673
1309.838433,75,21778.665673
1226.264647,53,21778.922241
1242.791112,52,21779.190616
1300.770903,68,21779.498615
1238.040413,57,21779.772615
1288.800807,62,21780.071257
1337.247012,66,21780.375257
1354.519936,76,21780.757257
1243.780195,53,21781.028883
1297.150906,58,21781.301883
1158.426649,43,21781.523883
1180.870359,40,21781.733883
1310.634163,63,21782.027506
1286.360192,59,21782.311507
1195.137468,46,21782.544506
1320.533885,76,21782.898505
1355.553289,71,21783.256043
1230.763362,51,21783.507043
1326.922109,67,21783.821043
1225.812011,51,21784.069697
1351.319203,67,21784.377697
1162.304581,43,21784.597699
1347.147183,67,21784.941327
1310.069945,63,21785.255327
1296.366021,58,21785.528327
1287.765178,59,21785.823327
1174.283183,44,21786.049898
1317.260685,65,21786.346898
1185.922139,42,21786.563898
1183.56067,45,21786.792898
1227.977765,50,21787.037531
1255.122607,58,21787.307533
1305.899637,66,21787.62553
1156.69709,45,21787.85453
1219.200246,52,21788.113177
1215.671659,43,21788.335176
1215.040479,57,21788.601176
1298.026103,78,21788.953794
1248.134964,52,21789.217557
1241.004033,55,21789.491557
1359.93199,79,21789.882557
1270.2516,57,21790.167174
1327.235179,67,21790.501174
1198.390666,47,21790.735173
1154.258499,42,21790.950799
1329.984241,66,21791.283798
1331.258447,69,21791.607799
1232.920099,52,21791.8638
1170.667498,43,21792.082378
43.818845,88,21792.488379
1319.938128,79,21792.851376
1289.924592,66,21793.152923
1238.915213,48,21793.39592
1100.400372,33,21793.576921
1153.860465,37,21793.77592
1265.507597,56,21794.045564
1271.932653,57,21794.328562
1219.833061,49,21794.572562
1254.541571,56,21794.850561
1201.987102,42,21795.068143
1323.86122,81,21795.471143
1240.444945,64,21795.793144
1267.638464,55,21796.077716
1314.233285,67,21796.411716
1138.773608,40,21796.617718
1176.895506,44,21796.841716
1179.783283,41,21797.057358
1179.256421,43,21797.282358
1288.951291,65,21797.585358
9.436615,36,21797.780358
1211.28551,50,21798.03299
1346.211608,71,21798.38799
1331.072146,74,21798.743991
201.974684,79,21799.105554
1282.356499,74,21846.235912
1162.777228,39,21846.441912
1310.046987,65,21846.765912
1284.654391,60,21847.048547
1168.381884,45,21847.273544
1258.083785,58,21847.556544
1241.653017,58,21847.842544
1348.434305,68,21848.183131
1188.884235,47,21848.419131
1328.970698,64,21848.743132
1155.217566,42,21848.961768
1250.647141,62,21849.254768
1203.013653,48,21849.494768
1252.280108,56,21849.764768
1312.585563,66,21850.071635
1163.274442,42,21850.290634
1258.511419,59,21850.563634
1318.465945,62,21850.864634
1317.686233,60,21851.143586
1259.177352,63,21851.442586
1208.392996,55,21851.715586
1348.474441,76,21852.100212
1296.581932,70,21852.414212
1265.460652,56,21852.692212
1285.217471,61,21852.978782
1332.662064,64,21853.303782
1238.926772,58,21853.582783
1247.167311,54,21853.842783
1205.16208,47,21854.081407
1267.934321,53,21854.352409
1333.072175,74,21854.708409
1302.514598,63,21855.003043
1188.829533,44,21855.228044
1218.23622,44,21855.453043
1318.934931,61,21855.739047
1219.863113,53,21855.991586
1329.797322,66,21856.320586
1278.689842,68,21856.630587
1369.309589,72,21856.990203
1240.174503,54,21857.247205
1306.872206,59,21857.539205
1235.3708,59,21857.834553
1167.530182,43,21858.05321
1210.803043,47,21858.293209
1310.719344,66,21858.596209
1316.86884,72,21858.927751
1187.609175,48,21859.166751
1333.158195,75,21859.513751
1258.032706,56,21859.793752
1321.510342,71,21860.142359
1256.647986,59,21860.43636
1210.241054,53,21860.687359
1316.139531,74,21861.055983
1275.440531,58,21861.329983
1296.617549,70,21861.672984
1244.872159,50,21861.926615
1343.882723,75,21862.305615
1332.882846,64,21862.631615
1200.323448,44,21862.863615
1325.6237,70,21863.206241
1200.429861,44,21863.437241
1213.913239,56,21863.708241
1314.103775,75,21864.0777
1308.186568,75,21864.4337
1341.661613,71,21864.761701
1333.138336,77,21865.116328
1168.555162,39,21865.319354
1227.203447,55,21865.584327
1263.178946,67,21865.915328
1306.903644,63,21866.208996
1265.863427,66,21866.509992
1298.576896,62,21866.805992
1278.634706,60,21867.085538
1304.2586,71,21867.405537
1330.148901,64,21867.723537
1242.248027,48,21867.967078
1258.396432,56,21868.230078
1175.533612,42,21868.448119
1301.337103,69,21868.794996
1217.063574,47,21869.034618
1309.323957,70,21869.357617
1262.386652,64,21869.652619
1237.09827,50,21869.909617
1254.156269,59,21870.181188
1319.991237,62,21870.491187
1310.900767,66,21870.796188
1271.803759,54,21871.05681
1246.774453,57,21871.339811
1247.903617,57,21871.60481
1278.040299,63,21871.917418
1164.986259,42,21872.133419
1186.073682,44,21872.36242
1247.238499,52,21872.618419
1251.921559,57,21872.903418
1284.271176,57,21873.176983
1354.068751,69,21873.489983
1294.475715,65,21873.791984
1271.317673,65,21874.087528
1178.189337,41,21874.30253
1313.410375,66,21874.608531
1184.821559,43,21924.519278
1147.402115,37,21924.715277
1318.721816,62,21925.033896
1293.255836,58,21925.306897
1320.317205,73,21925.643897
1316.785934,64,21925.96447
1189.894703,46,21926.200469
1251.863319,51,21926.448469
1195.276287,46,21926.68447
1167.148212,44,21926.909005
1276.854538,56,21927.188006
1234.961203,56,21927.458005
1310.728232,64,21927.758006
1191.155384,42,21927.978636
1339.25614,69,21928.294636
1297.44744,59,21928.571637
1313.433683,67,21928.881636
1261.316677,61,21929.162169
1346.678595,71,21929.487169
1223.559423,55,21929.750169
1346.632054,69,21930.066797
1352.002395,69,21930.411798
1293.248419,64,21930.727799
1243.362763,52,21930.996427
1322.622593,63,21931.294426
1230.750624,54,21931.553426
1192.433941,39,21931.757427
1241.775136,59,21932.033974
1257.280556,56,21932.298975
1364.349222,68,21932.606976
1285.879313,60,21932.905585
1327.091636,63,21933.21959
1144.695784,42,21933.437591
1310.305211,72,21933.768596
1283.495757,57,21934.062244
1250.146953,53,21934.318244
1311.776799,61,21934.631247
1234.38974,62,21934.93987
1258.789516,58,21935.22587
1232.515687,57,21935.49887
1256.162853,54,21935.76987
1224.949128,51,21936.026509
1202.521186,50,21936.271508
1303.376578,68,21936.585508
1300.555265,71,21936.905509
1264.466308,54,21937.164151
1221.08447,55,21937.426152
1307.205951,68,21937.744152
1132.59934,41,21937.958806
1337.297511,62,21938.244806
1320.256754,62,21938.548807
1242.224752,65,21938.871807
1277.749344,57,21939.159415
1211.042595,44,21939.388415
1248.359943,50,21939.641414
1261.748932,59,21939.935055
1321.15343,73,21940.271056
1336.704271,65,21940.606083
1206.637172,46,21940.84508
1317.312432,62,21941.151728
1251.825749,54,21941.411727
1230.772894,57,21941.693727
1323.063537,68,21942.010378
1272.796535,62,21942.318378
1325.744346,65,21942.642378
1273.558234,69,21942.985914
1177.765813,48,21943.224914
1246.70282,63,21943.519914
1157.033056,41,21943.731915
1289.30491,59,21944.01256
1275.869532,64,21944.304558
1318.157114,64,21944.621557
1184.420761,46,21944.855558
1193.515504,47,21945.091104
1168.305561,41,21945.307105
1151.727139,42,21945.522104
1141.26651,39,21945.720104
1156.220552,43,21945.938716
1247.001585,55,21946.196716
1303.678097,66,21946.495716
1203.443823,47,21946.730716
1234.139904,50,21946.981341
1200.905523,48,21947.219341
1200.222134,45,21947.445341
1300.515745,76,21947.783342
1246.3468,51,21948.040877
1157.680664,40,21948.245876
1208.87025,47,21948.484876
1265.08117,57,21948.774877
1323.814387,69,21949.094498
1206.569224,47,21949.336499
1274.234812,56,21949.605497
1191.437471,46,21949.841497
1255.660853,80,21950.207113
1273.413676,62,21950.511112
1264.628055,61,21950.804123
1298.076525,64,21951.102736
1218.196222,50,21951.350736
1300.826948,60,21951.630736
1265.437295,62,21951.916362
1184.16973,46,21997.842398
1278.747481,77,21998.192927
1244.993296,56,21998.463927
1309.466388,65,21998.768927
1265.440936,81,21999.142492
1326.207595,64,21999.439492
1305.600822,64,21999.737491
1281.578588,57,22000.01205
1360.589308,79,22000.40705
1291.955529,63,22000.70105
1223.356871,55,22000.969668
1246.691021,64,22001.282669
1221.836603,53,22001.542674
1259.038559,64,22001.84367
1193.589225,46,22002.076326
1175.604635,43,22002.299325
1169.723725,41,22002.514328
1198.065512,49,22002.761324
1197.153184,50,22003.008966
1212.208277,48,22003.254967
1261.104205,54,22003.527966
1323.573816,73,22003.861966
1310.592536,72,22004.213584
1336.049203,63,22004.498584
1282.599132,57,22004.781584
1203.645281,49,22005.026214
1200.628348,51,22005.273211
1222.873955,52,22005.533212
1286.360454,58,22005.818212
1297.872531,67,22006.150799
1246.588354,61,22006.430799
1326.417905,66,22006.7558
1195.716921,46,22006.988357
1246.069328,58,22007.269357
1319.36191,80,22007.630357
1303.166268,62,22007.937917
1307.938303,60,22008.247917
1264.998185,67,22008.573917
1266.015254,60,22008.860404
1298.129851,59,22009.15603
1189.689375,45,22009.383031
1180.466235,47,22009.62003
1314.251607,75,22009.962612
1219.344286,45,22010.191612
1327.438759,63,22010.482612
1250.46464,50,22010.737615
1233.969357,60,22011.037236
1248.265725,60,22011.326235
1194.121459,51,22011.576234
1333.367177,62,22011.862232
1308.7697,65,22012.162869
1274.002153,56,22012.429869
1311.606305,65,22012.73087
1305.770084,67,22013.060502
1321.251042,64,22013.364501
1318.109934,67,22013.697505
1171.739637,42,22013.919086
1282.657886,58,22014.197085
1319.014527,69,22014.516086
1278.155314,62,22014.805084
1225.23297,55,22015.067729
1214.586358,56,22015.331729
1336.499216,66,22015.667729
1212.456898,48,22015.91473
1293.632772,62,22016.20136
1185.354597,43,22016.425354
1273.51249,59,22016.70635
1160.57877,41,22016.922881
1295.789224,60,22017.228881
1208.985674,50,22017.477881
1324.253381,62,22017.772881
1309.054422,62,22018.064514
1309.129435,62,22018.376518
1237.215164,51,22018.625514
1272.134006,62,22018.93109
1196.369716,50,22019.17909
1312.681397,63,22019.498089
1333.815938,63,22019.785089
1120.934378,36,22019.978619
1267.806371,66,22020.305619
1294.198745,70,22020.650619
1245.266486,55,22020.932245
1259.628091,67,22021.264246
1259.837418,55,22021.527245
1307.034929,71,22021.854245
1120.345573,46,22022.089868
1234.963679,52,22022.350868
1308.783019,64,22022.66887
1300.457554,74,22023.006514
1350.998261,75,22023.373513
1262.642916,59,22023.649514
1278.351602,64,22023.944094
1273.057129,63,22024.248096
1279.010133,55,22024.510096
1313.80087,74,22024.846094
1272.125951,57,22025.131744
1209.909634,52,22025.384744
1176.387292,39,22025.593744
1150.541628,38,22025.792744
1279.921469,61,22026.080353
1146.663481,37,22075.14362
1219.533302,50,22075.393621
1241.821988,52,22075.644619
1259.757361,54,22075.918199
1281.658923,77,22076.274199
1319.774741,67,22076.600199
1320.760702,73,22076.929827
1299.734221,60,22077.222825
1273.549843,57,22077.507825
1233.565001,54,22077.773825
1325.367598,63,22078.099459
1240.747166,54,22078.358459
1227.787769,58,22078.637459
1232.772463,50,22078.89646
-7.979091,91,22079.317082
1210.363361,48,22079.559082
1329.530795,72,22079.912082
1278.549107,57,22080.181655
1283.112096,68,22080.488655
1325.460194,64,22080.786655
1339.9141,68,22081.104272
1266.050181,62,22081.401273
1161.97092,39,22081.607273
1204.166811,48,22081.851274
1118.52164,35,22082.037899
1268.396887,59,22082.309899
1236.13861,54,22082.573899
1328.137336,64,22082.869899
1259.469697,59,22083.144443
1317.163133,72,22083.476445
1263.772789,55,22083.755445
1310.844949,70,22084.100071
1205.712119,50,22084.34307
1272.496995,58,22084.635069
1218.507133,50,22084.878069
1310.16805,70,22085.197699
1296.739964,67,22085.525278
1206.170111,50,22085.772278
1189.58529,48,22086.010913
1327.610453,66,22086.317915
1206.20017,49,22086.560914
1263.599771,59,22086.834914
1269.054742,57,22087.121522
1284.910185,60,22087.412246
1239.491678,50,22087.665246
1266.841724,61,22087.947868
1236.668351,55,22088.210868
1212.7219,47,22088.45387
1200.583554,43,22088.674867
1306.044079,59,22088.954482
1217.03267,48,22089.202482
1145.794027,35,22089.391894
1221.002404,50,22089.644895
1230.724177,56,22089.910894
1194.602319,44,22090.137491
1127.13659,38,22090.337492
1288.213959,59,22090.636491
1185.533795,48,22090.881491
1220.527475,53,22091.148538
1208.584687,47,22091.387538
1144.106694,40,22091.594538
1347.095948,78,22091.979095
1224.611514,49,22092.230106
1305.981627,64,22092.547095
1195.535621,47,22092.781096
1286.34692,61,22093.083628
1215.883164,49,22093.324628
1293.859212,65,22093.645632
1237.057174,57,22093.923255
1310.505863,62,22094.214256
1214.960231,57,22094.495257
1287.932644,59,22094.773255
1187.09967,47,22095.008896
1252.798979,55,22095.275897
1200.627384,52,22095.536899
1175.83394,44,22095.758897
1245.442211,52,22096.023528
1240.738441,53,22096.282528
1196.033437,47,22096.515528
1161.429055,42,22096.731528
1178.296075,45,22096.95806
1295.598847,61,22097.249061
86.795899,38,22097.47106
77.244118,38,22097.70906
97.559339,39,22097.950678
78.643259,38,22098.188678
239.753049,63,22098.538678
227.034909,73,22098.94028
117.637157,47,22099.22028
208.97968,65,22099.577281
178.367245,58,22099.896237
198.191968,57,22100.218772
66.659401,38,22100.454772
112.425442,45,22100.724773
101.707193,40,22100.974418
58.279029,38,22101.210418
239.199483,67,22101.579418
209.658811,60,22101.932973
261.255705,71,22102.319973
133.755676,48,22102.614975
233.728005,63,22149.534425
182.629682,52,22149.832423
150.781754,48,22150.120969
162.66462,55,22150.429969
86.886527,36,22150.65097
131.691016,52,22150.945982
196.932412,58,22151.275983
232.574603,64,22151.647979
222.62997,65,22152.023167
191.174148,57,22152.353167
208.822886,65,22152.704167
1146.852906,38,22152.904168
1302.556451,62,22153.21272
1204.066283,48,22153.44972
1264.025773,56,22153.730723
1236.287524,56,22153.995277
1265.949285,57,22154.275275
1364.172885,68,22154.585275
1310.104273,61,22154.890275
1200.399186,50,22155.131843
1344.420643,72,22155.465843
1305.711735,62,22155.757842
1260.074437,53,22156.017531
1271.980457,65,22156.31653
1256.733521,55,22156.597531
1203.571623,47,22156.834532
1164.262756,42,22157.052068
1112.972012,34,22157.236067
1249.274143,54,22157.506067
1330.803091,68,22157.844067
1213.791353,53,22158.09667
1212.823466,45,22158.32667
1151.036711,43,22158.54767
1158.478689,36,22158.737669
1277.128717,61,22159.020267
1293.925499,60,22159.305267
1151.42041,41,22159.515267
1293.66471,77,22159.864267
1203.533035,49,22160.115807
1331.705179,76,22160.476807
1274.042899,60,22160.755807
1202.244377,48,22160.997998
1346.882385,72,22161.326998
1239.78928,57,22161.588998
1265.998294,58,22161.859998
1239.547451,56,22162.147545
1311.860838,66,22162.451548
1283.710132,65,22162.745545
1188.182572,43,22162.970085
1203.929602,49,22163.209085
1283.598434,68,22163.515086
1231.987967,54,22163.775087
1269.079163,56,22164.063636
1211.115002,49,22164.305635
1323.561682,66,22164.638636
1269.186504,56,22164.910635
1259.485856,63,22165.196182
1325.793934,62,22165.484188
1298.598137,73,22165.814178
1271.535436,67,22166.121716
1298.91826,65,22166.429717
1315.478636,68,22166.753716
1164.694677,45,22166.98332
1319.452632,66,22167.303319
1285.338818,58,22167.59732
1294.899466,60,22167.87932
1302.574744,63,22168.191964
1204.011295,49,22168.433964
1278.187583,57,22168.716964
1254.295853,57,22169.00654
1171.091321,44,22169.22854
1278.794472,58,22169.49854
1179.061987,46,22169.73054
1204.543384,55,22169.999135
1338.984676,69,22170.339135
1314.381206,63,22170.653136
1234.529312,57,22170.936686
1212.901087,51,22171.189686
1179.936964,42,22171.408686
1260.535024,80,22171.774691
1281.490225,79,22172.139241
1326.234039,66,22172.472241
1265.463796,57,22172.744241
1194.133394,45,22172.976889
1295.628349,69,22173.289889
1280.042475,61,22173.590889
1308.392068,59,22173.868889
1133.589289,34,22174.053448
1266.180655,63,22174.340448
1264.969878,54,22174.60145
1197.361618,48,22174.838447
1319.908483,63,22175.131987
1174.398194,43,22175.352
1219.523265,49,22175.597989
1276.175466,63,22175.887988
1325.861852,64,22176.187279
1302.185164,64,22176.51228
1191.824748,49,22176.75028
1206.741206,57,22177.03282
1161.730627,43,22177.25382
1289.465637,60,22224.821063
1250.405475,80,22225.190609
1196.412382,48,22225.429608
1273.875258,62,22225.726606
1301.270111,62,22226.036206
1331.993625,69,22226.373206
1312.848683,62,22226.682206
1157.536508,40,22226.887206
1342.482334,69,22227.230421
1344.563689,70,22227.579421
1226.230121,55,22227.852421
1240.949088,56,22228.125995
1143.404851,42,22228.339995
1287.247496,60,22228.615996
1251.436135,55,22228.884995
1342.466019,67,22229.223581
1220.967181,51,22229.468581
1285.821163,57,22229.758581
1210.241593,59,22230.04917
1272.140211,63,22230.349169
1197.256781,43,22230.57217
1296.719352,61,22230.879621
1265.960702,57,22231.157212
1249.627959,57,22231.420212
1243.559441,52,22231.680212
1172.484663,44,22231.903215
1252.224085,55,22232.162786
1299.190577,70,22232.483787
1308.029085,61,22232.767787
1288.148217,64,22233.060403
1229.679667,52,22233.308403
1179.120711,45,22233.533405
1222.689629,46,22233.76745
1263.838175,56,22234.034953
1296.671306,61,22234.338954
1315.943823,64,22234.664955
1281.395267,61,22234.968515
1308.824303,67,22235.276515
1185.896259,46,22235.506516
1221.277458,56,22235.781514
1314.558274,69,22236.093071
1173.872852,43,22236.311071
1212.910473,49,22236.562071
1243.307093,81,22236.932619
1300.810481,61,22237.23962
1283.273704,57,22237.510619
1207.541457,51,22237.756619
1317.851499,75,22238.096178
1270.764243,60,22238.373178
1255.369704,56,22238.647178
1172.986095,43,22238.865178
1186.574183,44,22239.091753
1302.972707,73,22239.425753
1261.863798,57,22239.709753
1275.866054,59,22240.001335
1297.357698,62,22240.299335
1312.641413,62,22240.614336
1238.280129,54,22240.874336
1241.222156,52,22241.13995
1261.817594,56,22241.41195
1210.643293,57,22241.695949
1197.069488,46,22241.926517
1321.034227,64,22242.225521
1318.271151,62,22242.533518
1324.989202,64,22242.857518
1203.991875,50,22243.105075
1340.902778,68,22243.439075
1257.514966,60,22243.733075
1157.947458,42,22243.955634
1322.200896,65,22244.281633
1281.184143,56,22244.567633
1315.400817,63,22244.876633
1203.703484,49,22245.122179
1217.493162,50,22245.375178
1242.360415,57,22245.643178
1299.674102,59,22245.925741
1246.063069,57,22246.190743
1304.22295,70,22246.507744
1272.394656,60,22246.797744
1218.62886,51,22247.046353
1314.727647,65,22247.366353
1226.343234,55,22247.634353
1253.672025,58,22247.920429
1262.834518,63,22248.203425
1240.275785,52,22248.454424
1258.363507,58,22248.744424
1229.249445,50,22249.001034
1278.747614,56,22249.271033
1343.408502,67,22249.608033
1299.060481,69,22249.923678
1339.281527,68,22250.240674
1217.754256,47,22250.484674
1220.844961,51,22250.734674
1153.493595,48,22250.976227
1179.756767,47,22251.222227
1345.885839,73,22251.572425
1259.383005,55,22251.846424
1263.842868,63,22252.132054
1232.488672,49,22252.383054
1303.212854,62,22252.692054
1298.916229,69,22302.082998
1247.951358,64,22302.385998
1194.209539,47,22302.619998
1295.612568,60,22302.905998
1316.942752,61,22303.215629
1310.428324,71,22303.541628
1250.428808,54,22303.799628
1237.096653,53,22304.052168
1362.571472,73,22304.41806
1357.659915,77,22304.79606
1214.400771,54,22305.061707
1334.727212,70,22305.392708
1328.442619,64,22305.727721
1321.321469,73,22306.066351
1288.851369,63,22306.365352
1313.654831,64,22306.68235
1324.719146,67,22306.999955
1240.628794,52,22307.250955
1260.598349,55,22307.524955
1311.95001,69,22307.843955
1332.16006,69,22308.163571
1198.766104,45,22308.397571
1288.444886,64,22308.692573
1226.540339,49,22308.945121
159.959373,81,22309.318121
1208.328069,49,22309.563121
1204.68535,53,22309.823121
1272.11106,79,22310.185654
1344.113476,74,22310.545654
1250.981638,55,22310.806654
1299.980317,68,22311.115205
1281.828859,62,22311.401564
1295.219945,68,22311.711564
194.431734,81,22312.082094
1192.250675,43,22312.306094
1295.789866,61,22312.592094
164.588567,81,22312.960628
1215.754387,55,22313.229628
1252.173483,56,22313.493629
1113.062709,34,22313.677628
1327.100655,65,22313.980261
1216.483624,47,22314.217261
1295.175825,73,22314.543262
1318.292088,67,22314.853262
1215.185066,47,22315.092893
1281.162945,64,22315.387892
1263.637931,54,22315.669892
1171.691267,45,22315.897892
1157.302884,41,22316.111537
1209.158369,48,22316.350773
82.293439,43,22316.568772
1285.607513,67,22316.873772
1312.496438,67,22317.183342
1258.839025,56,22317.457343
1238.741934,58,22317.745343
1276.100558,60,22318.030903
1321.888865,64,22318.350903
1344.466511,72,22318.706902
1355.494628,65,22319.004526
1294.030802,68,22319.312526
1211.574623,42,22319.527526
164.645983,84,22319.913148
186.41808,77,22320.263143
1269.856963,57,22320.538143
1312.283222,64,22320.854041
1246.303381,53,22321.119667
1221.126808,52,22321.375667
1211.6024,54,22321.638667
1342.097654,71,22321.966306
1256.006828,54,22322.234306
1153.04239,41,22322.443307
1254.697186,58,22322.728306
1265.235201,62,22323.0339
1161.741816,42,22323.2559
1263.240044,54,22323.518901
1328.367683,71,22323.844899
1282.876893,60,22324.145434
1207.026576,46,22324.383434
1302.384076,61,22324.673435
1360.40062,76,22325.050007
1347.226549,70,22325.400006
1316.577235,62,22325.709006
1313.650917,67,22326.019625
1219.851581,44,22326.245625
1241.40727,49,22326.492625
1157.767583,42,22326.711625
1152.008837,41,22326.92118
1269.163793,63,22327.209177
1216.387924,57,22327.484178
1180.549992,46,22327.717178
1342.059984,68,22328.058816
1326.892608,75,22328.414814
1346.671003,71,22328.743816
1342.519642,66,22329.047434
1321.180729,66,22329.363173
1296.811393,67,22329.671172
1240.820223,52,22329.922735
1177.575939,44,22330.145734
1313.039219,65,22330.445734
1211.607789,53,22330.703734
1235.409414,53,22377.366951
1225.046996,47,22377.608951
1222.682579,53,22377.871952
1179.59473,42,22378.086578
1313.592644,73,22378.421578
1240.426441,51,22378.685578
1319.89879,61,22378.974217
1323.044584,76,22379.342217
1309.368991,60,22379.648217
1225.129473,52,22379.899217
1263.401698,59,22380.173844
1243.222039,58,22380.443844
1272.681548,60,22380.739844
1252.260472,57,22381.00644
1318.883683,60,22381.28744
1282.891806,61,22381.56944
1322.526591,65,22381.87444
1206.466322,45,22382.113071
1241.606128,50,22382.37307
1362.823783,77,22382.754071
1226.482092,49,22383.00469
1334.759116,67,22383.34069
1315.018144,72,22383.67469
1321.0743,62,22383.991275
1287.692079,55,22384.254276
1316.556103,75,22384.594275
1174.809838,46,22384.826275
1307.092382,72,22385.156843
1234.685386,52,22385.414842
1217.449934,48,22385.653842
1227.407273,51,22385.910419
1217.61859,46,22386.147821
1291.447902,68,22386.458821
1250.892085,55,22386.732821
1200.493515,47,22386.968435
1209.773098,52,22387.217435
1234.147703,59,22387.500434
1326.658628,65,22387.800435
1281.408677,57,22388.090067
1187.403612,44,22388.315067
1124.940857,35,22388.502067
1272.426608,81,22388.874067
1167.767021,36,22389.064687
1235.531337,56,22389.334687
1272.685948,66,22389.656687
1207.608657,55,22389.924338
1173.038463,44,22390.14734
1333.648551,64,22390.464087
1324.644553,63,22390.785088
1246.75481,54,22391.05773
1304.102431,62,22391.368731
1340.015299,67,22391.70273
1289.320674,69,22392.013357
1201.499735,54,22392.282356
1323.543022,63,22392.600356
1336.885398,71,22392.949919
56.106169,86,22393.34592
1205.896694,44,22393.57092
1304.83825,61,22393.881919
1289.147945,62,22394.183546
1256.14643,53,22394.437546
1322.317199,75,22394.803547
1287.085973,58,22395.089178
1321.749461,72,22395.443178
1159.273858,41,22395.656178
1312.833824,61,22395.940822
1299.825525,84,22396.355824
1174.662521,45,22396.585824
1253.571189,55,22396.854824
1253.003543,65,22397.157463
1234.226941,56,22397.418463
1238.283506,54,22397.688462
1204.598231,50,22397.935093
1308.054552,61,22398.248095
1221.77978,49,22398.495093
1308.881488,75,22398.834094
1209.619022,48,22399.073744
1265.963314,60,22399.357988
1183.96835,45,22399.587988
1320.085398,64,22399.889988
1342.588934,64,22400.189546
1301.756281,60,22400.480542
1291.724585,59,22400.771542
1286.569563,69,22401.111166
1240.723853,58,22401.380166
1182.030104,46,22401.609167
1206.858581,52,22401.859167
1228.690305,54,22402.121787
1169.464317,40,22402.332787
1339.833493,70,22402.680786
1235.845228,51,22402.937786
1317.125676,66,22403.264788
1260.190753,52,22403.527786
1165.794721,42,22403.741786
1252.306208,58,22404.018413
1329.205633,67,22404.341413
1296.023156,70,22404.684413
1284.406825,65,22404.994055
1292.999832,61,22405.279055
1179.086245,43,22405.494055
1334.081954,75,22455.399718
1341.328838,69,22455.744717
1305.442382,65,22456.048284
1283.919953,58,22456.341283
1242.860639,59,22456.612283
1212.27589,47,22456.855282
1255.911538,60,22457.133923
1136.830078,39,22457.335922
1203.082394,42,22457.553921
1277.435397,59,22457.830922
265.234892,78,22458.216551
1176.791291,43,22458.441551
1238.32454,58,22458.729551
1196.219178,49,22458.964139
1256.561478,54,22459.234142
1216.584451,48,22459.477139
1276.229044,59,22459.754139
1217.825206,50,22460.001685
1315.248628,63,22460.321685
1279.829442,72,22460.647686
1326.424906,65,22460.956317
1263.256668,56,22461.223317
1291.977338,65,22461.543317
1273.159187,58,22461.815317
1236.291362,47,22462.058935
1315.621968,73,22462.421429
1259.071588,56,22462.68643
1300.408521,60,22462.967061
1199.548374,50,22463.218061
1258.672294,65,22463.528061
98.763414,85,22463.916701
1320.399464,61,22464.2017
1294.87754,57,22464.497701
1332.701746,65,22464.829701
1310.670177,61,22465.144334
1191.896225,48,22465.380333
1206.397483,48,22465.617334
1276.151823,57,22465.885333
1266.113843,61,22466.183951
1149.759965,38,22466.383952
1216.284866,49,22466.628951
1200.893516,43,22466.84995
1200.766669,49,22467.092575
200.51463,80,22467.460575
1216.721714,45,22467.694576
1218.827318,46,22467.92822
1276.014971,73,22468.25522
1184.366913,47,22468.488219
1305.706788,61,22468.78622
1211.569214,47,22469.028793
1292.198894,61,22469.323478
1205.813387,55,22469.583478
177.454501,76,22469.927103
1150.505552,42,22470.144102
1198.737316,44,22470.370101
1248.790187,63,22470.655099
1301.698834,71,22470.974739
1215.56677,55,22471.241739
1240.247941,47,22471.481739
1297.499,62,22471.76674
1290.651784,68,22472.07237
1325.13313,63,22472.365371
1211.576931,45,22472.59737
1281.407529,65,22472.916005
1223.723263,60,22473.208005
1288.175193,62,22473.495005
1320.67002,65,22473.819006
1201.920165,46,22474.051596
1303.235955,58,22474.325594
1342.74544,68,22474.658594
1187.837952,48,22474.893594
1312.361996,61,22475.209221
1336.880874,74,22475.57322
1239.720321,51,22475.824243
1285.006868,79,22476.179865
1341.225041,67,22476.518864
1354.707156,77,22476.902864
1237.615251,54,22477.183401
1215.214388,57,22477.466403
1209.663909,53,22477.730403
1333.687041,69,22478.073032
1200.572861,52,22478.320034
1203.54575,53,22478.581032
1223.22463,58,22478.848032
1242.401122,55,22479.122671
1278.674498,57,22479.415671
1301.970726,61,22479.716671
1238.799204,61,22479.995303
1171.488252,45,22480.221299
1288.964483,70,22480.5363
1264.010612,66,22480.8353
1273.794272,63,22481.124941
1320.467437,63,22481.423941
95.430075,44,22481.648941
1246.064203,60,22481.946446
1333.015839,79,22482.315447
1328.974922,67,22482.627447
1189.982036,49,22482.875447
1319.195779,71,22483.225074
1227.082655,50,22483.469075
1306.188537,63,22531.122916
1325.273665,75,22531.466413
1286.098969,57,22531.755414
1197.956425,53,22532.019042
138.965422,47,22532.251042
1299.168167,77,22532.594043
1206.787826,42,22532.810042
1244.630078,52,22533.069668
1241.086059,52,22533.320673
1251.669541,53,22533.588673
1232.401086,53,22533.843669
1210.291271,60,22534.145305
1154.103828,41,22534.355306
1303.086907,69,22534.667305
1281.395564,68,22534.990936
1251.785764,55,22535.272936
1215.947503,51,22535.524937
1277.739427,66,22535.849936
1200.880997,50,22536.096514
1305.811934,60,22536.397515
1335.379221,65,22536.706514
1345.937386,68,22537.047142
1275.333743,68,22537.371152
1264.923132,62,22537.653142
1240.212867,50,22537.912142
1205.769477,49,22538.150718
1247.140021,54,22538.411718
1150.484756,40,22538.615718
1326.798771,61,22538.897718
1291.768939,72,22539.222908
1237.695718,55,22539.483906
1266.205161,80,22539.842905
1290.350475,77,22540.195501
1189.802999,48,22540.430503
1329.642712,65,22540.733501
1234.602396,51,22540.98805
1232.292738,56,22541.248843
1295.341959,59,22541.546844
1271.58984,65,22541.841843
1293.290761,66,22542.155463
1304.50076,64,22542.463462
1301.39557,69,22542.799462
1348.096077,75,22543.169098
1303.981389,62,22543.487098
1326.711778,63,22543.780098
1294.572339,70,22544.123657
1327.087769,63,22544.447656
1197.028875,48,22544.695655
1353.885407,69,22545.047297
1289.803286,78,22545.398297
1202.58956,50,22545.642055
1256.35414,63,22545.928685
1235.815672,60,22546.219683
1220.987034,51,22546.469683
1293.861036,60,22546.747684
1319.724898,68,22547.06126
1191.932678,51,22547.31826
1298.791029,79,22547.66626
1230.661116,62,22547.966914
1214.654241,45,22548.199913
1239.240803,58,22548.470913
1188.611669,46,22548.701913
1261.01443,52,22548.96356
1254.697812,54,22549.23056
1298.945009,60,22549.51156
1162.505373,42,22549.727561
1258.292126,57,22549.996193
1302.816857,72,22550.347193
1333.894679,75,22550.705195
1313.227758,61,22551.019835
1264.745101,54,22551.278836
1133.481342,33,22551.45803
120.303686,84,22551.84303
1214.708178,49,22552.088592
1238.624174,65,22552.39059
1300.906872,66,22552.688591
1246.782877,54,22552.951222
1281.049545,65,22553.246222
1324.654525,67,22553.577222
1331.875594,65,22553.906237
1234.382333,55,22554.17085
1334.189686,75,22554.52485
1263.300642,55,22554.79885
1218.110528,52,22555.052412
1292.262592,62,22555.353412
1303.514735,66,22555.662412
1237.034957,52,22555.912412
1282.577997,66,22556.210979
1201.454051,53,22556.470979
1218.35794,49,22556.718979
1232.662733,49,22556.973549
1232.965361,51,22557.23255
1237.536908,66,22557.56155
1252.141625,62,22557.85755
1205.151932,50,22558.099202
1204.481401,47,22558.331257
1309.731439,73,22558.65963
1345.275116,65,22558.989187
1245.168076,53,22559.242185
24.785471,91,22559.659189
1325.42308,64,22610.6482
1330.948612,80,22611.013772
1329.188528,70,22611.338773
1214.050957,51,22611.585772
1300.09335,61,22611.888772
1320.476202,73,22612.248415
1315.967301,72,22612.574415
1218.388862,44,22612.799415
1264.396917,60,22613.095047
1288.467486,56,22613.385047
1271.15064,62,22613.688048
1193.147068,50,22613.936584
1301.333079,62,22614.224584
1352.873493,71,22614.551584
1164.870134,36,22614.742584
1292.97993,58,22615.028211
1265.410461,63,22615.31421
1247.264126,60,22615.60721
1255.861976,66,22615.921346
1259.156201,63,22616.207346
1289.173103,58,22616.489347
1313.439248,69,22616.827347
1318.161807,64,22617.126989
1268.072486,57,22617.408989
1174.783855,41,22617.623988
1219.627543,57,22617.889988
117.888026,45,22618.116608
1147.521646,35,22618.304607
1344.928757,70,22618.652608
1273.08914,68,22618.957216
1242.884863,58,22619.24734
1307.807934,65,22619.559343
1311.944349,70,22619.878341
1181.19482,41,22620.087985
1275.501423,56,22620.374985
1245.00945,51,22620.622985
1287.992767,56,22620.887985
1139.960646,34,22621.070548
1319.230025,72,22621.398548
1221.257642,60,22621.688548
1333.616837,64,22622.002171
50.537098,87,22622.404172
1277.216368,58,22622.676172
1329.092934,75,22623.038826
1269.951887,64,22623.329825
1207.180822,57,22623.611826
1276.378455,55,22623.892827
1180.602606,44,22624.115453
1308.093776,59,22624.391452
1363.961699,76,22624.766452
1156.244764,38,22624.96507
1206.754184,46,22625.20007
1233.142228,61,22625.49707
1150.088247,40,22625.70107
1284.746247,57,22625.985698
1204.955497,49,22626.229698
1310.594,61,22626.534698
1197.167824,46,22626.763698
1151.147328,39,22626.966306
1216.778611,58,22627.261307
1286.075414,60,22627.558306
1250.608134,56,22627.820306
1181.692394,47,22628.048963
1333.307158,70,22628.373733
1183.932183,47,22628.615733
1349.395623,67,22628.958367
1315.444024,79,22629.325367
1334.425434,66,22629.643367
1219.809671,50,22629.894367
1162.419084,41,22630.103982
1244.766601,57,22630.384982
1278.537809,63,22630.670983
1321.713642,68,22630.985638
1262.402906,59,22631.260638
1312.584341,67,22631.571482
1327.224715,64,22631.871279
1245.392372,48,22632.115913
1293.38423,60,22632.410913
1221.167996,54,22632.679914
1234.789406,48,22632.928466
1349.741416,67,22633.270465
1308.238728,61,22633.560467
1270.961451,60,22633.859466
1260.528775,55,22634.135092
1302.120409,64,22634.425088
1310.113588,61,22634.713089
1216.490212,44,22634.937657
1328.020126,66,22635.246656
1211.894946,55,22635.516657
1221.046864,56,22635.776657
1259.576338,55,22636.04129
1250.351987,54,22636.310291
1177.133277,44,22636.53229
1242.112025,52,22636.80529
1342.537667,75,22637.177828
1293.004355,72,22637.503827
1283.984358,71,22637.822828
1314.341616,73,22638.157462
1191.93278,48,22638.393465
1265.247033,65,22638.687462
1305.22001,61,22686.490189
1307.018195,66,22686.817189
42.213294,41,22687.030822
1194.891766,49,22687.270822
1306.602245,59,22687.547821
1235.242392,49,22687.801821
1234.943314,64,22688.122437
1249.544014,55,22688.390437
1209.435168,55,22688.659437
1236.662773,48,22688.906437
1234.440465,58,22689.193029
1287.031259,63,22689.485029
1323.261675,62,22689.796031
1301.003676,61,22690.10557
1243.953878,53,22690.37057
1214.905358,58,22690.65657
1234.4932,55,22690.916192
1189.928084,43,22691.141882
1195.902803,49,22691.387844
1290.024,59,22691.665844
1352.358843,68,22691.978477
1208.156907,49,22692.217477
1295.287131,58,22692.510477
1299.564194,58,22692.809477
1328.020039,64,22693.133604
1256.277481,53,22693.401604
1274.984802,62,22693.706604
1310.061176,74,22694.047242
1295.106045,69,22694.365242
1208.525764,49,22694.612242
1293.79957,73,22694.948783
1354.59454,72,22695.306785
1283.654465,60,22695.603784
1316.814149,64,22695.922328
1116.869403,34,22696.103328
1333.948192,66,22696.443327
1229.904119,49,22696.686327
1276.425202,57,22696.954866
1224.284994,58,22697.237866
1286.677612,64,22697.532866
1220.061147,57,22697.792866
1296.91277,59,22698.082497
1281.23963,58,22698.357497
1236.492083,56,22698.619496
1281.786473,72,22698.945125
1272.450496,55,22699.222126
1176.554151,45,22699.447126
1234.749592,64,22699.763125
1270.785301,65,22700.079747
1286.150824,63,22700.389745
1180.753935,47,22700.618745
1288.592116,70,22700.957367
1276.122208,57,22701.232367
1307.242838,60,22701.520368
1307.999733,72,22701.853369
1235.201268,49,22702.109909
1312.735474,70,22702.431909
1288.458649,60,22702.713909
1213.605957,48,22702.952491
179.593156,77,22703.304491
1290.545886,58,22703.592492
1264.248179,52,22703.860492
1207.313863,49,22704.103127
1298.909504,59,22704.402127
1312.332853,64,22704.697128
1305.720319,70,22705.022772
1200.44564,48,22705.258772
1210.314084,49,22705.502772
1335.858531,71,22705.852772
1262.728739,54,22706.126364
1261.765761,64,22706.443362
1325.587616,69,22706.764363
1271.783289,62,22707.058887
1298.860322,72,22707.389887
1352.729521,71,22707.741887
1334.532527,70,22708.06652
98.115812,42,22708.281521
1344.958147,67,22708.61952
1329.2176,73,22708.975156
1151.665213,42,22709.191156
1199.401998,48,22709.437156
1284.521587,60,22709.730157
1244.319611,58,22710.000788
1208.985924,49,22710.247788
1249.136112,59,22710.521789
1279.939831,60,22710.808788
1330.155767,69,22711.155423
1330.587108,71,22711.491241
1314.617851,64,22711.789241
1318.377281,62,22712.080825
1310.198332,65,22712.401823
1294.499562,66,22712.703823
1199.641616,46,22712.934465
1291.455541,59,22713.229465
1283.068059,55,22713.516468
1341.180132,73,22713.850466
103.975654,87,22714.249031
1196.089009,47,22714.478032
1303.947861,70,22714.800031
1182.666832,40,22715.011652
1347.599068,69,22765.534012
1196.271975,54,22765.803012
1251.355048,59,22766.09864
1266.946079,64,22766.40664
1264.994966,62,22766.70864
1258.099199,51,22766.96927
1295.735001,61,22767.259269
1282.28293,60,22767.56027
1252.372393,53,22767.81827
1211.484416,56,22768.100892
1316.391453,61,22768.413891
1216.026482,53,22768.679891
1258.393481,54,22768.941516
1269.971942,68,22769.274515
1332.044384,74,22769.642515
1322.416664,62,22769.965099
1304.052445,69,22770.294099
1358.706238,72,22770.661099
1262.201528,56,22770.946166
1212.432701,51,22771.195166
1207.820433,48,22771.435166
1257.660262,63,22771.738166
56.896499,39,22771.943787
1322.435217,61,22772.226787
1197.000771,46,22772.463787
1327.473213,73,22772.803787
1317.278453,66,22773.120406
1231.710182,54,22773.375406
1270.829782,53,22773.652406
1328.878451,64,22773.983054
1249.383798,52,22774.239054
1279.961086,60,22774.533054
1223.769203,50,22774.787054
1263.046309,62,22775.08269
1224.977957,55,22775.34169
1260.264856,52,22775.61069
1259.699103,60,22775.88669
1270.435546,54,22776.1663
1268.364953,56,22776.4523
1244.179533,60,22776.7323
1219.835621,49,22776.974911
1277.801687,57,22777.254911
1208.929893,45,22777.492911
1184.056348,42,22777.718911
1219.611669,48,22777.958451
1213.826413,43,22778.182451
1240.086699,51,22778.443451
1215.478491,47,22778.689451
1323.434905,65,22779.010018
1313.61862,75,22779.354018
1240.663443,52,22779.621018
99.023231,43,22779.844018
1239.638139,63,22780.159637
1365.439871,75,22780.540636
1264.572018,57,22780.826637
1275.320715,62,22781.113257
1238.415383,53,22781.372659
1296.690374,59,22781.659659
1195.004394,45,22781.89066
1336.369079,68,22782.209274
1328.585112,65,22782.516273
1323.192902,73,22782.876274
1204.858551,49,22783.1179
1320.268088,70,22783.445899
1211.110607,48,22783.6879
1270.650659,65,22783.994524
1124.19254,35,22784.184525
1203.423972,46,22784.416524
1184.615363,45,22784.644523
1185.791308,45,22784.872524
1246.839458,62,22785.158158
1319.188008,74,22785.499158
1186.572657,45,22785.730158
1190.079713,45,22785.959788
1204.692424,48,22786.197788
1281.832763,63,22786.488788
1249.039618,56,22786.766789
1294.658403,64,22787.075366
1235.312369,59,22787.348366
1287.012297,57,22787.635367
1232.827778,61,22787.931983
1219.9275,56,22788.210983
1330.408737,73,22788.552983
1260.367269,55,22788.831983
1290.95649,62,22789.135525
1182.613176,45,22789.362525
1310.497476,70,22789.688525
1280.300233,79,22790.054103
1247.554331,61,22790.348103
1313.423963,65,22790.666103
1169.021414,43,22790.887103
1267.76034,55,22791.171721
1242.422022,60,22791.448721
1355.016549,74,22791.817721
1213.374509,50,22792.060259
1253.787766,80,22792.431026
1254.324293,61,22792.728025
1165.406003,42,22792.945663
1283.842511,61,22793.246663
1228.334606,54,22793.503663
1310.884027,76,22841.664355
1295.175194,67,22841.997962
1297.812786,64,22842.295962
1144.750695,36,22842.489962
114.32105,83,22842.875962
1194.845048,51,22843.131517
1176.233283,43,22843.352517
1196.729658,47,22843.587518
106.513436,85,22843.984082
1338.558824,75,22844.333082
1177.858019,42,22844.553082
1244.903748,59,22844.825082
1255.085608,54,22845.095114
1215.384152,47,22845.342114
1343.114352,72,22845.705115
1280.97545,69,22846.020726
1178.792252,44,22846.248726
1327.4812,76,22846.623726
1265.446079,65,22846.938345
1267.91257,65,22847.250345
1293.701561,62,22847.543345
1278.997498,54,22847.823345
1280.227636,62,22848.117975
1177.510672,41,22848.331975
1329.208561,64,22848.664975
1206.659707,47,22848.904976
1258.360657,69,22849.248594
1174.7825,42,22849.468595
1225.920514,47,22849.718595
1238.995957,50,22849.979301
1316.776494,65,22850.317301
1210.536141,44,22850.546301
1325.155277,75,22850.916931
1298.383147,59,22851.217692
1333.117717,71,22851.580692
1204.794417,48,22851.819692
1149.9895,36,22852.012274
1258.222105,63,22852.302274
1322.363101,62,22852.623274
1199.618125,48,22852.861274
1332.178887,76,22853.211842
1156.978161,40,22853.425842
1276.670676,55,22853.708842
1290.35577,56,22853.998389
1275.379239,55,22854.279389
1290.50245,56,22854.544389
114.139705,46,22854.776389
1271.296128,64,22855.095951
1292.094609,57,22855.374952
1211.456085,57,22855.655952
1248.399446,55,22855.918516
84.955388,40,22856.128518
1235.465746,54,22856.394516
1165.28081,42,22856.615516
1299.378183,59,22856.895516
1317.314749,62,22857.214052
1319.528514,61,22857.525051
1304.904048,59,22857.803052
1331.244998,67,22858.117061
1322.653065,67,22858.44606
1274.953057,82,22858.827061
161.458443,51,22859.114688
228.455075,72,22859.535688
159.764584,56,22859.858688
245.279346,63,22860.208319
198.282813,57,22860.540319
221.128707,75,22860.935946
151.621332,51,22861.227947
180.553813,53,22861.520946
218.245992,58,22861.847946
162.697552,60,22862.181567
196.732641,58,22862.505567
171.126659,49,22862.806567
200.804662,58,22863.122106
203.194924,58,22863.444105
136.567572,57,22863.781106
75.414472,41,22864.036717
217.045553,64,22864.398717
89.831853,41,22864.647717
228.558856,64,22865.003357
233.444774,60,22865.335357
126.61064,46,22865.612357
226.163095,64,22865.974987
226.571183,71,22866.388987
158.040843,47,22866.678987
168.163207,52,22866.984608
235.477287,63,22867.343608
151.075537,46,22867.616608
65.681124,37,22867.849609
188.720068,61,22868.191229
201.876155,58,22868.510229
222.926344,62,22868.864229
246.026603,68,22869.266853
216.62979,61,22869.612853
96.541588,44,22869.867852
105.06913,46,22870.126472
140.671587,46,22870.404472
218.920492,69,22870.772473
210.530652,68,22871.143111
104.565518,43,22871.397111
126.44048,49,22921.528208
113.953582,48,22921.806208
140.342668,52,22922.104732
102.25171,44,22922.357732
226.016288,64,22922.714732
130.83261,51,22923.000568
160.947342,48,22923.288568
79.611034,40,22923.524568
142.4509,49,22923.807568
112.823048,49,22924.079192
150.362105,53,22924.370192
164.512065,60,22924.704192
87.246213,33,22924.914815
181.066089,53,22925.221816
229.710696,63,22925.585815
200.226223,58,22925.910815
206.413776,66,22926.264349
188.59833,57,22926.589349
177.894192,64,22926.924882
246.926406,66,22927.279882
155.881932,48,22927.566883
176.794671,55,22927.885425
84.888841,42,22928.132595
195.609014,57,22928.472595
126.141568,45,22928.725595
144.370062,55,22929.009131
230.570244,70,22929.36813
1247.528624,54,22929.627131
1303.297051,79,22929.9947
1348.291711,67,22930.3347
1267.635764,67,22930.6397
1160.626892,41,22930.8567
1236.083304,52,22931.12623
1264.462617,55,22931.39223
1335.768376,70,22931.719229
1202.03406,49,22931.958877
1194.477813,52,22932.219877
1267.29677,64,22932.530012
1308.934336,61,22932.842012
1277.984622,63,22933.13065
1319.118736,73,22933.47265
1225.508679,50,22933.72065
1343.261411,74,22934.086262
1331.468655,70,22934.418262
1144.367272,35,22934.609262
1351.742003,73,22934.976503
1262.262894,57,22935.248501
1303.633238,62,22935.557501
1246.956171,55,22935.826501
1340.439456,78,22936.19812
1231.830291,62,22936.505119
1363.677766,71,22936.873119
1300.233423,64,22937.174746
1201.088487,45,22937.407745
1326.300441,63,22937.730746
1314.959852,65,22938.038299
1211.773023,51,22938.284299
1223.854288,53,22938.543299
1327.247889,64,22938.873299
1268.520413,57,22939.14593
1162.503319,42,22939.36393
1333.696057,67,22939.69793
1285.351407,60,22939.989496
1222.615761,54,22940.243498
1183.772329,42,22940.461497
1362.053137,73,22940.798806
1350.841926,73,22941.13945
1297.36727,60,22941.44245
1179.707752,43,22941.66745
1269.539107,54,22941.951065
1211.939465,42,22942.174065
1186.308141,53,22942.446064
1196.085656,44,22942.677065
1303.228749,67,22943.003597
1330.179563,71,22943.361597
1356.843742,70,22943.686597
1191.521854,46,22943.92214
1180.660815,43,22944.14914
1176.871536,41,22944.36314
1198.307927,47,22944.60114
1280.623378,58,22944.88814
1319.998877,65,22945.215672
1300.457218,69,22945.561672
1332.414735,70,22945.889672
1329.313306,73,22946.253289
1297.887008,58,22946.527289
1219.172835,51,22946.774289
1364.680987,70,22947.098823
1229.103115,56,22947.363823
1157.492749,41,22947.578823
1122.887913,35,22947.767824
1271.436762,59,22948.062459
1234.782878,52,22948.328459
1181.550214,45,22948.560459
1228.993597,52,22948.812459
1295.06847,62,22949.123027
61.625988,37,22949.319027
1217.099636,55,22949.591026
1311.857274,68,22949.910557
1225.969911,49,22950.161556
1223.850161,51,22997.019352
1254.732804,62,22997.327353
1264.171291,57,22997.603353
1179.52189,49,22997.856353
1253.485842,55,22998.117883
1179.551029,46,22998.351883
1322.589125,62,22998.648867
1287.015934,57,22998.944497
1185.414456,44,22999.172497
1314.464891,61,22999.481497
1191.426832,45,22999.714497
113.996408,44,22999.937124
134.748306,46,23000.169124
1288.826038,63,23000.463125
1178.210875,40,23000.673124
1316.513264,61,23000.972763
1254.00245,64,23001.264763
1300.138099,61,23001.561763
1206.024093,42,23001.784763
1301.789848,65,23002.113384
1275.007284,56,23002.404384
1229.931442,52,23002.656399
1272.151095,59,23002.953998
1308.589702,65,23003.280999
1176.082904,42,23003.500998
1204.651821,46,23003.737998
1296.145452,66,23004.058633
1269.33183,80,23004.426633
1268.570964,57,23004.711634
1304.04396,62,23005.027267
1282.293605,76,23005.377267
1247.012386,63,23005.665267
1164.138975,42,23005.880268
1271.039248,54,23006.161813
1234.835061,55,23006.421813
1235.575276,52,23006.682813
1284.399921,57,23006.969442
1330.131489,68,23007.301442
1270.370018,61,23007.581442
1296.099747,58,23007.874442
1300.418422,62,23008.204055
1281.838326,57,23008.482055
1317.272555,63,23008.805055
1277.473738,55,23009.091592
1209.246419,51,23009.348592
1176.104398,41,23009.561592
1237.505039,50,23009.807592
1296.588343,58,23010.088215
1172.20439,43,23010.309215
1231.657203,50,23010.554215
1277.099088,57,23010.845215
1305.460802,71,23011.17385
1248.220325,59,23011.46885
46.822318,41,23011.68385
1193.746961,44,23011.91285
1354.677402,77,23012.300414
1285.340359,58,23012.578414
1157.347641,40,23012.788414
78.697873,39,23012.992038
1337.087173,65,23013.325038
1236.658616,49,23013.577038
1169.242597,41,23013.793038
52.909322,39,23013.999581
1226.86349,47,23014.249582
1242.0239,55,23014.508582
1300.026273,61,23014.828582
1158.569314,40,23015.038188
1257.330687,56,23015.301188
1324.056144,64,23015.617188
1270.763292,65,23015.933721
1254.455392,62,23016.217721
1324.305951,64,23016.547721
1341.953268,66,23016.883071
1277.340734,56,23017.173695
1198.073342,46,23017.410695
1315.588676,62,23017.699695
1229.195902,49,23017.953228
1306.778715,65,23018.270227
1294.336076,66,23018.581229
1211.461151,51,23018.829227
1214.369032,45,23019.069846
1235.17056,49,23019.326846
1223.666595,48,23019.569845
1319.629937,68,23019.879845
93.636387,43,23020.100393
1250.663517,53,23020.370393
1273.683552,54,23020.648393
1198.16923,43,23020.872393
1318.471281,65,23021.178002
1222.622604,43,23021.406001
1289.27941,67,23021.717001
1336.664743,64,23022.016639
1250.285658,63,23022.30664
65.406445,87,23022.709639
1324.246903,62,23023.0122
1194.738623,49,23023.260199
1185.143291,42,23023.483199
1327.224654,72,23023.8142
1168.369279,43,23024.036817
1244.224143,50,23024.299817
1241.716534,51,23074.890458
1283.927363,63,23075.202046
1285.610655,57,23075.475046
1231.15932,49,23075.724046
1166.461289,42,23075.944701
1203.768921,43,23076.170701
1166.875693,42,23076.387701
1216.721302,48,23076.631703
1256.388548,66,23076.929342
1191.545002,45,23077.162342
1286.406584,56,23077.432341
1238.03283,52,23077.683342
1314.515746,70,23078.008914
1326.936257,62,23078.295914
1264.637731,57,23078.580914
1257.901828,80,23078.945549
1216.973736,50,23079.194551
1186.404744,44,23079.419549
1246.079653,50,23079.677549
1188.109476,49,23079.92118
1235.477574,50,23080.17218
1265.91323,56,23080.43918
1236.274042,54,23080.708168
1240.560046,56,23080.985793
1235.015018,49,23081.238793
1230.603108,51,23081.482793
1196.198895,55,23081.754794
1276.113546,55,23082.035421
1202.651208,48,23082.276421
1160.475822,41,23082.487421
1235.697319,55,23082.738424
1279.680703,70,23083.077983
1277.363152,55,23083.354984
1235.36038,56,23083.623983
1251.128007,55,23083.896983
1302.959226,69,23084.209524
1333.900492,65,23084.520525
1196.587322,43,23084.749523
1204.807696,47,23084.98805
1315.044411,72,23085.32005
1254.659085,53,23085.582051
1275.715219,63,23085.86505
1292.074585,60,23086.165679
1273.530982,69,23086.478679
78.078371,41,23086.685679
1163.634172,41,23086.901682
1274.986894,65,23087.222217
1258.580799,53,23087.484224
1232.095523,48,23087.731218
1310.377223,64,23088.037775
1252.478663,53,23088.307773
1344.873545,66,23088.645774
1284.080552,67,23088.977401
1278.840882,55,23089.250401
1272.504431,56,23089.519401
1247.129446,59,23089.788401
1340.492985,68,23090.101939
1151.690494,39,23090.305941
1342.158853,77,23090.688939
1267.284909,56,23090.956573
1169.71524,42,23091.172575
1305.444391,67,23091.502573
164.455038,52,23091.747573
1238.661343,57,23092.007893
1184.919014,44,23092.231894
1192.27394,43,23092.458894
1289.208739,61,23092.751894
1308.796299,62,23093.069515
114.271028,44,23093.285516
1358.3645,70,23093.645515
1309.631965,61,23093.930102
1144.407633,35,23094.122102
1231.821367,61,23094.412102
1193.449267,48,23094.653101
1258.995895,57,23094.938733
1316.557758,64,23095.262733
1131.043488,36,23095.455733
1258.34656,67,23095.785733
1189.737391,52,23096.046352
1239.783902,52,23096.305352
1250.949042,61,23096.609352
1290.347782,70,23096.939985
1212.676596,51,23097.181984
1334.356416,64,23097.502984
1236.533591,52,23097.761983
1322.336437,67,23098.082565
1201.577813,48,23098.327565
1313.446345,72,23098.659565
1250.266114,55,23098.929208
1219.311123,49,23099.168213
1182.939933,44,23099.394208
1191.162257,46,23099.625207
1227.133999,49,23099.874207
1284.036143,59,23100.149838
1242.858356,55,23100.406838
1239.903678,81,23100.773931
1208.268911,55,23101.044468
1275.048717,60,23101.321468
1315.84727,63,23101.621468
1350.375779,78,23102.014001
1232.108792,52,23150.700912
1276.969418,55,23150.982535
1281.429809,57,23151.265535
1272.031172,60,23151.564535
1294.296146,65,23151.872535
1195.461514,47,23152.105148
1232.736447,56,23152.382146
1260.957606,56,23152.649146
1195.400615,47,23152.885146
1233.619504,49,23153.137746
1230.560022,51,23153.395746
1308.697139,60,23153.680746
1200.997583,46,23153.915402
1190.428225,44,23154.140402
1271.88827,56,23154.423402
1210.390515,48,23154.666402
1318.310323,76,23155.039965
1294.099461,75,23155.373965
1293.638919,70,23155.691964
1141.927618,39,23155.890965
1248.602338,54,23156.161555
1221.917449,52,23156.412555
1336.634956,69,23156.760555
1336.232535,76,23157.108181
1199.163828,48,23157.348181
1334.378923,65,23157.64818
1218.240062,45,23157.88018
1309.056521,68,23158.193795
1307.453357,64,23158.495795
1251.673052,58,23158.769795
1219.846087,47,23159.014426
1307.27244,62,23159.307426
1280.402615,60,23159.592426
1316.090784,61,23159.877426
1225.341371,46,23160.115062
1314.820797,75,23160.455064
1309.85668,73,23160.786064
1338.779299,78,23161.157689
1153.645402,37,23161.357689
1231.780163,83,23161.736688
1240.262834,52,23161.992326
1246.74239,53,23162.244324
1293.400954,79,23162.603323
1334.605794,65,23162.928957
1312.722005,64,23163.245957
1313.155007,64,23163.546134
1207.439622,45,23163.780134
1320.303846,68,23164.110755
1213.078881,46,23164.352757
1254.536006,52,23164.613755
1279.121917,55,23164.872756
1251.750993,53,23165.127378
1225.824006,45,23165.361378
1144.440804,39,23165.563378
1349.743148,65,23165.85938
1260.497748,59,23166.140998
1320.423887,75,23166.48
1276.254,56,23166.743998
1273.292178,61,23167.037626
1268.635635,55,23167.301626
1329.133019,77,23167.684627
1242.980277,61,23167.964252
1135.493568,36,23168.154252
1327.435998,67,23168.468252
1182.10149,43,23168.688253
1335.055346,65,23169.018891
1237.768455,60,23169.304892
1213.480819,55,23169.563891
1287.036722,65,23169.871892
1323.113243,73,23170.228453
1214.852011,51,23170.480453
1248.133384,58,23170.766453
1293.267794,59,23171.044041
1240.114941,54,23171.303042
1295.564914,78,23171.660041
1308.899965,73,23171.989692
1222.984353,53,23172.25488
1228.086099,49,23172.507002
1202.258643,49,23172.754001
1153.423169,38,23172.956647
1278.807637,55,23173.238654
1164.129723,42,23173.459648
1252.929496,56,23173.722647
1268.072691,54,23174.00027
1233.618388,54,23174.25627
1200.257248,49,23174.49727
1293.395313,67,23174.80027
1212.183567,44,23175.030919
1165.441172,41,23175.240918
1322.734209,74,23175.603919
1192.63968,49,23175.843919
1291.212513,65,23176.153072
1188.843321,46,23176.381074
1348.678693,74,23176.752072
1297.35688,59,23177.035638
1251.519959,54,23177.311638
1301.275325,76,23177.655638
1226.913696,47,23177.900638
99.554687,42,23178.118259
1248.007226,62,23178.416259
1375.541687,74,23226.492698
1244.132512,62,23226.794698
1254.907105,59,23227.079324
1254.943339,56,23227.340324
1301.51643,77,23227.691325
1217.800998,52,23227.950964
1322.134425,63,23228.270964
1257.57021,52,23228.539964
1219.656913,53,23228.803964
1327.947967,70,23229.154589
1172.800131,43,23229.370589
1284.187981,66,23229.699589
1285.511911,61,23229.996226
1320.483684,66,23230.304226
1241.668956,63,23230.589226
1284.55866,58,23230.862226
1300.663714,71,23231.183877
1240.053903,55,23231.438877
1332.407702,65,23231.738877
1322.897914,71,23232.068483
1193.168355,43,23232.298483
1303.947878,65,23232.597482
1322.887556,73,23232.956093
1342.625413,67,23233.293094
1270.741132,63,23233.576095
1310.220774,62,23233.863093
1265.603694,54,23234.138716
1326.871711,65,23234.468714
1288.511852,59,23234.755714
1172.213721,44,23234.977252
1273.070546,68,23235.282252
1166.34777,41,23235.497252
1187.566617,45,23235.723252
1301.308522,59,23236.018883
1178.370044,44,23236.243882
1224.691238,52,23236.497883
1330.355657,77,23236.864882
1208.033533,55,23237.134505
1240.372174,54,23237.392508
1340.863199,71,23237.751506
1132.556429,37,23237.946141
1197.689587,48,23238.183141
1304.196972,71,23238.53614
105.873613,43,23238.75414
1265.476847,55,23239.027788
1214.585965,48,23239.262787
1211.062587,43,23239.487787
1188.526623,46,23239.717787
1247.291294,51,23239.976401
1250.001817,55,23240.241924
1236.455649,52,23240.496924
1223.095534,48,23240.742925
1327.352364,72,23241.072556
1233.996465,53,23241.326558
1229.220708,51,23241.569557
1240.51942,61,23241.870557
1205.452593,42,23242.090195
1223.210479,47,23242.335196
1220.856811,63,23242.646196
1224.954133,49,23242.898196
1294.129798,74,23243.232746
1336.78805,75,23243.604746
1230.948971,53,23243.851747
1186.301779,46,23244.078365
1313.137277,72,23244.438365
1295.91041,58,23244.712365
1158.471132,38,23244.914365
1326.329414,73,23245.248016
1172.540575,44,23245.471016
1210.568636,48,23245.712016
1301.291502,65,23246.004646
1211.971418,54,23246.255647
1328.446431,71,23246.585648
1120.390746,34,23246.768646
1324.799943,68,23247.081298
1169.148433,40,23247.2963
1271.55761,77,23247.646298
1330.151223,64,23247.943932
1193.898153,38,23248.147932
1194.881265,46,23248.378937
1250.672304,52,23248.647932
1268.10613,67,23248.950509
1261.910394,56,23249.23151
1205.279923,48,23249.47651
1111.775109,34,23249.661509
1193.000229,42,23249.883508
1273.205682,55,23250.167117
1263.645189,57,23250.454117
1322.134619,66,23250.787118
1233.254261,53,23251.044737
1263.815667,55,23251.321736
1307.336096,68,23251.661738
1319.98105,74,23251.997382
1207.334023,53,23252.255381
1298.936528,77,23252.604381
1367.712135,75,23252.988022
1271.837991,58,23253.262022
1287.934093,60,23253.552022
1266.443736,54,23253.827022
1226.775625,59,23254.121649
107.559065,45,23305.25349
1232.307468,54,23305.509315
1172.349806,42,23305.727316
1278.601681,65,23306.022859
1319.329969,62,23306.336859
1141.805226,35,23306.524859
1332.31743,61,23306.808859
1240.652967,70,23307.127491
1341.562567,69,23307.44249
1214.357759,52,23307.704489
1326.324351,67,23308.04208
1175.507451,41,23308.25808
1339.75174,68,23308.59808
1256.564626,53,23308.85208
1193.485499,49,23309.091703
1307.227948,66,23309.406703
1227.346271,57,23309.682703
1254.874104,72,23310.009337
1234.605595,51,23310.268798
1276.879097,57,23310.537798
1325.609893,72,23310.866798
1243.468254,52,23311.116423
1321.702042,67,23311.460467
1342.237336,75,23311.829426
1273.08581,59,23312.124981
1207.232648,52,23312.385981
1332.214139,71,23312.722983
1305.357766,64,23313.04458
1330.724494,69,23313.389567
1276.933875,65,23313.681566
1308.015828,62,23313.995193
1185.166295,43,23314.218194
1313.032011,62,23314.508193
1292.107209,71,23314.829194
1295.844984,61,23315.135802
1240.347052,65,23315.442803
1285.712486,63,23315.757802
1242.672743,57,23316.037389
1216.703534,53,23316.298344
1233.767269,53,23316.563346
1303.396536,66,23316.875344
1193.465804,48,23317.112977
1228.849676,78,23317.464974
1250.020092,57,23317.726975
1268.706576,55,23317.994603
1310.487511,60,23318.279604
1181.396575,46,23318.515603
1289.148001,67,23318.815603
1320.678101,69,23319.156217
1189.058225,44,23319.380218
1252.058363,64,23319.696218
1317.406884,64,23320.017828
1235.357316,53,23320.269827
1285.943305,71,23320.591827
1225.882209,53,23320.847827
1346.635445,68,23321.157444
1303.22697,61,23321.464446
1212.559258,46,23321.707444
1135.47295,36,23321.898444
1317.088599,66,23322.221031
1160.450761,37,23322.421031
1340.570706,74,23322.75803
1288.235589,57,23323.037651
1315.174583,67,23323.345651
1277.448186,68,23323.658651
1182.063897,42,23323.878651
1361.446233,71,23324.24328
1298.761748,60,23324.551277
1216.687491,59,23324.826279
1220.254998,54,23325.089813
1300.631899,64,23325.411813
1162.485509,41,23325.625813
1291.89425,68,23325.948436
1195.509225,51,23326.199436
1220.65007,46,23326.44044
1296.828632,71,23326.788436
1237.533745,63,23327.097003
1220.284683,52,23327.353001
1272.519021,76,23327.697002
147.676134,49,23327.993607
202.99879,58,23328.30369
94.877482,39,23328.53669
213.293735,72,23328.913323
156.173237,56,23329.242327
250.79815,69,23329.636328
162.407978,62,23329.973961
163.466959,55,23330.273962
138.131823,51,23330.561965
196.175119,55,23330.874979
116.622694,49,23331.15761
69.583001,37,23331.38961
130.380855,52,23331.680612
180.583859,65,23332.041224
234.416385,62,23332.411224
116.33148,45,23332.689224
86.150933,42,23332.948101
168.087351,64,23333.2921
259.708889,70,23333.6771
96.035892,42,23333.93769
106.938713,44,23334.197691
162.140424,51,23382.954525
210.4276,58,23383.282525
173.619805,60,23383.607525
227.9908,72,23384.015145
169.557641,78,23384.437145
171.645405,56,23384.764145
75.644244,35,23384.979693
186.153228,61,23385.310692
98.638613,44,23385.567693
226.287954,76,23385.961337
122.140938,46,23386.233337
159.388385,53,23386.557337
169.663616,51,23386.850354
196.266642,56,23387.176968
258.779632,68,23387.58601
204.62548,58,23387.895967
222.020031,74,23388.284539
204.845271,58,23388.620539
133.365145,47,23388.887539
170.1221,51,23389.186163
122.27042,50,23389.466167
211.885805,60,23389.793163
197.097858,57,23390.128804
159.233344,50,23390.402804
196.318914,56,23390.734804
137.862275,47,23391.011385
199.876303,66,23391.393384
230.981573,61,23391.758384
202.879441,58,23392.106016
243.593412,72,23392.500016
117.115485,43,23392.767016
231.280705,61,23393.132721
117.043852,53,23393.447721
141.775854,47,23393.736721
125.868595,47,23394.02036
202.671644,66,23394.394361
174.775652,54,23394.71336
141.777177,45,23394.991003
201.340303,62,23395.348003
69.060215,39,23395.590004
177.082347,53,23395.902004
108.649478,46,23396.168651
113.214808,48,23396.450651
204.545439,72,23396.841651
164.406608,50,23397.132301
112.748402,42,23397.393301
101.737786,43,23397.654301
166.829014,56,23397.984895
69.793119,38,23398.217875
220.627418,68,23398.589874
190.28068,55,23398.921502
125.702253,49,23399.214503
148.01666,48,23399.501504
196.113534,77,23399.917125
180.009373,52,23400.230125
202.481495,57,23400.540125
99.755401,43,23400.796125
141.178169,55,23401.106657
176.914766,62,23401.431657
176.475682,54,23401.744657
262.664828,68,23402.148277
232.461677,62,23402.498277
222.975561,62,23402.856277
157.510237,50,23403.13483
169.584847,53,23403.442824
164.120386,58,23403.761824
129.581412,53,23404.07432
149.923496,49,23404.37632
271.259781,75,23404.818321
120.445376,55,23405.132963
233.434176,60,23405.462963
135.326498,51,23405.772963
251.860342,70,23406.173589
87.62482,38,23406.414589
140.937843,48,23406.697589
237.642443,70,23407.090209
250.381969,66,23407.487211
122.600139,54,23407.78821
109.318495,50,23408.08486
227.609175,70,23408.482857
144.098711,59,23408.829856
148.28519,62,23409.176436
213.888675,58,23409.505434
124.922839,47,23409.791434
133.176344,78,23410.213066
254.452261,65,23410.595065
137.629801,52,23410.887066
120.766833,40,23411.136715
198.770369,72,23411.528715
142.62696,56,23411.849715
250.334037,65,23412.248379
198.439763,58,23412.606374
165.081683,50,23412.902376
194.665146,62,23413.259911
168.209991,50,23413.562911
205.805032,64,23413.929524
151.247451,50,23414.200523
161.898787,62,23414.552525
270.361306,72,23414.946141
48.178735,35,23415.15014
112.605582,42,23466.496455
201.732282,58,23466.835456
144.045315,53,23467.127025
182.734769,57,23467.434025
220.32132,59,23467.748026
184.275376,57,23468.080656
197.696487,58,23468.422656
170.979923,59,23468.758656
134.571576,48,23469.03227
164.801784,52,23469.339271
248.716439,65,23469.719043
193.010344,60,23470.073665
207.814701,59,23470.426665
117.473282,46,23470.692667
146.63555,48,23470.961262
148.361451,49,23471.245262
164.797796,51,23471.557262
158.311629,50,23471.85226
232.08923,62,23472.16826
224.617732,62,23472.490263
183.473253,56,23472.79026
190.957989,63,23473.103907
199.567293,75,23473.477906
169.884196,55,23473.791906
187.507246,55,23474.09153
204.69774,76,23474.49953
186.985788,53,23474.81253
134.205555,47,23475.090149
230.348056,60,23475.408149
151.34939,49,23475.692149
171.463587,52,23476.007771
169.791537,52,23476.303769
228.906703,62,23476.676769
175.478089,51,23476.970297
158.838113,58,23477.297297
103.563883,50,23477.594297
235.592667,67,23477.959949
193.109269,65,23478.312949
187.254681,58,23478.663213
209.857639,60,23479.024834
195.389057,59,23479.359834
175.672391,75,23479.763835
79.261523,40,23479.995446
162.843627,53,23480.276447
105.28516,43,23480.529447
222.184456,60,23480.881447
202.726476,65,23481.263093
159.791119,49,23481.559095
116.068338,49,23481.852171
93.776426,41,23482.104789
66.466832,37,23482.336789
140.431709,53,23482.64179
168.1969,50,23482.940414
238.130765,65,23483.325415
159.62137,48,23483.602415
183.406555,62,23483.972702
131.751758,53,23484.280702
173.831717,55,23484.592702
162.792252,52,23484.897703
165.752581,53,23485.216333
97.806123,38,23485.438333
185.252051,58,23485.761333
168.27254,59,23486.093958
181.101482,62,23486.429958
127.225767,50,23486.731958
261.955842,69,23487.134593
106.777317,44,23487.388597
231.600671,60,23487.717593
204.314679,74,23488.119227
149.0865,46,23488.399228
177.41861,57,23488.718227
164.403617,54,23489.019902
107.73285,41,23489.276902
87.071904,41,23489.529902
195.986213,65,23489.902902
192.24613,54,23490.226521
168.799483,59,23490.568519
227.613001,63,23490.948153
130.136551,50,23491.222153
91.438895,41,23491.463153
182.238662,52,23491.747153
53.132707,34,23491.964687
198.229053,59,23492.296686
239.920656,62,23492.624686
158.538892,57,23492.923327
228.981901,63,23493.298327
196.703329,56,23493.632326
91.789702,42,23493.885326
104.725052,44,23494.152943
246.696412,69,23494.558943
181.191748,63,23494.918943
207.278955,59,23495.272477
101.564001,43,23495.527477
195.186293,74,23495.924108
63.260225,33,23496.136108
172.783806,55,23496.473109
136.663464,48,23496.751107
184.139928,61,23497.10173
164.296773,59,23497.42773
154.776009,50,23497.706732
141.345311,59,23545.633544
181.101742,75,23546.03216
105.46369,50,23546.328512
228.550145,62,23546.685512
239.818917,65,23547.05816
241.86028,66,23547.439135
136.068493,55,23547.762135
78.314889,43,23548.022781
112.511185,51,23548.323781
184.383385,60,23548.65855
142.296148,46,23548.942168
248.207627,74,23549.345167
183.015663,55,23549.682168
198.544807,61,23550.016694
110.799671,48,23550.304694
100.933473,41,23550.560696
175.944945,51,23550.864694
124.582024,47,23551.143324
102.546417,41,23551.397322
204.935612,56,23551.710322
223.541883,60,23552.048968
252.149044,67,23552.439966
116.60384,42,23552.702966
118.65969,47,23552.971548
149.498296,56,23553.279548
234.191335,71,23553.65055
250.856823,74,23554.071181
231.025579,75,23554.47418
128.213008,44,23554.74618
263.106994,71,23555.161812
89.994532,41,23555.41081
162.290215,54,23555.709831
170.115033,56,23556.04544
182.142404,56,23556.36044
225.574896,62,23556.708439
231.49643,69,23557.069988
218.893561,60,23557.410989
106.788907,46,23557.684988
256.373512,73,23558.116615
236.852879,62,23558.469616
161.703182,52,23558.77178
107.833759,81,23559.210426
213.964807,59,23559.530427
125.266018,47,23559.810426
193.350762,56,23560.127046
178.595851,55,23560.456046
219.940882,70,23560.853047
66.808903,37,23561.089587
258.037663,69,23561.466587
212.701951,62,23561.835587
95.457254,40,23562.087232
219.169911,57,23562.403229
77.649093,38,23562.638229
146.229147,51,23562.931892
174.512447,53,23563.251892
162.14621,59,23563.575891
183.683536,60,23563.932419
141.723925,55,23564.250419
147.103987,47,23564.534419
202.767607,56,23564.855419
129.717204,46,23565.124946
230.293798,63,23565.490946
231.383461,65,23565.876947
197.883785,57,23566.216565
135.276524,50,23566.515565
199.670806,59,23566.843567
154.577775,50,23567.1422
133.822827,52,23567.4332
187.798436,56,23567.744931
142.78008,50,23568.03858
126.829667,45,23568.31258
218.908526,62,23568.69258
141.263618,53,23568.99019
112.025178,43,23569.25619
139.469815,55,23569.58419
249.521944,65,23569.975804
52.206826,33,23570.187804
197.453703,56,23570.520804
129.692921,47,23570.784808
41.912182,31,23570.987386
112.823382,39,23571.234387
93.459174,39,23571.481208
227.347723,64,23571.865205
229.871984,62,23572.229852
66.944988,38,23572.469852
228.553674,63,23572.817852
107.7276,44,23573.087124
190.861489,57,23573.413126
158.593649,50,23573.719126
113.385199,45,23573.995713
141.513383,51,23574.27971
216.14506,58,23574.596709
191.996232,59,23574.952343
192.55695,67,23575.311344
171.124398,52,23575.604343
164.929427,51,23575.913962
250.433529,70,23576.326963
220.597279,63,23576.691962
138.833697,51,23576.996584
245.10356,73,23577.418583
251.052377,69,23628.613101
133.961922,47,23628.9031
142.222872,49,23629.200926
127.352555,49,23629.475926
132.160284,47,23629.752926
137.785151,47,23630.030513
85.727924,43,23630.286512
95.332939,43,23630.546511
123.113937,45,23630.815512
257.934651,68,23631.215097
154.050889,53,23631.532098
152.652687,60,23631.883098
205.561457,56,23632.214727
159.883091,49,23632.487727
182.42796,54,23632.809727
195.269238,62,23633.175349
179.618153,57,23633.485348
181.15375,55,23633.81335
238.138005,68,23634.203966
171.866321,76,23634.615967
224.330545,64,23634.991597
175.939302,58,23635.310596
172.540078,54,23635.630596
104.532326,41,23635.886596
116.141926,49,23636.16919
106.244337,48,23636.455193
222.091559,66,23636.84519
206.839678,58,23637.190801
86.537157,41,23637.443804
98.490639,45,23637.7098
106.474311,39,23637.950417
150.668824,56,23638.280418
149.481833,57,23638.620418
158.583275,59,23638.969052
95.591906,43,23639.233052
182.957823,57,23639.559052
203.119575,76,23639.974589
126.828676,47,23640.253588
164.281745,61,23640.58759
156.370547,50,23640.879589
147.027213,55,23641.197204
121.198479,49,23641.470202
141.402324,50,23641.745202
142.431077,50,23642.028836
196.686944,61,23642.352836
188.029875,59,23642.675837
91.266919,40,23642.918376
222.93029,66,23643.283376
218.109795,64,23643.637376
235.939771,65,23644.012925
165.483974,56,23644.321924
94.903264,42,23644.580925
153.299345,59,23644.926538
180.510749,58,23645.256538
97.845684,43,23645.520539
115.648811,44,23645.78154
130.247445,44,23646.052102
174.161523,53,23646.372102
109.507839,43,23646.637102
91.17429,41,23646.885102
228.617233,69,23647.28771
237.572524,74,23647.719711
227.528549,64,23648.097328
140.367918,47,23648.372328
204.695058,56,23648.684328
148.317999,48,23648.959952
143.414129,49,23649.244952
226.875686,72,23649.636952
213.346443,65,23649.993516
166.579206,60,23650.335516
147.62169,55,23650.642516
188.860083,59,23650.966143
72.957208,36,23651.194143
216.839288,65,23651.568143
177.829469,53,23651.868143
200.342201,58,23652.216781
256.480652,67,23652.609782
158.473432,50,23652.898782
89.955336,40,23653.150403
109.598247,44,23653.402405
171.43156,57,23653.709405
218.506425,59,23654.048039
169.069199,55,23654.367432
204.323668,62,23654.714429
264.848981,71,23655.139068
230.624756,67,23655.510066
240.230418,62,23655.850068
118.7755,44,23656.117687
233.311551,72,23656.544687
207.150733,72,23656.93232
177.87689,60,23657.288318
112.967115,45,23657.54332
211.836052,56,23657.830318
207.55917,58,23658.135463
52.872834,36,23658.345463
45.57774,33,23658.545466
157.352891,50,23658.838463
94.429697,40,23659.081109
214.683048,73,23659.466109
91.473173,41,23659.717109
196.263326,61,23708.506576
92.353614,38,23708.742576
196.221744,56,23709.065234
167.472016,52,23709.367234
48.812195,35,23709.590233
163.025404,51,23709.872233
163.76389,54,23710.167775
247.475499,65,23710.505773
150.070783,49,23710.781773
114.440636,44,23711.0354
168.767549,50,23711.308261
214.649461,58,23711.625262
228.097278,65,23712.003888
191.529533,59,23712.346888
136.150421,51,23712.625889
161.991384,56,23712.952526
197.231776,61,23713.284527
106.822359,46,23713.556525
222.363517,70,23713.942063
149.777358,49,23714.241063
228.631895,66,23714.639063
223.742536,67,23715.040856
215.624357,61,23715.400854
266.625755,78,23715.861854
212.462039,60,23716.209487
119.038543,46,23716.479487
159.606161,60,23716.809484
135.043057,48,23717.088113
225.516737,69,23717.453114
169.07679,51,23717.747113
152.251466,57,23718.049731
205.418584,55,23718.342731
166.14951,52,23718.642731
134.382732,49,23718.928389
114.041095,46,23719.195389
116.051627,80,23719.616387
206.342296,64,23719.967919
140.470646,49,23720.267918
193.150833,56,23720.594917
210.249856,58,23720.938581
134.78641,46,23721.20658
103.502318,48,23721.48658
213.83834,64,23721.86558
41.938346,33,23722.078207
106.112508,39,23722.321207
204.525883,58,23722.665207
239.795113,68,23723.064843
209.129367,64,23723.443842
89.10471,36,23723.669893
117.726314,50,23723.960475
194.235138,64,23724.321444
195.730124,54,23724.610443
42.638256,33,23724.825444
86.427301,42,23725.078984
106.013807,43,23725.346984
234.798862,72,23725.746984
239.040924,70,23726.162616
173.832072,52,23726.457919
171.408987,56,23726.770919
116.271993,46,23727.049546
106.257482,45,23727.318547
218.339306,62,23727.664549
118.186214,47,23727.943115
179.892989,64,23728.318125
171.896333,62,23728.674115
73.892991,37,23728.892116
129.70604,57,23729.214653
92.421903,42,23729.475655
227.206737,59,23729.783652
156.561793,58,23730.091288
79.659757,39,23730.338288
119.679655,45,23730.596289
177.11872,55,23730.920721
221.627503,70,23731.285722
209.133304,60,23731.607723
241.795672,63,23731.939349
222.054164,63,23732.29635
242.027865,67,23732.66635
83.498387,41,23732.918904
105.893668,49,23733.204904
102.515918,48,23733.493906
195.199575,55,23733.824908
183.751567,56,23734.167447
128.378566,45,23734.442447
110.679677,46,23734.715447
164.521134,64,23735.092578
146.262575,48,23735.382578
177.398561,57,23735.699578
279.258374,73,23736.13422
175.382917,56,23736.44922
126.020865,43,23736.71222
53.851232,35,23736.926762
200.35985,67,23737.276762
72.295911,35,23737.492762
145.197011,54,23737.792762
96.654758,43,23738.053325
172.243225,54,23738.338325
278.389314,76,23738.775325
168.374423,56,23739.082893
234.824872,65,23739.470893
94.716794,45,23790.718954
181.983824,54,23791.022584
198.25237,55,23791.316583
242.398635,75,23791.717583
162.611928,77,23792.121225
173.82438,54,23792.446222
233.756236,63,23792.823224
86.815496,39,23793.057807
220.227924,62,23793.403807
99.506438,42,23793.644808
191.82948,55,23793.96344
192.864581,63,23794.32544
142.755795,50,23794.613441
226.634761,65,23794.956077
169.393726,62,23795.286075
236.881195,65,23795.661075
102.939112,49,23795.939707
217.553253,66,23796.312294
129.543393,47,23796.594295
203.349639,58,23796.920925
155.175368,47,23797.194925
168.633663,52,23797.508925
147.07596,49,23797.809926
218.086482,62,23798.170487
220.27973,58,23798.487487
206.689279,58,23798.842487
176.023008,61,23799.180014
139.609676,54,23799.499014
196.307027,58,23799.842014
223.836898,58,23800.1616
121.85198,46,23800.445898
53.150568,33,23800.659898
258.214168,68,23801.028528
198.277933,57,23801.367527
235.081666,63,23801.732527
47.87534,35,23801.949159
114.601764,49,23802.227159
189.73802,56,23802.568159
165.849785,53,23802.887159
38.718442,32,23803.095689
138.750942,56,23803.427689
196.462241,61,23803.770689
140.739512,48,23804.046335
175.614699,52,23804.329335
156.758527,59,23804.636335
62.363945,36,23804.876335
198.362628,69,23805.241893
253.976101,69,23805.620893
181.246786,67,23805.982426
180.983817,60,23806.308424
259.72091,66,23806.664424
146.690468,54,23806.983955
142.005411,49,23807.267955
221.655561,62,23807.608955
244.238993,62,23807.945575
175.703861,60,23808.269575
97.660992,49,23808.559575
95.638107,43,23808.820576
195.938858,55,23809.129105
90.73909,41,23809.368104
91.829836,41,23809.608104
242.29097,69,23809.997765
194.824944,60,23810.323728
169.566914,51,23810.639729
214.224907,66,23811.008364
201.669258,65,23811.382401
245.989848,74,23811.804363
126.119297,46,23812.085908
170.557506,58,23812.434908
223.222851,67,23812.812908
154.63806,60,23813.154536
175.800251,59,23813.483536
129.98767,43,23813.754536
233.694981,63,23814.107087
173.001326,54,23814.42508
148.24293,57,23814.770077
219.424943,62,23815.151748
97.916556,43,23815.412749
103.978054,48,23815.699748
226.149318,64,23816.085281
92.35485,42,23816.328281
166.080997,51,23816.621281
204.865791,58,23816.958849
200.160879,57,23817.280849
134.255677,47,23817.566849
163.18734,61,23817.898849
234.922953,75,23818.310481
241.011975,62,23818.65448
121.225954,47,23818.929117
123.73987,47,23819.210117
144.928055,52,23819.520453
247.627091,67,23819.875453
223.791184,65,23820.226043
1195.63236,45,23820.463046
1274.475684,65,23820.787044
1234.71294,53,23821.042688
1220.407004,49,23821.294687
137.319005,47,23821.526685
1254.556353,52,23821.775686
1126.79807,37,23821.972255
1233.106014,57,23869.591938
1205.149175,48,23869.836938
1248.415998,52,23870.10248
113.90419,83,23870.479042
1328.696089,68,23870.814042
1257.968498,63,23871.116666
1206.699273,47,23871.358665
1236.318371,52,23871.614665
159.873778,51,23871.861665
1320.185617,63,23872.154259
1354.607148,80,23872.551258
1311.287552,60,23872.826258
1326.913997,69,23873.172914
234.345278,63,23873.465914
144.99383,55,23873.746914
164.436276,52,23873.991554
1296.997182,70,23874.323555
88.817437,42,23874.543063
1315.605591,76,23874.889062
1304.080631,61,23875.188592
89.62946,43,23875.408595
87.212634,42,23875.622591
1165.228237,41,23875.834592
1177.797467,42,23876.057222
1265.218042,56,23876.343221
1349.828284,77,23876.728221
1226.151812,49,23876.982763
1283.244165,61,23877.265762
176.059428,53,23877.521762
1227.381319,54,23877.771763
1207.389478,46,23878.015373
84.046081,42,23878.232373
1330.128421,69,23878.578372
1254.223892,57,23878.870372
1190.25897,45,23879.103026
142.428141,50,23879.367026
1178.453944,42,23879.593025
108.589338,86,23879.993618
1245.488922,50,23880.244617
1256.553988,54,23880.522618
1322.878639,65,23880.82262
1339.209628,77,23881.203238
1233.611622,48,23881.449238
1172.960696,43,23881.673239
1280.67222,60,23881.980835
1154.235791,40,23882.188835
1294.654451,73,23882.521835
1304.556038,64,23882.839834
1211.07286,50,23883.08146
1220.922184,51,23883.333455
1211.533725,47,23883.576455
1302.777949,64,23883.901458
1188.160317,48,23884.14709
1195.915104,43,23884.37509
1337.762245,75,23884.74809
251.295435,65,23885.04472
1315.887303,72,23885.378719
1306.891696,67,23885.717719
1361.497637,74,23886.093344
1362.23773,77,23886.482345
64.765198,38,23886.683345
1318.473519,65,23886.98797
1190.427169,44,23887.22197
1248.734596,51,23887.483972
1239.017745,53,23887.739971
1306.172468,62,23888.035518
1197.966298,46,23888.269517
1292.959489,63,23888.596518
1200.998024,43,23888.823518
1267.441797,65,23889.119091
1230.168739,49,23889.373581
59.614172,38,23889.575581
1286.531451,60,23889.877582
1198.997373,48,23890.121207
1284.420064,60,23890.433208
1223.993786,49,23890.684209
1203.796601,46,23890.923845
1217.690711,50,23891.183845
1314.076628,68,23891.535845
1212.007628,47,23891.773844
1179.781979,41,23891.993483
1299.576965,65,23892.29247
1308.793189,64,23892.619469
1235.003018,57,23892.90447
1215.785799,42,23893.127115
1205.108182,51,23893.375113
1295.916081,63,23893.692113
1282.308132,59,23893.978688
1244.280988,52,23894.249688
1211.405576,53,23894.514688
1202.348269,57,23894.800688
1161.505839,41,23895.017309
1246.351194,53,23895.292309
1247.485616,72,23895.619312
1163.389937,43,23895.839309
1304.578083,66,23896.172957
1292.352304,68,23896.481957
1147.046725,38,23896.683957
1218.118242,58,23896.975518
1176.005727,42,23897.201518
1249.264353,63,23947.632616
1316.513,73,23947.959195
1294.418219,81,23948.327194
1309.323509,71,23948.656194
1305.952207,67,23948.977822
1199.562124,49,23949.220822
1309.204824,64,23949.516821
1327.900364,66,23949.851821
1131.718771,35,23950.043455
1325.650058,74,23950.409455
1207.200203,45,23950.643455
1207.726359,48,23950.889456
1293.251668,62,23951.204118
1337.011567,69,23951.550118
1299.778188,59,23951.823119
1179.716783,41,23952.040806
1223.931755,50,23952.297762
1260.110219,59,23952.566761
1308.070859,65,23952.866761
1253.650894,53,23953.137406
1302.559347,62,23953.454406
1269.56566,56,23953.740387
1265.674627,59,23954.028977
1224.033749,54,23954.296978
1330.567794,68,23954.608977
121.141221,44,23954.827977
1309.311974,64,23955.141353
1234.191746,52,23955.403352
1276.915809,61,23955.706352
1295.25301,69,23956.045958
1352.768239,70,23956.389957
1314.013755,69,23956.719957
102.477559,43,23956.937606
1282.714191,59,23957.218607
1305.429504,68,23957.555607
1301.252653,62,23957.845606
1289.396263,59,23958.147224
1194.098215,47,23958.386222
1333.192077,69,23958.732223
1288.688264,60,23959.016782
1291.350938,58,23959.291779
1246.89178,52,23959.541779
1282.016564,59,23959.845778
1292.196106,61,23960.161502
1330.06122,76,23960.500503
1295.002475,60,23960.803502
1345.097827,76,23961.169129
1355.469382,71,23961.534129
1312.542424,65,23961.864132
1223.197687,50,23962.110668
70.032957,40,23962.319669
1178.636426,41,23962.539668
1308.324011,68,23962.857668
1228.647866,56,23963.130304
1262.645505,55,23963.410306
1277.21792,56,23963.676304
1330.657893,76,23964.033954
1214.010664,57,23964.320955
1267.12915,54,23964.575953
1283.775632,63,23964.860953
1282.508743,58,23965.156572
1122.626524,36,23965.347574
1341.516617,77,23965.727572
1209.06742,48,23965.972197
1324.511378,68,23966.291197
1207.617795,49,23966.535197
1246.201035,64,23966.827197
1245.67623,56,23967.093731
1269.35185,61,23967.384731
1176.156739,44,23967.608731
1271.533358,73,23967.93336
1331.247522,64,23968.22636
1295.422685,61,23968.53836
1297.501316,64,23968.848361
1241.524828,51,23969.109997
1245.027588,53,23969.380997
1168.680156,40,23969.591997
1109.776318,33,23969.773997
1311.398294,68,23970.097621
1288.898436,59,23970.375621
1343.754438,69,23970.690622
1345.17509,68,23970.998279
1253.772785,57,23971.288254
1150.732765,40,23971.499254
1350.441946,70,23971.857253
143.454809,48,23972.094871
124.935477,44,23972.312871
1183.6923,44,23972.541871
1298.484566,75,23972.886871
1195.901232,47,23973.122508
1283.39162,58,23973.396509
1320.866086,70,23973.717506
1148.689411,36,23973.913132
132.326051,48,23974.149134
1264.854358,54,23974.423132
1293.837738,60,23974.721131
1274.42972,57,23975.010729
1254.201686,64,23975.31073
1255.343859,53,23975.56973
1350.452549,76,23975.941368
1250.526024,53,24024.098593
1225.177703,54,24024.371592
1309.574215,66,24024.679592
1292.733178,67,24024.985176
1220.924731,57,24025.259165
1279.146841,59,24025.557165
1292.399389,60,24025.856165
1249.530661,52,24026.121749
1318.734172,71,24026.447747
1232.811048,83,24026.822747
1265.475811,79,24027.182378
1285.69783,64,24027.499377
1276.257169,58,24027.795377
1311.338697,69,24028.129026
1201.504308,48,24028.368025
1209.307217,48,24028.615023
1238.103947,58,24028.902024
1209.422274,48,24029.14864
1326.202185,65,24029.44464
1327.872749,64,24029.736641
1337.01519,69,24030.080284
1199.544842,46,24030.322284
1208.401141,40,24030.533284
1261.408548,61,24030.824284
1220.759711,52,24031.083905
1295.913964,60,24031.384905
1130.154568,34,24031.573905
1165.975082,38,24031.777905
1306.844331,63,24032.102442
1302.821281,65,24032.398443
1293.950415,61,24032.699443
1293.551321,60,24033.004066
1200.944878,45,24033.242065
1339.500736,68,24033.575065
1149.185852,36,24033.771065
1294.432952,64,24034.09269
1251.059644,58,24034.38069
1271.093191,62,24034.68769
1180.424747,44,24034.916313
120.841564,46,24035.147313
195.258451,57,24035.414313
1300.626511,72,24035.738313
1208.496701,50,24035.98894
1251.617662,53,24036.262955
1237.407266,53,24036.534961
1325.164842,65,24036.870956
1246.755277,52,24037.128522
1306.104014,70,24037.453521
1215.342539,86,24037.84452
1311.038726,70,24038.179163
1322.901439,65,24038.478172
1191.857708,45,24038.710172
1201.725015,46,24038.946714
1321.696894,66,24039.274714
1295.171683,67,24039.584112
1145.991379,39,24039.796433
1294.542694,58,24040.067078
1202.723409,49,24040.311078
1141.358111,37,24040.511078
1290.114748,60,24040.810078
1248.417343,52,24041.057706
1290.492854,60,24041.354709
1281.176038,59,24041.66071
1246.184807,56,24041.94134
1303.943302,68,24042.25734
1268.665331,56,24042.54834
1305.842413,63,24042.872377
1171.061943,45,24043.101989
1260.235969,62,24043.398988
1304.999215,66,24043.706989
1324.187134,63,24043.997613
1269.078172,55,24044.263613
95.165493,41,24044.474613
1244.132882,52,24044.741613
175.003159,73,24045.073249
1293.470958,69,24045.41625
1270.439201,56,24045.702252
1259.23876,59,24045.971795
1308.487343,71,24046.294795
1331.096482,72,24046.624815
1205.112301,47,24046.868851
1242.011389,55,24047.126496
1294.020245,66,24047.457496
1236.309984,49,24047.711498
1232.360243,56,24047.982123
1311.414563,62,24048.271122
101.256261,44,24048.495158
1298.098894,65,24048.817121
1322.687103,64,24049.112652
1287.975244,59,24049.412549
1301.5373,74,24049.739549
1307.700631,63,24050.045172
1289.49423,63,24050.340172
1296.632227,60,24050.636172
1255.96897,70,24050.951797
1221.441479,53,24051.217799
1346.5238,74,24051.578797
1347.012839,66,24051.877797
1269.493154,66,24052.205364
1316.614943,65,24052.531364
1264.678478,55,24102.659405
1293.03834,62,24102.945973
1277.457814,57,24103.219973
1229.649883,51,24103.481973
1227.634638,51,24103.735973
1314.406234,63,24104.030583
1309.066215,64,24104.352583
104.548072,43,24104.568584
1235.356459,52,24104.833583
1283.606073,68,24105.168126
1198.13161,48,24105.411126
1156.699032,36,24105.605127
1323.296989,70,24105.927753
1213.358104,52,24106.172754
1342.385811,70,24106.531756
1288.881073,65,24106.846756
1193.986618,42,24107.067392
1262.877472,54,24107.34339
1301.978579,62,24107.657391
1310.020753,60,24107.934024
1284.323699,59,24108.233024
1227.355196,58,24108.521022
1326.927268,71,24108.845022
1303.456568,64,24109.165649
1198.128851,45,24109.400649
1339.5269,68,24109.741649
1290.153692,61,24110.046255
1240.229498,50,24110.304255
1307.481936,63,24110.619072
1202.603635,46,24110.854073
1275.644118,79,24111.211615
1269.126215,71,24111.529615
1258.638012,58,24111.816615
1331.912281,71,24112.163241
1339.061901,68,24112.510423
1250.736783,64,24112.810423
1147.272938,39,24113.017037
1256.675805,54,24113.294039
1348.815878,71,24113.656039
1176.379227,44,24113.881037
1305.509944,66,24114.186685
1207.072402,48,24114.428685
1174.08204,43,24114.650685
1235.270336,53,24114.908233
1218.032545,47,24115.151231
1344.309156,73,24115.514231
1300.168962,71,24115.839232
1225.708254,50,24116.08386
1294.65296,66,24116.396765
1159.604905,40,24116.609765
1287.333114,65,24116.923401
1245.567375,56,24117.194403
1188.728867,44,24117.422401
1233.546105,49,24117.674401
1237.645321,50,24117.932042
1277.073591,55,24118.193044
1331.926869,76,24118.540042
1257.320602,53,24118.813042
1276.797813,58,24119.110673
1161.749732,42,24119.330674
1133.539659,36,24119.528677
1313.285525,63,24119.851673
1218.794949,50,24120.096298
1190.38457,45,24120.33302
1290.31097,58,24120.607022
1215.206883,51,24120.858021
1224.486213,51,24121.106654
1219.579655,50,24121.350652
1232.864626,52,24121.601652
1126.374994,35,24121.793653
1282.680521,56,24122.055285
1279.645722,63,24122.368285
1317.299332,63,24122.659284
1205.106764,51,24122.910814
1198.977898,47,24123.147814
1298.846478,67,24123.479815
1281.499523,60,24123.754815
1192.626666,45,24123.984442
1234.510478,49,24124.238445
1168.726598,41,24124.457445
1274.429905,58,24124.748446
1262.636877,61,24125.028088
1263.560088,55,24125.305571
1336.093413,68,24125.615571
1255.62332,62,24125.920193
1312.228954,66,24126.252193
1281.530986,59,24126.547193
1231.53888,50,24126.799193
1308.66699,65,24127.129847
1330.142669,77,24127.481846
1201.169456,46,24127.719846
1180.835679,42,24127.942406
1235.682143,52,24128.194406
1313.580655,71,24128.543406
1265.313775,57,24128.829408
1298.986636,58,24129.096936
1233.170651,50,24129.352936
1158.641723,37,24129.552936
1223.951627,49,24129.800936
1333.206586,64,24130.091578
1306.340294,65,24176.680811
1217.752382,50,24176.930454
1262.614402,54,24177.186454
132.057874,47,24177.417454
1339.388559,75,24177.772455
1192.399102,43,24177.998004
1216.390101,48,24178.244004
1269.333448,55,24178.504004
1353.813229,80,24178.897004
1325.45079,68,24179.239618
1183.250724,44,24179.472618
1236.860889,51,24179.736618
1277.738377,60,24180.041186
1270.113722,61,24180.345186
1296.224166,66,24180.660187
1335.157397,73,24180.99376
1265.004377,64,24181.30776
1285.721643,62,24181.598759
1239.998765,49,24181.847759
1287.355912,73,24182.174402
1250.005188,54,24182.445401
1252.423553,54,24182.722404
1237.911265,51,24182.983051
1267.60311,57,24183.276051
1219.703842,52,24183.532051
1194.64332,47,24183.76605
1277.645336,61,24184.068716
1283.90129,77,24184.418715
1195.552952,44,24184.645715
1251.843029,54,24184.923342
1242.97599,50,24185.180342
1372.466979,79,24185.571345
1207.465048,48,24185.811344
1318.912794,72,24186.166781
1290.325003,75,24186.505781
1270.673244,56,24186.777781
1271.560957,57,24187.064441
1213.771849,46,24187.303442
1309.387694,64,24187.619441
1289.427496,58,24187.888441
1320.134697,68,24188.230058
1276.950274,59,24188.535058
1283.329412,60,24188.837058
1349.091676,73,24189.197696
1152.396247,36,24189.393698
1160.079691,40,24189.607696
1203.42467,47,24189.846696
1224.151504,57,24190.125348
1295.130488,69,24190.438348
1193.667322,43,24190.662348
1287.444723,61,24190.94688
113.316075,44,24191.16688
1253.589417,79,24191.52288
1352.469441,75,24191.89688
1274.852564,76,24192.239515
1325.476108,71,24192.567517
1311.808618,75,24192.911515
1161.899524,41,24193.130161
1195.20321,47,24193.372161
1176.927637,39,24193.579162
110.14186,44,24193.800161
1329.632022,66,24194.122813
1268.021544,62,24194.430812
1214.351025,52,24194.678812
1223.079884,49,24194.926362
1209.980768,47,24195.160365
1272.367856,58,24195.456362
1113.032075,33,24195.637362
1295.94713,62,24195.922928
1302.895489,63,24196.226928
1329.998137,64,24196.520653
1214.069957,52,24196.771653
1313.628741,64,24197.090261
1172.88439,43,24197.310261
101.728945,42,24197.52426
1248.594801,53,24197.797262
1190.575285,40,24198.009812
1262.58392,54,24198.267812
1230.252992,58,24198.547812
1257.130989,54,24198.818812
1205.373057,47,24199.049451
1334.812873,68,24199.355451
1286.293566,72,24199.678452
1293.153257,58,24199.949989
1274.545415,61,24200.250989
1264.092186,57,24200.537989
1242.063805,54,24200.808989
1314.1515,73,24201.147601
1347.830729,74,24201.513602
1331.457221,68,24201.835601
1269.785254,57,24202.126238
1220.522,53,24202.385239
1126.713086,34,24202.571239
1300.768377,60,24202.848238
1322.396779,72,24203.174866
1312.939092,66,24203.507867
1255.980074,61,24203.796868
1326.567121,67,24204.137506
1275.123786,65,24204.448507
1326.683777,69,24204.771508
1353.585704,77,24254.998954
1164.215205,42,24255.211954
1209.101015,46,24255.459954
1171.243352,41,24255.673954
1316.321288,68,24256.01856
1279.362733,61,24256.30156
1290.820752,63,24256.59256
61.011584,38,24256.79056
1183.416923,43,24257.017099
1310.18272,64,24257.343099
1273.953603,78,24257.694099
1209.637823,50,24257.945666
124.646916,83,24258.319666
1334.23498,70,24258.669666
1310.183486,64,24258.96626
1254.248042,54,24259.23526
1310.61969,65,24259.55526
1286.131584,61,24259.863261
1288.715212,66,24260.17579
1309.424007,62,24260.490789
1307.488755,62,24260.80579
1322.962736,66,24261.147412
1254.227184,54,24261.418411
147.082981,85,24261.804411
1267.036217,78,24262.155055
1353.359308,76,24262.531056
1206.753178,49,24262.773055
1332.456711,67,24263.111693
1271.553661,62,24263.418693
1293.229411,65,24263.740693
1312.558897,66,24264.07232
1338.521587,71,24264.432324
1293.537584,61,24264.74632
1288.266386,59,24265.052865
1312.879661,66,24265.372866
1225.718651,53,24265.640865
1287.658011,63,24265.934477
1290.958318,67,24266.255144
1186.51245,40,24266.468144
1288.211774,78,24266.831145
1295.265551,64,24267.127757
1312.030436,70,24267.445757
1239.645458,53,24267.715758
1248.251886,54,24267.989369
1324.558506,63,24268.28137
1358.974586,80,24268.674369
1327.66219,69,24268.988929
1310.79147,67,24269.313931
1293.527643,66,24269.647931
1301.580851,62,24269.951555
1301.447769,58,24270.219555
1182.220335,38,24270.422556
1246.918584,60,24270.701555
1259.946811,55,24270.974171
1168.659212,41,24271.19217
1280.699549,77,24271.547171
1331.041843,72,24271.904171
1275.334255,57,24272.178704
1272.202307,66,24272.501704
1363.835578,74,24272.869704
1323.738758,66,24273.171348
1226.335009,54,24273.435352
1317.861777,76,24273.774348
1265.494996,60,24274.067974
1336.645794,73,24274.426974
1260.075371,60,24274.709974
1280.088612,63,24275.021568
1211.00032,54,24275.288567
1299.673747,69,24275.603567
1298.989817,61,24275.911197
1227.813401,53,24276.168201
1291.761795,70,24276.4862
1197.935135,49,24276.7292
1169.333332,41,24276.948851
1300.960042,64,24277.250844
1329.854104,69,24277.598844
1262.722342,54,24277.871844
1320.592155,65,24278.173465
1314.559639,65,24278.501464
1181.709466,46,24278.734462
1280.449895,56,24278.997089
1243.182065,61,24279.300089
1239.517898,55,24279.56509
1231.912524,50,24279.824089
1295.094154,66,24280.149726
1205.765123,51,24280.407726
1303.33334,65,24280.733727
1265.602278,81,24281.109342
1309.876488,77,24281.452343
1298.451054,65,24281.751342
1228.939673,55,24282.024965
1279.501572,58,24282.318964
76.070463,87,24282.715966
127.350906,47,24282.949496
1345.024729,73,24283.309496
1299.107431,63,24283.632497
